53.11 703.71 663.97 3.00 11.00 20.00 8.36 6.96 25.56 12.57
45.96 803.95 660.24 5.00 12.00 10.00 8.29 8.01 21.92 11.21
47.67 746.02 726.10 8.00 15.00 6.00 7.95 8.50 7.25 10.48
63.26 505.28 994.14 9.00 12.00 8.00 7.69 8.78 7.23 11.29
66.35 478.05 949.71 9.00 10.00 23.00 7.95 7.99 6.84 11.21
76.89 331.41 1149.23 10.00 6.00 29.00 8.05 8.34 4.64 15.27
66.83 460.08 995.07 9.00 14.00 29.00 7.76 8.32 6.31 15.28
70.59 386.77 1054.11 15.00 15.00 31.00 7.39 8.36 5.39 13.09
77.89 302.04 1178.34 13.00 11.00 32.00 7.69 8.46 5.19 15.35
69.33 420.32 1039.39 13.00 13.00 31.00 7.69 8.38 5.18 13.88
68.43 417.86 1080.04 13.00 14.00 21.00 7.41 8.83 5.72 9.91
52.83 595.03 814.28 12.00 23.00 15.00 7.04 8.63 9.30 10.27
51.37 583.26 787.83 13.00 20.00 15.00 6.70 8.59 10.49 10.01
48.57 658.39 753.45 6.00 18.00 14.00 7.13 8.66 11.24 5.94
36.63 831.62 533.37 6.00 24.00 14.00 7.31 8.14 13.57 6.60
43.65 722.15 634.77 9.00 22.00 13.00 7.14 8.13 14.84 7.54
39.39 782.43 648.31 11.00 24.00 7.00 7.20 9.22 10.11 6.43
48.69 689.27 761.37 15.00 17.00 12.00 7.51 8.77 8.91 6.12
49.76 696.04 815.35 15.00 17.00 10.00 7.75 9.19 8.48 6.17
44.70 759.05 724.10 18.00 19.00 9.00 7.68 9.09 4.74 5.73
47.20 694.28 788.41 19.00 20.00 9.00 7.36 9.37 5.91 5.69
47.24 697.24 773.19 18.00 20.00 12.00 7.39 9.18 6.21 4.65
44.02 749.54 687.22 15.00 19.00 12.00 7.48 8.75 7.35 6.50
44.33 727.55 667.60 13.00 20.00 17.00 7.29 8.42 10.18 7.29
47.22 667.81 703.72 15.00 21.00 17.00 7.07 8.34 9.22 6.93
47.31 634.45 704.60 13.00 23.00 16.00 6.73 8.33 9.40 7.38
50.65 599.82 734.88 12.00 20.00 17.00 6.79 8.11 9.39 7.67
36.56 708.53 518.77 9.00 33.00 13.00 6.22 7.94 13.98 6.20
39.93 640.68 519.54 13.00 34.00 20.00 5.95 7.29 11.85 5.67
30.31 733.73 426.55 11.00 43.00 10.00 5.87 7.90 14.55 4.77
33.89 689.19 426.26 9.00 42.00 16.00 5.81 7.04 16.47 6.37
40.13 613.41 462.45 10.00 40.00 27.00 5.71 6.44 16.12 10.87
43.26 564.39 454.47 9.00 39.00 34.00 5.55 5.87 11.01 11.66
55.67 476.16 623.01 12.00 28.00 44.00 6.00 6.25 10.50 10.52
53.15 517.81 611.25 8.00 31.00 44.00 6.16 6.41 6.45 12.27
