57.10 1747.05 2448.08 25.00 45.00 64.00 7.58 7.98 14.09 12.92
55.04 1849.20 2467.87 26.00 45.00 55.00 7.65 8.35 13.64 12.53
54.06 1879.93 2437.91 27.00 50.00 52.00 7.61 8.40 10.18 12.39
58.75 1648.02 2668.44 31.00 47.00 53.00 7.44 8.46 9.89 11.99
58.06 1678.35 2678.17 33.00 48.00 51.00 7.45 8.60 9.52 11.47
59.47 1615.78 2725.04 37.00 46.00 56.00 7.43 8.54 8.91 11.06
55.99 1739.38 2599.07 37.00 51.00 54.00 7.36 8.66 8.81 10.69
54.62 1804.27 2531.72 39.00 53.00 54.00 7.41 8.65 8.72 10.48
53.91 1828.13 2500.22 38.00 55.00 55.00 7.39 8.65 9.06 10.60
53.41 1839.98 2447.71 40.00 55.00 56.00 7.36 8.55 9.01 9.64
50.61 1949.84 2416.03 39.00 57.00 40.00 7.35 8.91 9.27 7.84
48.62 2012.27 2243.26 40.00 60.00 44.00 7.29 8.61 9.95 7.96
49.45 1947.18 2307.50 43.00 58.00 42.00 7.17 8.71 9.42 7.80
46.86 2051.96 2182.14 37.00 61.00 39.00 7.18 8.68 9.78 6.78
44.83 2125.98 2056.66 37.00 65.00 40.00 7.17 8.56 9.89 6.85
42.48 2127.91 1927.53 36.00 75.00 38.00 6.88 8.46 11.53 6.93
41.11 2173.72 1855.52 39.00 77.00 39.00 6.87 8.43 10.39 6.23
41.11 2150.91 1855.52 39.00 80.00 39.00 6.79 8.43 11.26 6.23
43.62 2053.18 1945.33 39.00 81.00 43.00 6.78 8.32 11.37 6.54
44.05 2006.98 1891.15 41.00 82.00 52.00 6.68 8.01 10.45 7.87
47.04 1858.63 1977.76 40.00 80.00 60.00 6.53 7.84 10.47 8.18
46.49 1882.38 1915.42 39.00 81.00 69.00 6.55 7.68 10.56 7.89
45.70 1910.02 1818.02 36.00 84.00 76.00 6.54 7.41 10.92 8.37
