48.06 534.93 362.36 1.00 7.00 18.00 8.59 6.29 0.00 0.00
30.64 698.65 271.66 1.00 11.00 6.00 8.41 7.41 20.72 0.00
47.58 511.08 461.19 3.00 10.00 4.00 8.15 8.10 10.13 12.57
61.86 352.88 614.93 5.00 7.00 6.00 7.76 8.31 8.13 11.21
55.53 403.72 565.93 7.00 9.00 4.00 7.61 8.54 7.25 8.68
71.33 257.60 767.78 8.00 6.00 6.00 7.55 9.03 5.15 10.44
67.92 309.27 647.69 7.00 6.00 21.00 8.10 8.00 4.89 11.09
77.03 226.12 760.65 6.00 5.00 25.00 8.29 8.27 3.96 17.75
76.33 224.89 731.16 4.00 9.00 27.00 7.98 8.02 7.51 17.74
72.86 234.47 674.76 11.00 10.00 28.00 7.30 7.77 5.38 13.02
72.83 227.96 794.46 11.00 10.00 13.00 7.07 9.16 5.38 9.51
60.00 346.50 657.93 11.00 13.00 9.00 7.28 9.23 5.55 9.48
70.31 267.06 732.54 11.00 6.00 13.00 7.58 8.75 4.16 10.73
50.39 434.38 520.91 3.00 13.00 9.00 7.31 8.65 10.13 7.70
36.56 506.11 340.77 4.00 18.00 10.00 6.66 7.82 11.53 8.48
41.72 472.26 388.89 4.00 15.00 11.00 6.77 7.80 13.83 6.35
25.14 641.71 247.89 4.00 20.00 6.00 7.16 8.28 13.14 3.05
46.22 473.83 478.42 8.00 12.00 7.00 7.38 8.70 11.69 5.90
52.33 466.22 592.43 9.00 10.00 5.00 8.20 9.51 10.31 6.84
50.56 465.26 528.84 12.00 11.00 7.00 7.90 8.80 4.00 6.54
56.25 370.34 623.35 13.00 11.00 6.00 7.12 9.32 4.60 6.56
43.31 509.23 477.86 13.00 13.00 7.00 7.54 9.30 4.94 3.91
36.86 553.75 387.54 12.00 16.00 8.00 7.35 8.87 6.46 3.94
44.06 481.45 490.60 11.00 15.00 7.00 7.21 9.35 7.10 4.82
43.72 519.65 464.75 9.00 12.00 7.00 7.74 8.91 8.31 7.32
50.00 434.11 472.34 7.00 12.00 15.00 7.27 7.91 12.69 8.76
56.28 343.88 538.66 9.00 11.00 14.00 6.60 8.02 10.01 8.23
43.42 446.44 408.82 8.00 16.00 11.00 6.61 7.90 9.87 5.95
46.81 403.03 435.20 9.00 18.00 13.00 6.35 7.80 5.71 6.20
32.39 462.42 342.21 7.00 28.00 3.00 5.72 8.88 13.49 5.17
32.78 493.52 280.57 7.00 24.00 10.00 6.14 7.20 15.00 5.05
24.50 533.33 194.30 5.00 32.00 9.00 5.90 6.68 18.93 5.15
31.14 433.25 230.04 6.00 34.00 13.00 5.26 6.21 13.99 6.64
48.78 350.94 352.50 9.00 23.00 25.00 5.74 6.06 11.62 11.24
51.81 325.90 370.13 5.00 23.00 27.00 5.65 5.97 3.42 14.19
70.42 205.30 538.67 8.00 13.00 37.00 5.83 6.39 4.76 12.01
61.67 323.06 465.56 6.00 13.00 37.00 7.06 6.31 6.89 8.50
