55.07 2072.55 2640.68 27.00 51.00 68.00 7.72 8.03 14.24 12.39
54.29 2099.09 2713.75 31.00 52.00 57.00 7.69 8.38 13.78 11.99
55.44 2020.65 2838.33 34.00 54.00 53.00 7.60 8.58 9.52 11.75
58.23 1863.46 2951.39 38.00 52.00 58.00 7.48 8.50 9.13 11.35
56.71 1908.17 2901.09 39.00 55.00 56.00 7.39 8.58 8.94 10.86
56.82 1909.57 2920.30 43.00 54.00 58.00 7.42 8.62 8.49 10.50
53.30 2063.32 2764.13 43.00 60.00 57.00 7.41 8.71 8.65 10.11
54.67 1992.28 2827.06 44.00 60.00 59.00 7.37 8.68 8.77 10.05
54.35 2023.92 2799.90 41.00 58.00 59.00 7.43 8.65 9.16 10.60
52.56 2086.09 2624.71 42.00 60.00 66.00 7.37 8.38 9.74 9.89
50.97 2097.99 2655.00 45.00 66.00 50.00 7.17 8.75 9.43 7.66
47.95 2212.61 2475.51 46.00 71.00 45.00 7.12 8.67 9.35 7.61
48.44 2203.12 2503.72 46.00 67.00 45.00 7.16 8.68 9.29 7.69
44.46 2314.05 2292.09 38.00 78.00 41.00 6.97 8.65 11.12 6.79
42.96 2363.63 2141.00 41.00 81.00 47.00 6.94 8.37 11.14 6.65
40.85 2399.22 2011.88 40.00 90.00 45.00 6.79 8.27 12.10 6.72
40.61 2369.39 2001.22 41.00 95.00 45.00 6.68 8.28 11.28 6.45
44.14 2230.99 2123.68 44.00 88.00 57.00 6.69 8.08 10.97 7.66
46.01 2184.33 2169.77 42.00 86.00 64.00 6.78 7.92 10.93 8.00
46.59 2132.19 2161.66 44.00 87.00 71.00 6.69 7.79 10.23 7.97
47.92 2050.54 2218.89 43.00 88.00 77.00 6.59 7.77 10.39 8.27
