59.97 1163.79 1660.03 12.00 25.00 49.00 8.11 7.72 16.73 14.53
58.28 1190.81 1714.35 20.00 27.00 41.00 7.97 8.22 14.09 12.94
62.78 1048.31 1904.44 21.00 26.00 38.00 7.88 8.47 6.36 13.70
66.30 925.59 2033.67 22.00 25.00 40.00 7.69 8.57 6.17 13.34
67.39 895.92 2029.86 22.00 24.00 44.00 7.69 8.42 6.32 13.07
64.86 926.44 1963.67 22.00 29.00 44.00 7.37 8.46 7.80 13.07
59.10 1043.34 1783.13 22.00 34.00 44.00 7.13 8.43 9.02 12.68
59.58 1045.16 1807.63 21.00 33.00 45.00 7.22 8.48 9.05 12.67
57.26 1133.65 1711.81 19.00 35.00 46.00 7.41 8.36 11.18 13.11
56.49 1142.74 1674.16 22.00 35.00 44.00 7.33 8.29 10.69 11.71
53.91 1200.29 1728.36 24.00 38.00 28.00 7.27 8.97 10.34 8.51
50.76 1284.37 1575.65 27.00 40.00 27.00 7.29 8.70 9.87 8.26
50.56 1279.30 1603.78 28.00 37.00 25.00 7.23 8.88 9.45 8.22
46.64 1417.51 1477.54 24.00 38.00 23.00 7.41 8.87 9.82 6.42
41.92 1526.09 1321.78 25.00 44.00 23.00 7.33 8.84 10.01 6.32
45.44 1419.38 1408.32 27.00 42.00 25.00 7.26 8.67 10.21 6.46
41.70 1531.97 1335.98 26.00 43.00 19.00 7.33 8.97 8.53 6.49
46.51 1417.18 1428.97 28.00 37.00 29.00 7.40 8.60 9.50 6.69
48.49 1363.92 1519.07 30.00 38.00 27.00 7.40 8.77 8.92 6.56
46.01 1393.50 1428.69 31.00 42.00 25.00 7.21 8.70 7.40 6.55
48.93 1294.16 1523.29 31.00 41.00 26.00 7.08 8.72 7.68 6.70
41.90 1405.77 1292.40 27.00 53.00 25.00 6.75 8.64 10.16 6.18
41.97 1391.29 1206.76 28.00 53.00 32.00 6.69 8.06 10.49 6.13
37.32 1461.29 1094.15 24.00 63.00 27.00 6.50 8.21 12.43 6.29
40.56 1357.07 1129.98 24.00 64.00 33.00 6.37 7.79 12.78 6.75
43.72 1247.93 1167.05 23.00 63.00 43.00 6.19 7.46 12.91 9.07
46.95 1164.28 1189.35 21.00 59.00 51.00 6.12 7.07 12.88 9.60
46.11 1185.14 1141.78 21.00 61.00 57.00 6.13 6.92 12.92 8.99
46.54 1159.40 1130.80 21.00 65.00 64.00 6.05 6.79 12.00 9.33
