62.98 1240.94 2107.21 21.00 27.00 54.00 8.03 8.01 13.76 13.70
58.85 1376.66 2078.98 22.00 30.00 44.00 8.01 8.46 13.15 13.34
62.33 1238.22 2190.02 23.00 30.00 46.00 7.88 8.41 6.32 13.28
62.33 1174.12 2190.02 23.00 35.00 46.00 7.47 8.41 8.25 13.28
59.69 1212.13 2085.15 24.00 38.00 46.00 7.20 8.37 9.20 12.68
62.02 1150.45 2196.20 25.00 34.00 49.00 7.26 8.48 8.63 12.29
55.91 1368.84 1975.72 24.00 40.00 48.00 7.43 8.47 10.14 12.09
57.86 1295.04 2053.51 26.00 40.00 47.00 7.36 8.51 10.16 11.93
58.78 1274.38 2112.24 26.00 39.00 47.00 7.40 8.61 10.14 12.10
56.08 1358.18 1957.11 29.00 40.00 49.00 7.41 8.37 9.57 10.80
52.58 1430.11 1951.28 30.00 45.00 33.00 7.22 8.90 9.46 7.98
48.22 1578.16 1770.92 33.00 48.00 29.00 7.30 8.82 9.20 7.69
47.50 1603.24 1768.84 34.00 46.00 28.00 7.31 8.94 9.16 7.64
47.85 1605.51 1772.88 29.00 45.00 28.00 7.36 8.89 9.75 6.30
44.26 1721.88 1621.46 28.00 47.00 27.00 7.39 8.79 10.02 7.04
45.37 1665.49 1585.32 29.00 47.00 35.00 7.29 8.38 11.03 7.28
43.49 1680.13 1574.96 32.00 52.00 29.00 7.11 8.69 8.92 6.46
45.86 1617.51 1661.23 34.00 48.00 30.00 7.15 8.69 8.72 6.37
47.19 1619.86 1715.29 33.00 47.00 30.00 7.34 8.72 8.79 6.52
42.70 1655.59 1538.65 32.00 59.00 27.00 6.91 8.65 9.74 6.61
45.67 1531.81 1607.64 35.00 57.00 33.00 6.75 8.45 9.82 6.46
39.65 1677.08 1376.75 31.00 68.00 32.00 6.65 8.34 11.17 5.94
41.13 1586.96 1352.45 30.00 71.00 38.00 6.45 7.89 11.64 6.46
42.19 1541.37 1362.31 29.00 71.00 45.00 6.38 7.74 11.89 8.34
44.40 1488.22 1354.42 27.00 69.00 54.00 6.40 7.31 11.98 8.81
47.40 1373.15 1437.56 26.00 68.00 62.00 6.24 7.26 12.35 8.98
48.22 1356.20 1430.48 24.00 67.00 68.00 6.26 7.10 12.47 9.48
