59.03 1012.98 1312.65 10.00 17.00 41.00 8.28 7.44 17.90 11.67
59.13 971.16 1457.26 12.00 24.00 33.00 7.96 8.25 7.36 14.53
68.94 706.01 1744.28 20.00 20.00 36.00 7.65 8.48 6.36 13.45
68.22 727.14 1727.84 20.00 20.00 42.00 7.69 8.50 5.50 13.14
61.36 808.15 1519.21 17.00 29.00 42.00 7.01 8.30 10.04 13.93
51.11 1059.57 1327.93 17.00 34.00 27.00 7.26 8.72 11.47 8.79
51.76 1049.49 1380.85 22.00 30.00 20.00 7.29 8.96 10.42 8.85
44.48 1202.15 1156.72 19.00 35.00 20.00 7.25 8.74 10.62 6.89
38.38 1336.18 1036.30 23.00 40.00 15.00 7.26 9.09 8.28 5.45
47.34 1215.76 1280.10 24.00 29.00 17.00 7.74 9.09 8.53 6.63
50.83 1038.22 1327.07 28.00 32.00 23.00 7.09 8.77 7.64 6.77
45.13 1153.64 1122.42 24.00 37.00 25.00 7.05 8.36 8.18 6.41
41.44 1161.40 984.29 22.00 46.00 27.00 6.64 7.98 11.54 6.40
42.84 1033.14 964.92 18.00 54.00 30.00 6.05 7.55 14.03 7.37
44.68 967.49 889.67 18.00 57.00 47.00 5.85 6.68 12.42 9.42
45.00 1012.25 891.82 15.00 55.00 54.00 6.16 6.64 13.48 10.11
