58.62 963.76 1561.45 13.00 26.00 25.00 7.80 8.91 8.41 15.39
43.48 1162.77 1144.48 12.00 50.00 19.00 6.88 8.82 13.82 7.23
44.42 1055.13 1065.28 11.00 55.00 24.00 6.35 8.03 16.06 8.07
45.75 952.01 983.84 10.00 59.00 37.00 5.86 7.20 16.83 12.25
44.87 949.71 961.28 14.00 62.00 33.00 5.76 7.18 14.37 10.93
52.61 770.55 1042.50 14.00 56.00 48.00 5.44 6.63 15.08 13.05
68.91 518.78 1281.74 16.00 32.00 76.00 5.60 6.22 6.65 16.10
76.02 393.05 1221.10 14.00 26.00 111.00 5.50 5.37 6.29 28.46
78.78 292.79 1139.08 12.00 29.00 136.00 4.63 4.83 5.79 30.47
92.07 68.20 1188.07 5.00 16.00 186.00 2.89 4.31 6.51 43.75
93.61 28.35 1024.87 3.00 16.00 209.00 1.49 3.65 7.01 69.00
84.72 132.81 965.00 2.00 30.00 182.00 2.90 3.80 6.75 85.05
69.56 450.62 843.80 3.00 37.00 141.00 4.95 4.05 12.59 80.97
66.40 578.29 977.73 4.00 33.00 111.00 5.76 4.92 10.15 7.29
66.40 578.29 937.76 4.00 33.00 104.00 5.76 4.72 10.15 31.48
62.28 615.90 890.46 5.00 40.00 98.00 5.46 4.78 10.42 49.14
