53.79 1469.73 2091.64 18.00 69.00 53.00 6.65 8.13 13.59 15.08
50.23 1560.67 1934.13 23.00 74.00 51.00 6.56 8.06 12.85 9.90
46.83 1635.00 1791.61 24.00 80.00 45.00 6.43 8.01 12.52 9.74
48.57 1568.02 1783.69 23.00 79.00 51.00 6.37 7.69 13.01 10.50
51.56 1438.06 1802.84 23.00 76.00 59.00 6.21 7.32 13.12 11.37
53.86 1288.10 1807.11 23.00 77.00 70.00 5.84 7.02 13.29 11.93
56.20 1223.29 1779.28 21.00 74.00 88.00 5.84 6.62 14.07 14.78
60.03 1127.81 1763.58 19.00 69.00 113.00 5.90 6.14 13.69 19.83
63.29 999.75 1796.44 18.00 67.00 128.00 5.70 5.93 13.40 25.25
63.00 909.36 1704.68 18.00 76.00 140.00 5.14 5.65 13.76 25.16
66.39 798.90 1669.12 17.00 72.00 164.00 4.97 5.25 14.07 26.87
70.95 689.61 1751.29 17.00 59.00 189.00 4.97 5.15 6.92 29.55
77.20 540.43 1835.20 17.00 46.00 212.00 4.97 4.96 6.92 33.53
80.79 449.75 1764.94 16.00 38.00 238.00 4.91 4.56 6.67 39.48
82.31 411.21 1762.74 15.00 37.00 244.00 4.87 4.47 6.91 46.58
82.56 375.62 1775.97 13.00 36.00 243.00 4.51 4.49 7.09 53.06
80.55 403.95 1760.54 13.00 45.00 233.00 4.35 4.56 8.93 52.63
80.51 422.36 1748.47 7.00 41.00 237.00 4.53 4.53 10.87 61.37
78.73 500.66 1678.97 7.00 42.00 236.00 4.92 4.45 14.16 62.29
76.00 569.12 1608.12 7.00 47.00 230.00 4.96 4.42 13.14 63.67
75.02 606.64 1604.11 7.00 49.00 227.00 5.08 4.46 12.90 63.85
75.64 599.94 1564.09 5.00 47.00 237.00 5.15 4.32 9.77 66.40
75.64 599.94 1491.22 5.00 47.00 240.00 5.15 4.11 9.77 67.40
75.64 599.94 1453.72 5.00 47.00 242.00 5.15 4.01 9.77 70.46
73.72 634.05 1432.26 6.00 51.00 231.00 5.04 4.05 10.42 71.58
