59.89 744.76 1291.13 11.00 20.00 21.00 7.78 9.02 8.93 15.89
57.75 793.84 1231.76 11.00 20.00 21.00 7.86 8.93 8.54 7.75
50.97 904.30 1100.58 12.00 24.00 16.00 7.72 9.05 8.41 7.06
46.86 910.95 956.75 10.00 35.00 16.00 7.17 8.55 9.12 7.68
40.73 925.98 804.08 9.00 46.00 14.00 6.53 8.27 15.33 8.08
39.40 859.90 770.38 8.00 52.00 16.00 5.93 8.19 17.60 7.98
41.05 833.66 758.74 7.00 51.00 22.00 5.91 7.73 18.85 8.66
42.68 822.92 746.80 7.00 52.00 24.00 5.99 7.31 17.88 8.73
47.69 724.97 800.44 7.00 49.00 32.00 5.79 7.02 17.06 12.56
42.71 766.83 702.15 12.00 54.00 30.00 5.60 6.89 15.57 11.70
42.69 730.70 690.87 12.00 56.00 29.00 5.33 6.78 15.36 11.60
50.28 657.07 826.94 13.00 43.00 35.00 5.53 6.88 6.99 12.18
62.39 512.08 998.76 14.00 30.00 45.00 5.70 6.70 6.90 13.05
68.32 428.10 1036.73 15.00 24.00 54.00 5.67 6.35 6.28 13.57
71.35 389.56 1020.54 14.00 23.00 66.00 5.71 5.98 6.51 17.00
77.38 304.89 1016.50 12.00 17.00 89.00 5.66 5.49 6.60 23.03
78.89 274.63 996.00 11.00 18.00 96.00 5.47 5.28 4.42 30.64
83.29 142.43 1002.52 6.00 21.00 110.00 3.57 5.02 7.30 34.63
90.08 68.20 978.24 5.00 16.00 135.00 2.89 4.53 6.51 35.33
91.62 32.54 924.22 4.00 16.00 154.00 1.63 4.21 6.51 41.60
92.01 28.35 836.13 3.00 16.00 167.00 1.49 3.79 7.01 50.35
93.26 21.65 728.14 1.00 14.00 184.00 1.34 3.25 0.00 0.00
93.26 21.65 742.10 1.00 14.00 178.00 1.34 3.32 0.00 0.00
87.74 70.73 759.25 1.00 19.00 154.00 2.41 3.61 1.47 0.00
82.21 129.32 764.54 2.00 27.00 137.00 3.04 3.88 0.00 85.05
77.73 279.93 745.85 1.00 20.00 127.00 5.25 4.00 2.95 0.00
67.37 432.46 700.66 2.00 26.00 101.00 5.54 4.34 12.59 7.42
60.36 536.58 683.55 3.00 31.00 75.00 5.66 4.73 11.30 6.07
57.99 578.29 767.87 4.00 33.00 60.00 5.76 5.53 10.15 7.29
57.99 578.29 835.88 4.00 33.00 52.00 5.76 6.03 10.15 18.80
57.99 578.29 748.96 4.00 33.00 62.00 5.76 5.40 10.15 31.48
63.53 529.21 694.47 4.00 27.00 88.00 6.07 4.56 11.33 44.34
65.23 504.74 667.65 4.00 24.00 93.00 6.07 4.28 10.97 54.36
