52.25 1351.38 1866.54 15.00 61.00 38.00 6.76 8.53 14.66 14.41
50.35 1376.66 1762.02 16.00 65.00 40.00 6.62 8.37 14.04 7.55
48.73 1410.27 1630.78 17.00 67.00 44.00 6.57 8.00 13.59 10.16
45.98 1458.03 1483.81 21.00 73.00 41.00 6.45 7.72 13.34 10.32
45.75 1398.21 1451.21 21.00 76.00 40.00 6.16 7.59 13.21 10.34
48.21 1277.21 1489.40 20.00 75.00 49.00 5.89 7.39 13.82 11.07
50.66 1216.59 1496.30 19.00 72.00 57.00 5.89 7.06 14.50 12.22
54.32 1127.81 1536.50 19.00 69.00 66.00 5.90 6.76 13.69 12.76
58.80 996.25 1595.89 18.00 64.00 83.00 5.78 6.49 13.69 15.26
61.56 887.71 1546.82 17.00 62.00 108.00 5.52 6.00 14.08 20.61
64.68 780.74 1526.04 16.00 61.00 124.00 5.28 5.63 14.04 26.69
66.80 689.61 1529.59 17.00 59.00 135.00 4.97 5.47 6.92 25.89
73.94 540.43 1625.38 17.00 46.00 161.00 4.97 5.25 6.92 26.87
78.05 449.75 1643.38 16.00 38.00 187.00 4.91 5.02 6.67 30.40
79.78 411.21 1574.00 15.00 37.00 202.00 4.87 4.71 6.91 35.61
83.22 326.54 1517.62 13.00 31.00 226.00 4.66 4.35 7.06 43.10
84.84 292.79 1537.64 12.00 29.00 229.00 4.63 4.32 5.79 50.74
87.30 191.51 1604.14 6.00 26.00 232.00 3.61 4.38 7.03 64.43
87.27 179.36 1599.71 6.00 32.00 232.00 3.37 4.37 11.45 64.45
82.49 312.47 1448.46 5.00 36.00 227.00 4.26 4.19 11.65 68.49
76.80 460.81 1327.03 5.00 42.00 217.00 4.74 4.12 14.16 71.65
73.51 558.23 1290.47 4.00 45.00 209.00 5.03 4.19 10.55 74.24
72.16 599.94 1321.34 5.00 47.00 196.00 5.15 4.37 9.77 67.55
72.16 599.94 1336.86 5.00 47.00 190.00 5.15 4.42 9.77 66.40
72.91 596.45 1290.76 5.00 44.00 195.00 5.26 4.22 10.15 67.40
76.01 578.29 1295.99 4.00 33.00 210.00 5.76 4.07 10.15 44.34
73.06 615.90 1289.11 5.00 40.00 191.00 5.46 4.21 10.42 49.14
