55.62 1734.31 2604.11 27.00 82.00 73.00 6.54 7.83 12.46 14.28
56.20 1681.55 2551.72 28.00 82.00 82.00 6.42 7.60 12.21 11.02
56.20 1681.55 2426.22 28.00 82.00 95.00 6.42 7.23 12.21 13.13
58.20 1578.91 2328.48 26.00 81.00 119.00 6.32 6.69 12.60 17.43
60.22 1448.25 2286.38 25.00 81.00 135.00 6.09 6.35 12.61 22.06
60.40 1309.75 2192.05 24.00 91.00 149.00 5.53 6.07 13.07 22.40
62.27 1244.94 2122.91 22.00 88.00 173.00 5.52 5.70 13.79 24.15
65.33 1149.46 2143.14 20.00 83.00 199.00 5.54 5.48 13.40 27.48
68.47 1017.90 2149.35 19.00 78.00 219.00 5.40 5.24 13.40 31.90
70.40 909.36 2047.95 18.00 76.00 245.00 5.14 4.86 13.76 37.36
73.11 798.90 2067.68 17.00 72.00 257.00 4.97 4.72 14.07 43.87
74.55 738.69 2131.20 17.00 64.00 257.00 4.86 4.77 6.90 47.09
76.81 651.59 2246.84 18.00 62.00 258.00 4.71 4.88 8.66 45.86
75.72 729.68 2167.62 17.00 58.00 260.00 5.03 4.78 9.27 47.00
72.79 843.67 2064.90 17.00 63.00 252.00 5.19 4.74 11.28 47.28
72.41 863.12 2079.96 16.00 62.00 251.00 5.24 4.80 11.34 48.31
72.59 871.08 2116.88 16.00 62.00 247.00 5.32 4.87 11.70 47.87
76.52 720.72 2181.74 10.00 54.00 268.00 5.13 4.76 12.45 54.58
79.24 646.49 2125.93 9.00 49.00 290.00 5.21 4.48 13.20 57.47
79.86 610.83 1998.60 8.00 49.00 310.00 5.07 4.18 13.20 63.15
77.95 644.25 1915.49 8.00 56.00 307.00 4.89 4.10 12.16 67.53
