67.19 517.72 1107.81 8.00 9.00 16.00 8.82 9.19 4.80 17.98
60.58 553.64 1015.22 9.00 12.00 16.00 7.85 9.35 4.83 4.73
50.11 685.30 830.26 10.00 18.00 12.00 7.67 9.26 8.93 4.59
50.35 691.20 781.43 9.00 19.00 11.00 7.77 8.67 9.20 8.43
49.81 667.51 760.18 9.00 20.00 11.00 7.42 8.53 9.27 7.92
45.44 620.14 662.46 7.00 31.00 14.00 6.34 8.15 10.20 8.52
35.01 704.51 497.54 5.00 42.00 12.00 6.04 7.94 17.86 9.35
35.65 699.61 499.76 4.00 44.00 12.00 6.05 7.82 20.17 7.90
42.07 606.63 575.34 4.00 41.00 17.00 5.83 7.62 19.79 5.66
40.48 582.82 530.04 5.00 45.00 19.00 5.45 7.30 19.17 7.39
45.74 505.97 530.04 5.00 43.00 28.00 5.19 6.46 19.61 14.49
44.81 547.08 527.06 11.00 37.00 25.00 5.53 6.57 6.82 11.97
52.43 472.23 647.13 12.00 30.00 26.00 5.54 6.89 6.65 11.60
59.94 417.21 719.02 12.00 22.00 33.00 5.82 6.69 6.71 12.63
63.46 382.86 737.56 12.00 21.00 35.00 5.86 6.49 6.87 13.60
69.83 304.89 789.42 12.00 17.00 42.00 5.66 6.31 6.60 11.85
73.61 271.14 795.44 11.00 15.00 51.00 5.76 6.03 4.63 16.71
86.70 120.78 844.67 5.00 7.00 78.00 5.08 5.42 6.46 27.14
94.00 50.04 835.17 4.00 5.00 95.00 4.71 4.94 1.30 39.44
88.83 32.54 702.51 4.00 16.00 100.00 1.63 4.40 6.51 41.01
89.35 28.35 626.31 3.00 16.00 116.00 1.49 3.90 7.01 43.68
91.02 21.65 606.57 1.00 14.00 133.00 1.34 3.71 0.00 0.00
91.02 21.65 553.36 1.00 14.00 136.00 1.34 3.38 0.00 0.00
91.02 21.65 500.90 1.00 14.00 137.00 1.34 3.06 0.00 0.00
92.78 18.15 541.64 1.00 11.00 133.00 1.40 3.24 0.00 0.00
92.64 49.08 601.52 0.00 5.00 122.00 3.72 3.61 0.00 0.00
83.51 111.16 621.40 1.00 16.00 97.00 3.75 4.14 0.00 0.00
70.30 279.93 523.89 1.00 20.00 72.00 5.25 4.15 2.95 0.00
56.47 432.46 490.80 2.00 26.00 50.00 5.54 4.85 12.59 7.42
47.11 536.58 562.27 3.00 31.00 24.00 5.66 6.66 11.30 6.07
43.96 578.29 579.08 4.00 33.00 18.00 5.76 7.35 10.15 7.29
51.35 529.21 577.60 4.00 27.00 36.00 6.07 6.27 11.33 18.80
60.50 467.13 526.15 3.00 17.00 57.00 6.59 4.85 11.33 35.63
73.72 298.01 550.14 3.00 13.00 83.00 6.33 4.16 2.78 49.73
80.65 183.06 588.46 3.00 14.00 90.00 5.28 4.06 3.12 58.90
