58.62 963.76 1561.45 13.00 26.00 25.00 7.80 8.91 8.41 15.39
53.48 1013.59 1407.07 12.00 36.00 26.00 7.29 8.81 8.70 7.23
43.48 1162.77 1144.48 12.00 50.00 19.00 6.88 8.82 13.82 7.23
41.74 1150.71 1064.66 11.00 56.00 18.00 6.60 8.54 15.68 7.34
44.42 1055.13 1065.28 11.00 55.00 24.00 6.35 8.03 16.06 8.07
44.28 983.21 1017.41 11.00 60.00 28.00 5.90 7.70 16.20 8.42
45.75 952.01 983.84 10.00 59.00 37.00 5.86 7.20 16.83 12.25
44.02 1006.93 918.91 14.00 61.00 35.00 6.02 6.99 15.00 12.07
44.87 949.71 961.28 14.00 62.00 33.00 5.76 7.18 14.37 10.93
47.50 876.82 1002.03 14.00 60.00 40.00 5.58 7.06 14.93 11.85
52.61 770.55 1042.50 14.00 56.00 48.00 5.44 6.63 15.08 13.05
58.91 667.96 1144.65 16.00 45.00 56.00 5.44 6.50 6.65 13.15
68.91 518.78 1281.74 16.00 32.00 76.00 5.60 6.22 6.65 16.10
74.66 428.10 1263.82 15.00 24.00 101.00 5.67 5.66 6.28 21.93
76.02 393.05 1221.10 14.00 26.00 111.00 5.50 5.37 6.29 28.46
76.51 326.54 1174.35 13.00 31.00 121.00 4.66 5.13 7.06 28.54
78.78 292.79 1139.08 12.00 29.00 136.00 4.63 4.83 5.79 30.47
86.63 142.43 1224.23 6.00 21.00 164.00 3.57 4.72 7.30 37.06
92.07 68.20 1188.07 5.00 16.00 186.00 2.89 4.31 6.51 43.75
93.30 32.54 1045.78 4.00 16.00 205.00 1.63 3.74 6.51 55.94
93.61 28.35 1024.87 3.00 16.00 209.00 1.49 3.65 7.01 69.00
90.20 70.73 986.49 1.00 19.00 201.00 2.41 3.65 1.47 0.00
84.72 132.81 965.00 2.00 30.00 182.00 2.90 3.80 6.75 85.05
76.79 301.58 903.58 2.00 34.00 159.00 4.34 3.93 5.53 81.93
69.56 450.62 843.80 3.00 37.00 141.00 4.95 4.05 12.59 80.97
68.29 536.58 905.51 3.00 31.00 130.00 5.66 4.43 11.30 6.07
66.40 578.29 977.73 4.00 33.00 111.00 5.76 4.92 10.15 7.29
66.40 578.29 957.16 4.00 33.00 103.00 5.76 4.82 10.15 18.80
66.40 578.29 937.76 4.00 33.00 104.00 5.76 4.72 10.15 31.48
66.40 578.29 952.75 4.00 33.00 104.00 5.76 4.79 10.15 44.34
62.28 615.90 890.46 5.00 40.00 98.00 5.46 4.78 10.42 49.14
