51.10 1222.23 1605.35 13.00 52.00 28.00 6.97 8.76 13.82 15.30
48.11 1253.35 1514.99 13.00 57.00 28.00 6.73 8.78 14.86 6.98
46.09 1291.92 1405.67 14.00 59.00 29.00 6.68 8.51 14.66 7.44
45.42 1274.02 1311.70 14.00 64.00 30.00 6.50 8.06 14.70 7.86
47.78 1173.48 1290.38 14.00 63.00 39.00 6.26 7.54 14.65 10.98
45.13 1167.22 1189.52 18.00 69.00 39.00 5.93 7.36 14.23 10.93
43.72 1176.74 1144.67 17.00 72.00 38.00 5.83 7.31 14.66 11.20
47.80 1116.92 1218.78 16.00 67.00 45.00 5.96 7.11 14.42 12.03
52.77 989.56 1312.90 16.00 62.00 52.00 5.84 6.94 14.19 12.31
55.16 887.71 1319.74 17.00 62.00 61.00 5.52 6.67 14.08 12.80
59.68 777.25 1325.48 16.00 58.00 79.00 5.38 6.19 14.40 16.10
65.76 667.96 1371.73 16.00 45.00 103.00 5.44 5.81 6.65 21.24
73.21 522.27 1482.30 16.00 35.00 121.00 5.45 5.64 6.47 26.69
74.39 449.75 1421.67 16.00 38.00 133.00 4.91 5.32 6.67 26.67
76.41 411.21 1364.18 15.00 37.00 151.00 4.87 4.97 6.91 28.54
80.43 326.54 1396.06 13.00 31.00 175.00 4.66 4.83 7.06 32.87
82.31 292.79 1348.90 12.00 29.00 187.00 4.63 4.56 5.79 38.42
88.86 142.43 1345.79 6.00 21.00 215.00 3.57 4.21 7.30 50.47
93.39 68.20 1376.81 5.00 16.00 228.00 2.89 4.10 6.51 61.10
90.74 81.62 1304.13 4.00 21.00 222.00 2.46 4.00 6.69 71.76
86.43 139.51 1247.77 4.00 32.00 213.00 2.86 4.02 11.77 74.50
80.66 301.58 1130.81 2.00 34.00 206.00 4.34 3.90 5.53 81.93
73.76 454.11 1044.26 3.00 40.00 186.00 4.82 3.94 11.72 80.97
69.09 558.23 1063.24 4.00 45.00 162.00 5.03 4.28 10.55 74.24
68.39 596.45 1120.88 5.00 44.00 151.00 5.26 4.56 10.15 67.55
72.01 578.29 1179.12 4.00 33.00 158.00 5.76 4.56 10.15 18.80
72.01 578.29 1147.62 4.00 33.00 155.00 5.76 4.44 10.15 31.48
72.01 578.29 1074.03 4.00 33.00 155.00 5.76 4.15 10.15 44.34
68.57 615.90 1079.26 5.00 40.00 140.00 5.46 4.38 10.42 49.14
