46.77 1259.74 1345.20 20.00 44.00 30.00 7.93 9.68 7.65 6.05
44.06 1216.18 1247.34 21.00 48.00 29.00 7.28 9.55 6.95 6.28
42.94 1165.65 1213.45 21.00 54.00 27.00 6.84 9.54 6.44 6.07
38.12 1340.22 1109.16 22.00 51.00 21.00 7.25 9.86 6.69 5.08
47.90 1062.06 1259.33 21.00 47.00 31.00 6.83 8.89 5.75 9.43
44.84 1070.28 1143.23 22.00 50.00 32.00 6.50 8.63 5.91 8.86
42.69 1070.57 1076.18 20.00 62.00 33.00 6.25 8.52 6.06 9.21
39.17 1146.99 980.74 18.00 68.00 27.00 6.31 8.47 7.30 9.47
43.09 1013.62 954.74 16.00 66.00 46.00 5.96 7.46 9.08 11.01
45.66 971.57 967.79 19.00 60.00 63.00 5.98 7.14 9.21 11.28
46.67 942.44 1002.99 17.00 66.00 64.00 5.92 7.23 9.27 12.13
46.59 971.78 1000.23 22.00 62.00 62.00 6.10 7.22 8.56 11.12
48.77 891.11 1011.40 23.00 63.00 68.00 5.83 6.98 8.28 11.15
48.46 828.60 1158.49 22.00 74.00 54.00 5.39 8.07 7.13 7.35
33.02 1013.78 869.62 19.00 108.00 26.00 5.06 8.91 11.45 7.02
34.07 982.78 831.36 19.00 108.00 29.00 4.99 8.24 12.85 6.64
