43.67 2005.14 1999.04 35.00 75.00 44.00 7.45 9.66 6.76 5.60
45.58 1861.05 2019.87 35.00 78.00 48.00 7.16 9.35 6.52 6.08
45.83 1820.30 1960.42 34.00 80.00 52.00 7.04 9.02 6.49 8.36
44.32 1810.68 1894.06 34.00 84.00 52.00 6.81 9.02 6.23 8.36
43.65 1837.63 1849.30 34.00 83.00 48.00 6.82 8.95 6.51 8.25
41.92 1910.79 1815.50 32.00 87.00 43.00 6.88 9.15 6.44 8.01
41.08 1882.95 1769.15 32.00 91.00 43.00 6.69 9.10 6.72 8.06
42.92 1761.56 1825.93 31.00 92.00 44.00 6.46 8.99 6.74 8.11
42.32 1785.83 1797.36 30.00 95.00 43.00 6.48 8.97 6.77 8.25
39.92 1808.43 1652.63 31.00 100.00 41.00 6.30 8.75 7.42 8.28
41.38 1759.17 1607.92 31.00 97.00 60.00 6.28 8.21 7.75 8.57
43.44 1707.02 1533.55 29.00 94.00 83.00 6.31 7.44 7.91 11.30
46.83 1575.76 1680.86 32.00 93.00 86.00 6.20 7.56 7.87 11.13
47.34 1577.61 1669.92 30.00 93.00 88.00 6.27 7.43 8.02 11.41
45.97 1614.40 1638.85 30.00 95.00 85.00 6.25 7.51 8.05 11.66
45.98 1570.47 1620.63 35.00 99.00 86.00 6.09 7.42 7.85 11.08
46.38 1514.60 1660.22 32.00 103.00 84.00 5.91 7.54 8.54 11.45
43.28 1597.94 1565.59 32.00 108.00 79.00 5.90 7.62 8.37 9.57
42.86 1614.88 1549.44 32.00 110.00 80.00 5.91 7.62 8.54 9.73
44.49 1577.63 1626.17 33.00 109.00 82.00 5.95 7.70 8.30 9.68
43.63 1517.43 1623.19 31.00 121.00 82.00 5.63 7.84 8.59 10.17
42.90 1454.68 1564.84 30.00 132.00 83.00 5.33 7.69 10.99 10.32
40.79 1518.74 1474.90 31.00 138.00 79.00 5.37 7.62 10.77 10.22
41.31 1517.86 1481.25 31.00 137.00 83.00 5.41 7.55 11.31 10.27
42.78 1450.10 1489.47 31.00 135.00 87.00 5.30 7.33 11.56 10.39
