46.23 1658.04 1853.23 29.00 65.00 41.00 7.38 9.66 6.84 5.84
45.47 1669.87 1824.98 30.00 64.00 40.00 7.33 9.68 6.52 5.67
42.24 1744.09 1663.53 31.00 70.00 40.00 7.22 9.50 6.44 5.76
43.51 1646.35 1657.99 30.00 75.00 43.00 6.97 9.19 6.49 6.46
44.50 1588.97 1656.15 30.00 74.00 42.00 6.85 8.98 6.48 8.60
43.17 1656.32 1646.98 28.00 71.00 39.00 6.97 9.21 6.33 8.33
42.75 1665.10 1599.20 29.00 70.00 39.00 6.96 9.04 6.73 8.37
43.74 1552.37 1651.45 29.00 76.00 38.00 6.60 9.12 5.99 8.30
43.79 1528.58 1622.43 28.00 77.00 41.00 6.50 8.95 6.06 8.49
43.28 1495.93 1546.36 27.00 82.00 41.00 6.30 8.63 6.75 8.63
40.80 1545.38 1488.11 27.00 89.00 38.00 6.24 8.81 6.85 8.17
36.62 1671.30 1296.27 27.00 93.00 37.00 6.30 8.55 7.54 8.32
41.55 1541.60 1370.93 26.00 88.00 57.00 6.30 7.95 8.00 9.19
45.03 1439.73 1345.78 24.00 84.00 79.00 6.26 7.19 8.28 12.11
46.44 1394.94 1410.49 28.00 81.00 78.00 6.23 7.31 8.17 11.74
48.28 1305.08 1441.65 27.00 83.00 82.00 6.03 7.18 8.34 12.00
48.86 1267.24 1493.03 24.00 85.00 82.00 5.93 7.35 8.51 12.72
45.92 1379.48 1425.75 30.00 85.00 77.00 6.10 7.47 8.00 9.87
42.86 1438.39 1363.33 29.00 92.00 72.00 6.02 7.65 8.83 9.94
42.32 1433.34 1329.52 28.00 99.00 71.00 5.94 7.55 8.68 10.10
43.60 1366.29 1356.29 28.00 102.00 74.00 5.79 7.49 8.75 10.23
46.11 1323.33 1457.65 29.00 93.00 78.00 5.88 7.61 8.53 10.13
45.67 1299.41 1453.24 28.00 99.00 78.00 5.72 7.66 8.16 10.61
43.71 1245.52 1390.35 28.00 116.00 77.00 5.29 7.66 10.79 10.61
42.05 1261.58 1299.97 29.00 121.00 77.00 5.21 7.44 10.99 10.53
44.87 1205.22 1374.97 27.00 119.00 83.00 5.23 7.37 11.21 10.80
42.41 1236.46 1369.66 27.00 127.00 65.00 5.14 7.77 11.34 7.20
