46.71 2081.36 2295.92 38.00 85.00 56.00 7.27 9.22 6.78 8.00
46.07 2025.38 2255.94 39.00 87.00 57.00 6.99 9.19 6.28 7.87
44.93 2068.96 2153.57 38.00 89.00 58.00 6.99 8.99 6.52 8.07
43.08 2065.15 2062.58 38.00 100.00 56.00 6.75 8.98 6.35 8.08
42.06 2055.49 2019.25 37.00 104.00 52.00 6.60 9.01 6.54 7.99
41.40 2119.98 1989.98 34.00 103.00 49.00 6.73 9.02 7.00 7.86
40.07 2140.20 1944.08 34.00 109.00 45.00 6.64 9.11 7.22 7.87
39.98 2074.06 1932.21 35.00 110.00 44.00 6.42 9.08 7.32 7.84
42.66 1999.61 1917.18 34.00 103.00 65.00 6.48 8.43 7.62 8.61
45.62 1844.15 1889.92 33.00 101.00 87.00 6.30 7.76 7.76 10.89
46.09 1793.32 1917.86 37.00 102.00 89.00 6.19 7.80 7.62 10.47
45.67 1844.90 1857.68 35.00 103.00 92.00 6.31 7.62 7.73 10.80
46.38 1795.22 1909.22 34.00 107.00 93.00 6.23 7.70 7.78 11.08
45.40 1843.00 1848.90 38.00 109.00 92.00 6.28 7.63 7.68 10.65
44.09 1861.76 1806.03 38.00 113.00 87.00 6.19 7.67 8.16 10.65
43.62 1788.93 1760.47 37.00 122.00 88.00 5.90 7.55 8.20 10.79
45.99 1691.09 1846.33 35.00 121.00 92.00 5.82 7.52 8.29 11.14
45.10 1742.23 1862.24 37.00 118.00 90.00 5.90 7.74 8.07 9.26
42.97 1766.01 1816.35 35.00 129.00 88.00 5.76 7.92 8.42 9.72
41.81 1708.98 1733.36 34.00 148.00 87.00 5.46 7.76 10.57 9.87
39.52 1736.76 1644.85 34.00 160.00 83.00 5.34 7.80 10.81 9.83
40.86 1727.02 1655.73 33.00 153.00 89.00 5.43 7.59 11.42 10.02
41.59 1707.26 1664.40 33.00 152.00 89.00 5.44 7.49 11.32 10.10
