54.44 492.07 639.78 8.00 11.00 14.00 9.06 9.88 8.16 4.92
56.22 369.07 608.96 11.00 16.00 18.00 7.08 9.12 5.17 5.20
52.53 403.64 554.38 9.00 19.00 19.00 7.14 8.85 5.62 6.98
40.78 512.72 411.13 9.00 24.00 18.00 7.25 8.47 6.51 7.30
36.00 526.53 396.82 9.00 27.00 11.00 6.89 9.29 7.16 5.98
34.83 623.51 443.63 7.00 21.00 8.00 8.00 10.75 7.46 3.06
37.53 594.82 455.32 7.00 20.00 7.00 7.96 10.25 8.47 5.84
51.75 402.76 635.86 8.00 17.00 7.00 6.99 10.40 6.13 5.56
46.56 457.95 546.25 8.00 15.00 8.00 7.18 9.93 5.88 6.35
47.69 404.42 543.45 9.00 17.00 8.00 6.47 9.64 5.21 5.99
44.89 398.30 507.37 9.00 21.00 11.00 6.05 9.57 4.79 4.49
36.56 539.62 416.03 8.00 20.00 10.00 7.12 9.65 5.75 4.48
37.69 527.84 416.19 10.00 22.00 11.00 7.09 9.35 5.08 4.23
43.58 463.52 423.15 8.00 24.00 14.00 6.87 8.20 6.17 6.45
48.39 423.23 442.70 9.00 20.00 15.00 6.87 7.74 5.18 12.66
48.19 355.32 430.95 9.00 23.00 17.00 5.75 7.56 5.33 12.68
54.33 324.73 490.04 7.00 19.00 18.00 5.95 7.60 6.12 14.01
41.58 418.80 404.59 8.00 25.00 12.00 6.00 8.23 5.89 4.13
33.53 466.38 363.11 7.00 29.00 10.00 5.87 9.15 6.83 4.55
35.19 463.39 343.01 6.00 32.00 10.00 5.98 8.21 8.54 5.06
30.69 475.04 344.88 5.00 39.00 6.00 5.73 9.49 6.66 3.66
26.83 521.60 280.76 6.00 34.00 6.00 5.96 8.86 10.00 4.96
38.69 470.80 294.74 6.00 25.00 24.00 6.42 6.40 10.57 9.05
53.83 348.16 343.56 6.00 19.00 46.00 6.31 5.34 11.20 17.43
64.61 247.80 429.75 10.00 13.00 51.00 5.89 5.58 8.78 14.96
77.36 173.40 561.42 8.00 10.00 55.00 6.45 6.08 4.15 15.78
63.28 253.62 538.30 8.00 19.00 36.00 5.80 7.15 5.82 8.32
46.69 403.27 503.05 14.00 25.00 12.00 6.36 9.11 5.08 5.38
35.86 466.82 394.95 10.00 32.00 9.00 6.10 9.30 8.10 6.27
27.33 483.84 318.50 10.00 39.00 5.00 5.58 9.90 7.87 2.89
35.94 423.79 353.29 11.00 36.00 10.00 5.54 8.34 7.79 5.25
42.25 362.68 436.49 7.00 33.00 13.00 5.25 8.74 4.61 5.76
43.36 327.56 453.01 6.00 37.00 16.00 4.84 8.84 6.45 8.26
40.06 275.55 403.84 6.00 48.00 16.00 3.84 8.53 16.40 8.56
25.25 370.47 288.24 6.00 58.00 9.00 4.14 9.68 16.07 7.68
22.47 403.68 198.08 4.00 60.00 11.00 4.35 7.43 18.89 5.26
27.31 407.79 211.16 5.00 53.00 11.00 4.69 6.48 13.56 6.47
