45.67 1477.24 1582.85 25.00 53.00 33.00 7.59 9.74 7.29 5.96
46.25 1397.53 1596.04 27.00 54.00 34.00 7.26 9.70 6.59 5.69
44.98 1396.98 1517.72 25.00 60.00 37.00 7.09 9.48 6.47 6.10
43.03 1455.17 1463.10 25.00 61.00 35.00 7.13 9.57 6.50 6.09
40.08 1512.75 1359.26 27.00 64.00 30.00 7.05 9.56 6.42 5.62
42.04 1491.98 1410.90 24.00 62.00 30.00 7.18 9.45 6.61 5.85
43.60 1416.44 1406.04 25.00 61.00 33.00 7.01 9.09 6.74 8.79
45.50 1297.90 1482.93 25.00 60.00 34.00 6.65 9.19 5.77 8.69
46.19 1310.73 1452.48 25.00 56.00 37.00 6.80 8.86 5.93 8.88
44.29 1286.74 1371.87 25.00 66.00 35.00 6.44 8.73 5.83 8.88
42.27 1288.13 1313.18 25.00 71.00 36.00 6.22 8.76 6.09 8.42
39.98 1358.79 1189.99 23.00 75.00 37.00 6.31 8.38 6.88 8.79
40.91 1327.82 1251.11 22.00 80.00 35.00 6.26 8.61 6.94 8.84
37.33 1404.01 1108.50 22.00 83.00 33.00 6.25 8.37 7.86 8.82
40.20 1360.78 1100.55 22.00 76.00 49.00 6.34 7.70 8.45 9.75
45.74 1167.20 1117.52 21.00 74.00 73.00 6.00 6.85 8.77 12.91
49.88 1047.78 1264.67 22.00 71.00 75.00 5.83 7.11 8.74 12.96
48.59 1114.10 1246.77 22.00 69.00 73.00 6.05 7.20 8.60 10.76
45.17 1191.03 1196.15 21.00 74.00 70.00 6.06 7.42 8.88 11.17
45.24 1214.88 1189.68 26.00 76.00 69.00 6.19 7.37 8.27 10.47
43.72 1189.80 1170.18 25.00 84.00 66.00 5.90 7.51 9.11 10.52
43.84 1179.05 1161.00 24.00 83.00 67.00 5.86 7.43 8.99 10.69
45.97 1148.27 1186.33 25.00 80.00 70.00 5.93 7.24 8.28 10.73
47.59 1114.17 1283.17 27.00 77.00 72.00 5.94 7.57 7.88 10.42
47.94 1042.25 1278.31 26.00 82.00 76.00 5.59 7.49 8.17 10.98
48.25 932.88 1284.07 24.00 98.00 77.00 5.03 7.47 10.55 11.24
41.49 1047.94 1180.15 25.00 113.00 55.00 5.00 8.00 10.66 7.03
37.14 1169.70 1137.62 25.00 118.00 36.00 5.19 8.63 11.33 6.56
35.51 1202.30 1059.13 21.00 122.00 36.00 5.20 8.39 12.10 7.22
