53.72 260.61 335.51 4.00 5.00 4.00 9.44 10.54 9.33 3.52
60.11 214.64 361.88 5.00 3.00 5.00 9.06 10.16 3.56 2.65
55.17 231.01 304.27 4.00 6.00 10.00 8.65 9.25 6.89 5.99
52.33 154.36 247.08 6.00 13.00 13.00 5.44 7.94 3.10 6.47
49.89 172.31 250.11 5.00 13.00 9.00 5.78 8.41 4.63 7.52
29.22 358.36 164.05 3.00 11.00 5.00 8.47 9.43 7.27 2.69
22.11 354.00 146.72 4.00 14.00 2.00 7.60 11.31 8.95 2.41
40.44 265.09 279.58 4.00 10.00 3.00 7.46 11.71 5.90 2.57
52.94 240.45 308.61 3.00 6.00 5.00 8.56 9.81 5.07 6.45
63.06 137.13 356.28 4.00 7.00 4.00 6.22 9.55 2.59 7.03
40.17 217.50 237.00 5.00 9.00 3.00 6.09 10.08 5.66 3.47
32.33 267.28 187.09 5.00 10.00 4.00 6.61 9.81 5.65 2.63
49.61 180.74 270.38 4.00 12.00 8.00 6.01 9.17 1.92 5.00
40.78 272.34 228.26 3.00 10.00 6.00 7.69 9.51 5.85 1.60
25.78 347.02 145.81 6.00 10.00 3.00 7.83 9.70 4.15 1.91
46.39 190.99 194.88 5.00 14.00 8.00 5.97 7.06 6.55 8.06
71.00 76.07 296.89 3.00 10.00 12.00 4.41 7.04 2.84 19.59
50.00 164.33 236.07 4.00 9.00 8.00 5.51 8.03 4.07 2.28
37.67 248.52 193.16 4.00 8.00 6.00 6.67 8.66 6.92 4.94
33.17 254.20 168.52 4.00 16.00 4.00 6.37 8.54 5.16 5.05
29.39 217.79 169.95 3.00 21.00 4.00 5.16 9.79 5.41 3.98
37.22 209.10 174.48 2.00 16.00 6.00 5.57 7.91 8.85 0.33
32.00 257.02 174.93 2.00 17.00 2.00 6.31 9.22 1.57 1.23
16.44 312.44 106.28 4.00 18.00 0.00 6.26 11.03 10.01 3.41
45.39 213.65 119.81 4.00 8.00 22.00 6.55 4.42 13.26 10.93
91.22 35.52 237.28 2.00 1.00 46.00 6.83 4.34 0.00 21.80
83.83 34.16 309.93 6.00 5.00 29.00 3.60 6.22 0.95 7.08
63.50 137.88 324.07 6.00 9.00 8.00 6.35 8.60 4.37 5.06
42.72 219.46 227.77 2.00 14.00 7.00 6.42 8.96 5.94 9.62
29.89 265.38 178.66 8.00 16.00 3.00 6.36 10.19 5.47 1.71
29.00 247.29 167.19 8.00 18.00 2.00 5.85 9.82 8.19 2.87
24.78 218.40 139.84 2.00 23.00 2.00 4.85 9.56 0.58 0.87
42.89 176.43 186.11 3.00 18.00 8.00 5.16 7.35 3.23 7.02
59.72 144.20 296.66 5.00 9.00 11.00 6.02 8.40 3.06 6.79
43.83 151.14 266.59 3.00 19.00 8.00 4.51 10.31 7.40 9.59
20.39 131.35 107.18 1.00 39.00 5.00 2.75 8.91 23.62 0.00
6.67 219.27 21.66 3.00 39.00 1.00 3.92 5.55 10.57 0.95
24.56 272.33 90.90 3.00 20.00 6.00 6.04 6.21 14.69 5.96
47.94 188.46 189.50 2.00 14.00 10.00 6.07 6.61 10.08 1.05
