46.77 1259.74 1345.20 20.00 44.00 30.00 7.93 9.68 7.65 6.05
49.03 1130.25 1408.87 22.00 44.00 30.00 7.43 9.69 6.77 5.98
44.06 1216.18 1247.34 21.00 48.00 29.00 7.28 9.55 6.95 6.28
43.48 1182.83 1234.16 22.00 51.00 29.00 7.01 9.58 6.59 6.15
42.94 1165.65 1213.45 21.00 54.00 27.00 6.84 9.54 6.44 6.07
41.17 1300.81 1216.02 19.00 48.00 22.00 7.40 9.99 6.64 5.11
38.12 1340.22 1109.16 22.00 51.00 21.00 7.25 9.86 6.69 5.08
44.60 1133.56 1246.86 21.00 51.00 25.00 6.85 9.45 6.04 6.04
47.90 1062.06 1259.33 21.00 47.00 31.00 6.83 8.89 5.75 9.43
46.51 1032.27 1203.35 21.00 50.00 31.00 6.46 8.75 5.48 9.41
44.84 1070.28 1143.23 22.00 50.00 32.00 6.50 8.63 5.91 8.86
40.53 1149.61 1015.50 21.00 59.00 31.00 6.47 8.47 5.95 9.05
42.69 1070.57 1076.18 20.00 62.00 33.00 6.25 8.52 6.06 9.21
41.51 1091.51 1002.22 18.00 65.00 33.00 6.24 8.16 7.15 9.47
39.17 1146.99 980.74 18.00 68.00 27.00 6.31 8.47 7.30 9.47
36.64 1131.48 880.24 19.00 73.00 27.00 5.98 8.12 8.31 9.47
43.09 1013.62 954.74 16.00 66.00 46.00 5.96 7.46 9.08 11.01
45.61 976.21 922.64 16.00 60.00 64.00 6.00 6.81 9.10 11.64
45.66 971.57 967.79 19.00 60.00 63.00 5.98 7.14 9.21 11.28
48.31 949.49 1010.70 18.00 60.00 65.00 6.15 7.03 9.16 11.60
46.67 942.44 1002.99 17.00 66.00 64.00 5.92 7.23 9.27 12.13
47.66 960.59 1021.16 22.00 60.00 65.00 6.15 7.21 8.54 11.16
46.59 971.78 1000.23 22.00 62.00 62.00 6.10 7.22 8.56 11.12
45.17 969.89 986.51 22.00 67.00 61.00 5.93 7.35 8.34 11.08
48.77 891.11 1011.40 23.00 63.00 68.00 5.83 6.98 8.28 11.15
53.82 801.53 1176.89 23.00 59.00 72.00 5.82 7.36 6.66 11.07
48.46 828.60 1158.49 22.00 74.00 54.00 5.39 8.07 7.13 7.35
39.66 897.37 1046.73 22.00 97.00 30.00 4.98 8.93 10.68 6.64
33.02 1013.78 869.62 19.00 108.00 26.00 5.06 8.91 11.45 7.02
31.87 1031.81 813.23 19.00 109.00 27.00 5.07 8.64 12.30 6.24
34.07 982.78 831.36 19.00 108.00 29.00 4.99 8.24 12.85 6.64
