45.81 2330.02 2489.08 42.00 94.00 62.00 7.20 9.17 6.78 7.77
44.78 2279.86 2424.46 43.00 103.00 61.00 6.91 9.14 6.39 7.66
43.37 2286.82 2323.53 41.00 110.00 62.00 6.76 9.04 6.56 7.84
42.49 2274.34 2237.06 40.00 116.00 62.00 6.62 8.89 6.92 7.95
41.06 2312.73 2194.18 39.00 122.00 54.00 6.57 9.03 7.04 7.83
38.91 2432.48 2096.26 38.00 121.00 49.00 6.66 9.11 7.47 7.61
40.61 2353.99 2063.89 38.00 117.00 67.00 6.63 8.59 7.91 8.25
45.11 2109.78 2169.49 37.00 111.00 90.00 6.43 8.11 7.62 10.33
46.78 2033.77 2227.11 40.00 108.00 94.00 6.40 8.03 7.53 10.35
47.41 1982.03 2214.05 39.00 110.00 96.00 6.31 7.87 7.56 10.50
45.76 2012.79 2146.22 39.00 116.00 96.00 6.21 7.91 7.56 10.47
44.09 2110.28 2036.66 43.00 119.00 96.00 6.32 7.79 7.48 10.20
44.64 2042.58 2076.41 42.00 125.00 95.00 6.18 7.84 7.95 10.25
43.34 2061.46 1988.74 40.00 132.00 94.00 6.09 7.74 7.99 10.38
43.97 2038.25 1992.14 41.00 131.00 95.00 6.09 7.64 7.97 10.45
45.23 1933.21 2057.13 42.00 132.00 99.00 5.91 7.67 7.94 10.39
45.77 1842.23 2113.23 38.00 140.00 100.00 5.69 7.78 8.20 11.02
42.63 1873.58 1969.43 38.00 157.00 95.00 5.47 7.79 10.13 9.45
39.34 1985.35 1838.00 38.00 168.00 89.00 5.48 7.88 10.48 9.44
40.09 1981.31 1824.25 37.00 169.00 93.00 5.53 7.67 11.00 9.62
40.37 1925.28 1834.35 36.00 174.00 93.00 5.40 7.65 11.29 9.74
