45.22 1018.92 1036.60 17.00 38.00 25.00 7.79 9.65 7.48 5.75
45.53 992.57 1052.59 18.00 37.00 26.00 7.64 9.74 6.83 5.53
45.03 998.68 1009.70 16.00 39.00 26.00 7.61 9.43 7.31 6.51
46.26 915.54 1046.99 17.00 41.00 25.00 7.13 9.54 6.85 6.64
41.28 984.85 943.07 17.00 42.00 19.00 7.02 9.65 7.02 6.25
41.26 1028.47 987.08 16.00 38.00 16.00 7.33 10.11 6.82 5.00
41.21 993.12 963.34 16.00 41.00 18.00 7.07 9.88 6.80 5.53
44.15 942.39 1051.97 16.00 37.00 17.00 7.06 10.09 5.93 5.23
42.12 985.85 962.44 18.00 37.00 19.00 7.13 9.67 5.53 5.42
45.64 867.93 967.28 17.00 41.00 22.00 6.68 8.95 5.80 6.60
46.64 821.62 950.07 18.00 41.00 26.00 6.45 8.62 5.69 9.51
42.38 895.14 846.98 17.00 43.00 27.00 6.50 8.46 5.61 9.75
46.01 852.72 906.23 17.00 41.00 29.00 6.61 8.31 5.88 9.84
42.58 882.32 827.74 16.00 49.00 27.00 6.43 8.21 6.03 9.89
40.96 889.75 805.81 16.00 50.00 25.00 6.30 8.32 6.23 9.97
41.69 818.98 773.96 15.00 55.00 27.00 5.88 7.83 7.56 10.34
42.51 799.84 834.92 12.00 58.00 24.00 5.82 8.28 7.64 11.00
34.21 940.50 685.35 14.00 59.00 18.00 5.98 8.48 8.54 4.58
36.11 937.41 657.85 13.00 55.00 34.00 6.13 7.67 9.61 7.07
44.51 811.61 686.57 12.00 51.00 56.00 6.11 6.47 10.00 12.97
47.65 722.98 774.63 15.00 52.00 57.00 5.78 6.83 9.77 12.40
52.10 695.20 842.18 14.00 44.00 61.00 6.07 6.79 9.83 12.74
50.99 724.42 833.04 14.00 44.00 60.00 6.19 6.86 8.66 13.19
50.26 751.43 846.67 20.00 44.00 59.00 6.34 7.08 7.47 11.61
50.24 714.62 825.30 20.00 45.00 60.00 6.02 6.91 8.50 11.61
52.35 657.25 880.23 18.00 49.00 61.00 5.78 7.07 7.05 11.99
49.61 677.47 891.59 19.00 55.00 46.00 5.63 7.58 7.02 6.84
44.47 766.01 939.55 21.00 58.00 25.00 5.78 8.93 6.72 5.87
39.61 794.45 847.96 16.00 69.00 25.00 5.51 9.05 7.48 7.43
33.69 759.48 722.34 16.00 88.00 21.00 4.79 9.09 11.80 6.29
30.60 794.25 641.86 17.00 94.00 19.00 4.79 8.89 12.21 6.21
32.36 766.37 634.57 11.00 93.00 24.00 4.74 8.28 14.20 7.18
35.33 735.42 664.17 11.00 90.00 27.00 4.75 7.93 14.74 7.58
