52.93 664.69 889.88 13.00 24.00 23.00 7.89 9.42 6.92 6.14
47.22 727.42 773.01 14.00 27.00 23.00 7.70 9.18 6.48 6.12
42.39 757.87 701.09 13.00 33.00 21.00 7.35 9.27 6.99 6.19
40.67 777.87 690.71 13.00 34.00 21.00 7.32 9.54 6.94 6.24
41.65 767.35 705.43 12.00 33.00 16.00 7.34 9.51 7.48 6.59
44.24 761.18 799.90 11.00 28.00 12.00 7.61 10.18 7.27 5.40
38.41 812.32 692.97 12.00 29.00 10.00 7.36 10.20 7.66 5.64
45.28 670.05 823.03 13.00 27.00 11.00 6.83 10.25 5.94 5.19
47.57 638.74 816.63 12.00 27.00 16.00 6.80 9.66 5.07 5.94
45.39 676.76 772.40 12.00 27.00 14.00 6.92 9.60 5.55 5.85
38.52 745.40 653.19 15.00 31.00 14.00 6.77 9.60 5.44 3.99
39.83 730.80 610.91 13.00 34.00 18.00 6.78 8.64 5.98 6.12
48.80 604.05 713.07 13.00 32.00 23.00 6.59 8.22 5.54 10.90
45.72 627.85 659.22 12.00 33.00 23.00 6.45 8.14 5.59 11.02
44.81 671.89 635.85 13.00 29.00 21.00 6.80 8.00 5.90 10.89
43.19 609.79 599.48 13.00 39.00 21.00 5.99 7.81 6.12 10.94
46.02 542.59 659.99 10.00 40.00 22.00 5.61 8.07 6.43 12.03
40.13 627.99 579.08 10.00 41.00 18.00 5.85 8.13 7.73 4.76
33.02 723.62 538.04 9.00 47.00 12.00 6.02 9.18 7.97 4.36
28.94 775.89 449.28 10.00 50.00 10.00 6.09 8.74 9.26 5.00
35.59 688.83 464.70 9.00 47.00 28.00 5.96 7.33 10.01 7.78
48.30 557.32 518.04 8.00 35.00 52.00 6.01 6.00 11.15 15.10
53.74 504.96 604.68 12.00 30.00 53.00 6.10 6.30 8.99 13.68
57.06 486.04 667.69 12.00 28.00 55.00 6.32 6.55 8.70 13.72
57.31 467.26 658.11 12.00 27.00 58.00 6.12 6.42 8.68 14.23
61.54 438.79 740.40 16.00 26.00 59.00 6.40 6.73 4.98 12.71
51.85 500.98 705.48 16.00 37.00 38.00 5.82 7.64 7.03 6.60
39.39 621.73 642.89 16.00 48.00 14.00 5.73 9.20 7.14 5.25
38.20 643.31 581.06 13.00 50.00 17.00 5.81 8.57 7.51 6.73
38.13 628.13 615.16 15.00 49.00 16.00 5.67 9.12 7.17 5.06
38.57 574.92 620.20 14.00 55.00 18.00 5.22 9.08 7.69 6.66
34.96 494.03 543.68 8.00 72.00 18.00 4.23 8.77 14.23 7.43
31.13 546.90 474.67 9.00 76.00 17.00 4.42 8.61 14.27 7.60
34.89 547.88 494.74 9.00 69.00 22.00 4.69 7.98 15.69 7.93
32.81 558.99 477.75 8.00 72.00 19.00 4.64 8.18 16.20 7.84
