35.12 2111.44 1814.11 30.00 98.00 22.00 6.81 10.87 9.98 5.42
38.47 1970.54 1935.94 30.00 94.00 26.00 6.70 10.58 10.26 6.59
39.83 1871.76 1943.12 32.00 93.00 27.00 6.51 10.26 10.15 6.40
39.85 1857.60 1919.87 30.00 93.00 27.00 6.46 10.13 10.52 6.63
41.37 1797.57 1963.92 30.00 92.00 29.00 6.41 9.98 10.45 6.94
40.88 1846.49 1867.92 30.00 88.00 31.00 6.53 9.60 10.56 7.01
43.64 1735.10 1993.94 29.00 83.00 36.00 6.44 9.60 10.00 7.34
45.60 1651.48 2098.88 27.00 80.00 37.00 6.35 9.66 10.17 7.52
43.65 1743.06 2006.53 27.00 77.00 35.00 6.47 9.65 10.84 7.43
45.37 1725.51 2087.29 27.00 68.00 34.00 6.61 9.66 10.51 7.22
44.42 1722.93 2011.90 28.00 71.00 35.00 6.49 9.51 10.34 7.19
45.32 1728.31 2000.64 26.00 70.00 40.00 6.61 9.26 11.64 7.46
44.38 1737.77 1959.40 23.00 72.00 38.00 6.53 9.26 11.44 8.58
47.46 1656.63 2070.46 23.00 69.00 39.00 6.59 9.15 11.60 8.86
45.68 1700.09 1996.24 23.00 72.00 38.00 6.55 9.17 11.96 9.04
47.35 1643.99 2046.73 23.00 70.00 42.00 6.53 9.06 12.04 9.15
48.39 1569.78 2074.97 26.00 72.00 43.00 6.36 9.00 11.31 9.17
44.74 1674.79 1921.03 26.00 79.00 39.00 6.34 9.01 11.36 8.50
42.44 1801.72 1809.26 22.00 84.00 39.00 6.55 8.94 13.25 8.85
44.53 1742.25 1807.07 21.00 84.00 50.00 6.57 8.51 13.52 9.92
44.80 1699.05 1779.62 21.00 85.00 53.00 6.44 8.33 13.22 9.96
48.15 1570.55 1905.39 20.00 84.00 55.00 6.33 8.30 13.45 10.52
45.26 1663.48 1788.12 19.00 91.00 50.00 6.35 8.29 14.23 10.64
44.15 1654.95 1695.52 19.00 96.00 53.00 6.19 8.05 12.76 10.56
45.23 1581.06 1708.89 23.00 99.00 56.00 6.04 7.93 12.67 10.30
