36.75 1775.74 1674.37 27.00 88.00 21.00 6.71 10.96 9.26 5.60
36.94 1749.87 1649.28 27.00 87.00 21.00 6.64 10.73 9.33 5.59
34.33 1818.11 1494.87 25.00 89.00 20.00 6.62 10.46 10.63 5.76
38.49 1701.37 1634.56 24.00 85.00 24.00 6.61 10.20 11.08 7.13
40.00 1592.61 1673.64 28.00 87.00 24.00 6.35 10.06 10.68 6.69
39.50 1599.83 1611.17 27.00 85.00 24.00 6.32 9.80 10.87 6.89
43.23 1514.77 1772.21 25.00 76.00 27.00 6.38 9.84 10.50 7.31
44.67 1500.45 1805.99 24.00 69.00 30.00 6.48 9.70 10.80 7.32
45.53 1484.18 1802.94 25.00 65.00 34.00 6.52 9.50 9.25 7.55
46.29 1497.85 1863.71 25.00 58.00 32.00 6.67 9.66 9.08 7.29
44.92 1520.04 1808.44 25.00 59.00 31.00 6.60 9.66 10.82 7.29
46.69 1473.90 1851.11 23.00 57.00 32.00 6.61 9.51 11.06 7.53
43.72 1536.17 1717.61 22.00 63.00 31.00 6.52 9.42 10.70 7.60
45.24 1515.55 1727.68 22.00 62.00 34.00 6.62 9.16 11.61 7.32
45.71 1477.93 1748.82 22.00 59.00 34.00 6.51 9.17 11.50 8.39
48.40 1397.67 1837.50 21.00 59.00 37.00 6.48 9.10 11.05 9.22
48.81 1364.46 1855.72 20.00 62.00 37.00 6.37 9.11 11.48 9.51
47.08 1423.32 1760.07 20.00 62.00 37.00 6.43 8.96 12.30 8.70
44.11 1516.13 1626.26 19.00 68.00 36.00 6.48 8.83 12.12 9.26
44.09 1518.63 1635.71 20.00 72.00 36.00 6.49 8.89 12.35 9.25
41.23 1596.77 1519.73 20.00 79.00 34.00 6.49 8.84 13.83 8.97
43.67 1495.59 1550.25 18.00 81.00 42.00 6.35 8.51 13.89 10.06
44.56 1478.64 1558.38 17.00 78.00 44.00 6.37 8.38 14.28 10.32
47.59 1419.02 1612.56 17.00 73.00 49.00 6.47 8.12 12.99 11.01
47.37 1404.68 1584.47 17.00 79.00 49.00 6.38 8.02 13.24 11.14
44.90 1427.64 1471.94 17.00 86.00 51.00 6.19 7.85 13.22 11.04
45.84 1378.11 1505.50 20.00 87.00 52.00 6.08 7.87 12.73 10.81
