39.93 2165.10 2262.36 37.00 102.00 29.00 6.71 10.60 9.61 6.07
39.68 2126.77 2221.25 36.00 102.00 29.00 6.56 10.46 9.84 6.22
41.06 2076.72 2233.40 34.00 98.00 32.00 6.55 10.16 9.97 6.65
41.03 2104.26 2176.62 33.00 96.00 34.00 6.64 9.91 10.26 6.76
41.94 2017.90 2185.64 34.00 99.00 38.00 6.46 9.73 10.02 7.01
42.12 1997.52 2160.81 33.00 99.00 38.00 6.42 9.58 10.03 7.24
42.18 1993.98 2197.53 31.00 95.00 37.00 6.41 9.73 11.22 7.25
44.86 1879.14 2322.46 29.00 90.00 39.00 6.34 9.66 11.29 7.43
43.35 1945.94 2209.98 30.00 89.00 39.00 6.39 9.51 10.38 7.32
44.30 1979.92 2236.82 30.00 81.00 42.00 6.61 9.42 11.08 7.18
44.93 1924.52 2253.69 29.00 80.00 42.00 6.50 9.36 10.99 8.12
47.28 1869.39 2343.42 27.00 77.00 45.00 6.59 9.24 11.64 8.75
44.50 1959.92 2206.81 24.00 85.00 42.00 6.56 9.24 11.85 9.14
46.62 1902.95 2279.69 25.00 80.00 44.00 6.63 9.11 12.33 8.83
45.65 1905.41 2215.49 29.00 82.00 44.00 6.52 9.05 11.79 8.77
45.24 1895.46 2207.69 29.00 87.00 44.00 6.44 9.10 11.14 8.91
46.43 1855.38 2257.97 29.00 88.00 46.00 6.44 9.07 12.43 8.85
45.06 1898.41 2092.38 27.00 91.00 53.00 6.43 8.66 12.46 9.18
45.48 1904.00 2069.15 23.00 90.00 58.00 6.49 8.48 12.72 9.74
48.41 1817.21 2162.20 23.00 87.00 63.00 6.55 8.32 13.14 10.29
45.40 1883.89 2009.36 23.00 98.00 59.00 6.41 8.25 13.32 10.29
45.04 1806.48 1988.35 22.00 107.00 59.00 6.11 8.23 13.20 10.14
43.59 1839.87 1912.54 25.00 111.00 57.00 6.06 8.18 13.62 10.04
