40.72 292.48 319.24 5.00 9.00 2.00 8.28 13.25 4.81 3.11
38.33 269.03 301.37 6.00 9.00 2.00 7.33 13.28 3.58 2.64
38.61 279.02 269.48 4.00 5.00 3.00 7.64 11.72 3.41 3.81
42.28 257.63 308.70 3.00 8.00 3.00 7.48 12.23 6.02 2.60
28.33 282.64 191.70 5.00 16.00 2.00 6.60 11.41 7.92 3.11
14.33 346.04 61.59 6.00 19.00 1.00 6.76 7.36 9.24 1.32
30.39 250.92 191.00 4.00 17.00 2.00 6.03 10.63 5.76 5.12
40.78 153.63 234.95 2.00 22.00 5.00 4.33 9.70 17.27 5.62
34.78 223.02 197.67 2.00 18.00 4.00 5.71 9.55 0.00 9.23
36.11 251.53 236.18 4.00 10.00 2.00 6.59 11.04 7.43 1.82
49.33 186.54 294.29 6.00 8.00 4.00 6.18 10.06 3.62 4.27
45.89 212.76 272.11 4.00 8.00 6.00 6.59 9.97 11.91 5.08
35.06 259.76 210.57 1.00 13.00 4.00 6.69 10.04 0.00 0.00
40.83 258.89 232.96 2.00 10.00 2.00 7.33 9.56 6.66 1.60
23.78 335.63 139.75 3.00 10.00 1.00 7.36 9.89 11.30 3.30
49.22 220.60 286.66 3.00 7.00 5.00 7.27 9.79 0.11 11.74
78.33 53.66 447.47 7.00 4.00 7.00 4.20 9.62 1.22 8.45
49.33 156.16 285.31 6.00 7.00 3.00 5.17 9.74 6.23 3.71
50.94 204.95 289.04 2.00 5.00 5.00 6.99 9.51 3.62 6.38
50.50 246.67 256.75 3.00 3.00 7.00 8.35 8.51 8.87 7.09
46.50 220.34 221.24 4.00 7.00 9.00 6.91 7.98 6.49 7.38
52.11 151.03 292.82 3.00 11.00 6.00 5.28 9.44 4.24 5.65
30.50 258.81 203.59 2.00 12.00 1.00 6.22 11.23 0.00 5.62
38.94 227.16 223.58 2.00 10.00 2.00 6.22 9.64 0.32 4.68
40.94 202.88 203.39 3.00 12.00 4.00 5.75 8.36 6.58 2.35
35.72 254.26 149.53 3.00 13.00 8.00 6.62 7.02 14.45 6.81
49.00 201.53 241.79 1.00 9.00 7.00 6.61 8.25 0.00 0.00
63.00 141.08 342.72 1.00 7.00 5.00 6.37 9.11 0.00 0.00
45.44 222.09 247.42 1.00 12.00 4.00 6.81 9.12 0.00 0.00
39.94 246.32 209.07 2.00 11.00 5.00 6.85 8.77 17.52 5.77
45.44 205.32 219.25 6.00 10.00 6.00 6.32 8.11 5.25 6.25
28.39 251.47 160.30 6.00 17.00 2.00 5.89 9.58 6.81 4.17
30.78 285.46 183.00 3.00 16.00 3.00 6.91 10.02 20.03 4.70
47.61 223.07 171.36 1.00 12.00 14.00 7.12 6.05 0.00 0.00
69.78 102.28 259.44 1.00 6.00 19.00 5.66 6.24 0.67 0.00
79.50 74.81 355.13 2.00 3.00 13.00 6.13 7.47 5.62 3.65
50.17 184.84 229.74 2.00 13.00 6.00 6.20 7.68 0.00 12.45
20.11 235.84 82.96 2.00 23.00 4.00 4.93 6.91 7.10 0.13
30.28 176.39 124.42 6.00 20.00 7.00 4.24 6.94 9.59 2.58
