34.51 1106.20 971.42 18.00 48.00 9.00 7.07 11.87 7.04 3.90
33.93 1026.62 906.96 17.00 58.00 11.00 6.50 11.26 9.66 4.22
33.03 1035.89 849.85 15.00 58.00 11.00 6.47 10.83 10.23 5.51
33.38 1008.98 841.98 15.00 59.00 11.00 6.33 10.62 10.30 5.46
35.71 943.28 875.07 17.00 60.00 12.00 6.14 10.32 9.84 5.39
34.28 964.04 805.39 16.00 60.00 14.00 6.13 9.90 11.16 5.65
37.39 920.46 893.95 13.00 57.00 14.00 6.15 10.05 10.78 7.03
40.90 876.89 977.27 12.00 51.00 15.00 6.21 10.04 10.97 6.85
35.74 1005.24 842.69 12.00 49.00 13.00 6.54 9.90 10.96 6.84
43.01 943.93 1028.76 13.00 36.00 15.00 6.93 10.05 10.90 7.82
46.62 835.88 1092.85 17.00 35.00 16.00 6.56 9.85 9.82 7.12
46.32 848.55 1077.89 15.00 33.00 16.00 6.62 9.78 10.78 7.47
47.03 854.07 1088.84 13.00 32.00 17.00 6.75 9.72 10.00 8.10
47.47 882.46 1061.68 14.00 28.00 17.00 7.03 9.39 9.84 7.22
49.89 814.57 1099.99 16.00 26.00 22.00 6.81 9.25 8.93 7.57
50.29 774.52 1121.62 15.00 29.00 22.00 6.53 9.36 6.14 7.99
51.57 737.82 1163.06 15.00 28.00 22.00 6.38 9.47 10.32 7.97
47.72 781.51 1058.53 14.00 31.00 19.00 6.26 9.31 10.14 6.57
42.22 887.05 917.81 11.00 36.00 19.00 6.42 9.12 10.60 6.94
44.32 879.76 922.75 11.00 37.00 24.00 6.61 8.73 13.06 7.24
41.74 883.69 870.07 10.00 40.00 21.00 6.34 8.74 12.53 9.08
47.44 774.18 1008.71 9.00 41.00 21.00 6.16 8.91 13.34 9.87
41.47 885.45 896.24 7.00 46.00 16.00 6.32 9.06 13.64 10.29
44.40 868.96 925.11 8.00 41.00 20.00 6.53 8.73 13.75 10.14
45.21 831.96 911.84 11.00 44.00 21.00 6.35 8.46 12.20 10.43
41.76 893.12 862.49 12.00 48.00 20.00 6.42 8.66 12.49 10.31
42.67 914.60 891.45 11.00 48.00 20.00 6.68 8.76 14.56 10.41
44.74 862.49 884.26 10.00 47.00 26.00 6.53 8.30 13.93 10.74
47.86 815.29 909.55 11.00 44.00 32.00 6.54 7.97 13.56 10.70
48.86 796.37 896.52 11.00 43.00 34.00 6.52 7.70 13.31 10.73
49.04 778.04 891.88 12.00 45.00 34.00 6.39 7.63 12.44 10.50
43.90 785.99 769.75 11.00 55.00 33.00 5.86 7.36 11.89 10.65
45.25 748.97 797.04 12.00 55.00 35.00 5.72 7.39 13.15 10.17
