37.03 1515.76 1463.79 26.00 75.00 17.00 6.72 11.10 8.53 4.82
36.29 1490.98 1415.47 25.00 77.00 19.00 6.53 10.95 9.57 4.96
36.08 1482.41 1355.13 22.00 79.00 19.00 6.47 10.53 9.92 6.01
36.70 1480.70 1347.90 21.00 78.00 19.00 6.52 10.29 10.10 6.06
33.61 1538.95 1225.39 21.00 83.00 17.00 6.46 10.22 11.36 6.06
37.86 1443.60 1325.86 21.00 77.00 21.00 6.48 9.82 11.58 7.52
41.94 1309.82 1481.93 23.00 71.00 22.00 6.29 9.91 10.80 7.11
43.69 1253.79 1549.24 21.00 66.00 23.00 6.21 9.94 11.21 7.27
45.37 1263.85 1581.22 21.00 58.00 25.00 6.45 9.76 9.76 7.54
45.31 1346.82 1570.82 22.00 47.00 25.00 6.87 9.71 9.68 7.02
47.32 1261.17 1604.86 23.00 47.00 30.00 6.68 9.49 9.09 7.40
47.98 1246.24 1627.54 21.00 47.00 30.00 6.69 9.49 9.44 7.68
44.19 1333.28 1514.16 19.00 51.00 27.00 6.66 9.59 11.40 7.79
46.82 1261.14 1578.15 19.00 49.00 26.00 6.62 9.43 10.92 7.38
45.17 1276.33 1507.04 21.00 50.00 27.00 6.49 9.34 10.70 7.24
45.97 1256.59 1494.72 20.00 52.00 32.00 6.49 9.10 10.93 7.65
49.37 1142.30 1608.30 19.00 49.00 33.00 6.29 9.11 10.81 8.88
48.27 1177.00 1550.84 18.00 51.00 32.00 6.35 8.98 11.30 8.73
43.89 1310.80 1407.01 13.00 58.00 30.00 6.51 8.96 12.01 9.54
46.70 1267.16 1474.76 14.00 55.00 34.00 6.63 8.82 13.72 9.33
42.97 1311.17 1336.74 17.00 63.00 31.00 6.41 8.70 12.67 9.46
43.02 1271.96 1378.90 17.00 69.00 28.00 6.22 8.97 12.66 9.21
40.35 1376.36 1298.49 16.00 72.00 25.00 6.43 9.00 15.10 9.27
42.27 1344.06 1257.43 15.00 70.00 36.00 6.49 8.32 13.52 10.65
46.90 1219.84 1354.72 15.00 66.00 43.00 6.41 8.08 13.11 10.84
49.03 1191.71 1388.98 15.00 63.00 47.00 6.52 7.92 13.62 11.59
48.44 1201.72 1381.08 14.00 67.00 45.00 6.50 7.97 13.49 11.69
46.43 1173.39 1322.35 14.00 73.00 43.00 6.11 7.96 12.87 10.64
45.31 1176.51 1263.71 19.00 77.00 45.00 6.00 7.80 12.81 10.07
