34.57 1329.22 1169.09 20.00 67.00 13.00 6.80 11.40 9.27 5.03
36.29 1222.43 1144.55 21.00 66.00 15.00 6.42 10.62 9.15 5.14
35.58 1203.26 1085.65 18.00 73.00 16.00 6.25 10.27 10.67 6.39
34.67 1256.16 1033.69 16.00 67.00 15.00 6.43 10.03 11.56 6.55
44.26 1058.89 1290.93 19.00 53.00 20.00 6.36 9.81 10.01 7.39
47.49 1040.83 1383.13 19.00 40.00 21.00 6.64 9.79 9.62 7.38
46.92 1074.41 1310.57 17.00 39.00 26.00 6.78 9.37 9.18 8.00
46.01 1073.45 1303.58 18.00 38.00 23.00 6.66 9.52 11.45 7.39
49.44 940.71 1366.52 18.00 40.00 26.00 6.23 9.28 9.66 7.71
43.58 1088.65 1159.59 12.00 45.00 26.00 6.45 8.92 11.64 8.77
42.48 1105.85 1117.48 11.00 53.00 25.00 6.43 8.82 12.89 9.98
42.27 1090.77 1115.50 13.00 56.00 22.00 6.32 8.86 13.99 9.91
42.32 1117.56 1094.84 14.00 60.00 24.00 6.48 8.68 13.96 9.55
48.09 1016.88 1151.34 12.00 54.00 39.00 6.56 8.03 13.35 11.50
48.32 1000.13 1139.30 13.00 57.00 38.00 6.48 7.91 13.78 11.11
45.29 954.43 1016.30 18.00 65.00 41.00 5.84 7.54 11.63 9.30
