41.03 2370.05 2552.64 39.00 107.00 34.00 6.73 10.46 9.49 6.34
40.76 2373.44 2478.00 39.00 105.00 36.00 6.71 10.22 9.67 6.38
41.61 2297.05 2455.12 38.00 105.00 41.00 6.59 9.92 9.63 6.75
42.14 2255.29 2469.52 36.00 107.00 41.00 6.52 9.85 9.81 6.99
40.79 2276.78 2389.23 36.00 111.00 39.00 6.43 9.84 11.09 6.97
41.81 2225.18 2384.39 35.00 109.00 40.00 6.40 9.58 11.03 7.21
42.06 2196.86 2400.98 34.00 107.00 41.00 6.34 9.59 10.79 7.17
43.94 2133.55 2471.99 32.00 103.00 47.00 6.37 9.45 11.72 7.38
43.92 2147.54 2451.77 31.00 98.00 46.00 6.41 9.37 10.98 8.15
46.17 2121.00 2579.60 31.00 88.00 47.00 6.59 9.38 11.11 8.44
44.98 2146.68 2501.10 30.00 93.00 46.00 6.53 9.33 11.39 8.68
46.55 2115.71 2552.65 29.00 88.00 50.00 6.62 9.20 12.29 8.73
44.59 2165.24 2426.07 30.00 95.00 48.00 6.54 9.13 11.74 8.91
44.80 2154.42 2440.65 31.00 97.00 46.00 6.53 9.14 11.57 8.63
44.17 2191.00 2398.49 32.00 98.00 47.00 6.57 9.12 12.73 8.50
45.48 2119.08 2379.04 30.00 99.00 58.00 6.50 8.78 12.22 9.47
48.77 1957.66 2517.86 30.00 94.00 65.00 6.40 8.67 12.02 9.61
48.51 1973.37 2447.52 29.00 94.00 66.00 6.41 8.47 12.17 9.67
45.95 2088.84 2298.89 25.00 103.00 64.00 6.46 8.39 12.82 10.06
45.58 2053.15 2245.17 25.00 110.00 67.00 6.31 8.26 12.95 9.97
43.88 2060.28 2133.78 29.00 118.00 66.00 6.14 8.16 12.86 9.76
