34.57 1329.22 1169.09 20.00 67.00 13.00 6.80 11.40 9.27 5.03
34.37 1278.15 1143.35 21.00 68.00 13.00 6.52 11.21 9.20 4.87
36.29 1222.43 1144.55 21.00 66.00 15.00 6.42 10.62 9.15 5.14
35.88 1221.81 1114.09 19.00 68.00 17.00 6.38 10.45 10.55 5.42
35.58 1203.26 1085.65 18.00 73.00 16.00 6.25 10.27 10.67 6.39
35.59 1222.93 1039.20 18.00 70.00 16.00 6.35 9.83 10.57 6.39
34.67 1256.16 1033.69 16.00 67.00 15.00 6.43 10.03 11.56 6.55
42.57 1097.56 1263.93 15.00 58.00 20.00 6.39 9.98 12.17 8.14
44.26 1058.89 1290.93 19.00 53.00 20.00 6.36 9.81 10.01 7.39
44.28 1100.15 1314.07 19.00 44.00 18.00 6.61 9.98 10.00 6.89
47.49 1040.83 1383.13 19.00 40.00 21.00 6.64 9.79 9.62 7.38
47.16 1095.22 1334.64 18.00 36.00 23.00 6.94 9.50 10.25 7.48
46.92 1074.41 1310.57 17.00 39.00 26.00 6.78 9.37 9.18 8.00
48.40 1033.48 1354.57 17.00 39.00 24.00 6.71 9.40 8.94 7.54
46.01 1073.45 1303.58 18.00 38.00 23.00 6.66 9.52 11.45 7.39
48.02 1002.18 1345.19 17.00 39.00 24.00 6.45 9.41 9.73 7.77
49.44 940.71 1366.52 18.00 40.00 26.00 6.23 9.28 9.66 7.71
45.32 1035.92 1208.06 17.00 44.00 27.00 6.34 8.95 11.28 6.63
43.58 1088.65 1159.59 12.00 45.00 26.00 6.45 8.92 11.64 8.77
48.06 1020.84 1265.53 12.00 44.00 29.00 6.57 8.83 12.77 9.53
42.48 1105.85 1117.48 11.00 53.00 25.00 6.43 8.82 12.89 9.98
45.94 1020.50 1217.94 11.00 52.00 26.00 6.31 8.89 14.27 9.57
42.27 1090.77 1115.50 13.00 56.00 22.00 6.32 8.86 13.99 9.91
41.20 1120.43 1086.07 14.00 58.00 22.00 6.38 8.85 11.77 9.77
42.32 1117.56 1094.84 14.00 60.00 24.00 6.48 8.68 13.96 9.55
42.93 1116.74 1033.85 13.00 60.00 34.00 6.55 8.09 14.24 11.27
48.09 1016.88 1151.34 12.00 54.00 39.00 6.56 8.03 13.35 11.50
51.69 937.45 1239.39 12.00 50.00 39.00 6.50 8.04 13.18 11.27
48.32 1000.13 1139.30 13.00 57.00 38.00 6.48 7.91 13.78 11.11
43.11 1032.31 979.48 13.00 66.00 38.00 6.07 7.63 13.07 10.00
45.29 954.43 1016.30 18.00 65.00 41.00 5.84 7.54 11.63 9.30
