51.32 1223.67 1572.56 25.00 35.00 29.00 8.44 10.31 6.65 4.58
49.14 1272.21 1412.35 22.00 38.00 34.00 8.39 9.66 7.00 7.79
50.86 1127.68 1434.37 25.00 40.00 38.00 7.70 9.49 7.22 7.66
46.60 1187.56 1278.42 23.00 47.00 36.00 7.46 9.23 7.91 7.94
51.23 1070.84 1374.17 22.00 45.00 42.00 7.36 9.01 8.68 8.75
48.04 1143.12 1267.33 18.00 47.00 42.00 7.37 8.85 10.21 9.70
46.76 1125.51 1182.99 17.00 52.00 42.00 7.07 8.49 12.85 9.87
49.90 1007.87 1270.39 17.00 52.00 44.00 6.73 8.54 12.53 10.13
52.26 901.88 1308.89 17.00 55.00 50.00 6.32 8.40 12.46 10.00
51.01 927.16 1234.93 16.00 58.00 54.00 6.33 8.12 12.42 10.43
44.50 994.08 1067.22 14.00 70.00 48.00 5.99 8.04 12.00 7.47
39.43 1071.19 982.21 15.00 76.00 38.00 5.91 8.36 14.02 7.34
42.92 1011.62 1065.53 11.00 72.00 39.00 5.92 8.32 14.27 8.18
44.08 952.72 1087.69 11.00 74.00 40.00 5.69 8.27 14.72 8.00
38.64 1074.33 948.42 11.00 81.00 34.00 5.85 8.23 14.32 7.11
47.01 870.65 1120.27 14.00 74.00 43.00 5.49 8.00 11.73 7.30
46.36 823.71 1112.69 16.00 78.00 45.00 5.14 8.07 11.01 7.62
42.38 918.79 994.02 17.00 82.00 43.00 5.33 7.89 11.33 7.25
43.61 949.36 954.24 16.00 77.00 47.00 5.63 7.35 12.36 8.28
48.86 838.63 965.99 14.00 72.00 66.00 5.48 6.63 13.03 14.09
56.16 766.25 1050.81 12.00 59.00 85.00 5.84 6.27 11.65 22.22
58.43 727.84 1129.45 12.00 58.00 86.00 5.86 6.48 11.56 22.02
52.76 841.05 988.36 13.00 65.00 83.00 5.96 6.28 11.07 21.30
59.07 739.94 1087.82 13.00 54.00 97.00 6.05 6.17 10.72 22.00
60.99 684.30 1109.94 20.00 51.00 102.00 5.88 6.11 9.08 18.66
55.21 814.88 1012.21 18.00 57.00 95.00 6.09 6.14 9.51 19.44
56.71 797.58 1078.58 15.00 55.00 92.00 6.17 6.36 9.63 20.98
56.18 837.47 1088.00 14.00 53.00 89.00 6.40 6.48 9.43 21.53
55.62 823.52 1098.61 14.00 56.00 87.00 6.21 6.61 10.28 9.59
48.20 947.39 1057.34 15.00 67.00 62.00 6.12 7.35 10.43 9.63
40.29 1048.96 983.64 17.00 80.00 42.00 5.88 8.20 10.34 9.21
