48.67 830.29 951.79 15.00 21.00 16.00 9.05 10.99 5.88 4.01
39.96 947.14 770.70 13.00 27.00 13.00 8.81 10.84 7.18 4.35
42.85 845.43 820.93 14.00 26.00 14.00 8.27 10.76 7.07 4.12
42.72 823.29 786.17 14.00 26.00 14.00 8.03 10.34 7.07 4.12
53.04 669.21 913.58 16.00 22.00 18.00 7.98 9.66 6.68 5.37
55.76 625.97 872.00 12.00 21.00 28.00 7.91 8.74 7.44 9.84
53.43 584.67 825.36 14.00 25.00 28.00 7.02 8.65 8.24 9.45
51.57 591.20 808.80 14.00 27.00 26.00 6.82 8.78 8.27 9.45
57.70 492.33 869.13 13.00 26.00 33.00 6.51 8.42 9.60 10.60
49.63 615.28 719.57 10.00 31.00 31.00 6.82 8.10 11.40 12.45
41.06 732.12 562.47 7.00 38.00 28.00 6.92 7.65 16.16 8.86
41.22 682.74 629.12 8.00 41.00 23.00 6.47 8.54 15.73 8.87
45.19 619.58 695.45 6.00 41.00 26.00 6.29 8.59 15.28 7.20
50.07 562.90 743.16 7.00 36.00 32.00 6.28 8.29 14.16 7.48
41.81 592.46 606.71 8.00 47.00 25.00 5.67 8.11 12.11 5.49
41.41 554.04 586.88 9.00 50.00 24.00 5.27 7.92 11.17 5.54
47.04 471.10 706.90 8.00 45.00 25.00 4.96 8.40 10.58 7.61
41.87 536.05 625.84 8.00 50.00 22.00 5.14 8.35 12.63 7.03
35.02 664.78 508.58 7.00 52.00 17.00 5.70 8.12 13.24 8.08
42.96 558.84 604.55 8.00 47.00 20.00 5.46 7.89 14.24 8.75
44.15 561.55 608.93 9.00 46.00 25.00 5.60 7.73 10.69 8.89
46.13 530.33 640.73 10.00 47.00 28.00 5.49 7.79 10.85 6.75
46.33 557.31 584.23 11.00 45.00 34.00 5.79 7.07 10.42 8.01
58.04 448.80 621.60 10.00 34.00 58.00 5.97 5.99 10.42 15.55
71.00 284.37 709.10 9.00 25.00 76.00 5.48 5.58 9.92 25.07
60.44 411.23 596.16 7.00 34.00 67.00 5.80 5.49 10.78 27.94
57.70 488.33 582.57 5.00 33.00 63.00 6.43 5.62 10.46 31.25
69.69 357.14 719.85 4.00 21.00 76.00 6.57 5.75 10.88 31.67
63.98 399.93 664.13 11.00 26.00 72.00 6.21 5.79 8.41 8.91
53.56 535.08 651.12 12.00 32.00 49.00 6.43 6.79 8.80 8.89
45.07 592.98 636.63 12.00 42.00 32.00 6.03 7.90 8.74 9.53
42.37 640.04 598.78 12.00 43.00 31.00 6.20 7.91 9.21 9.42
51.11 539.78 694.56 12.00 36.00 38.00 6.16 7.60 9.45 7.47
39.93 656.18 591.12 12.00 47.00 23.00 6.09 8.29 10.34 7.89
36.50 649.02 582.71 6.00 54.00 16.00 5.69 8.93 9.86 8.54
