47.91 2217.75 2639.85 39.00 105.00 78.00 7.13 9.26 9.39 7.42
44.29 2343.47 2394.56 37.00 114.00 72.00 7.04 9.08 10.94 7.63
46.89 2139.61 2499.90 36.00 112.00 77.00 6.74 8.95 10.80 8.23
45.34 2140.28 2366.11 34.00 122.00 76.00 6.55 8.76 11.53 8.44
44.94 2145.16 2322.59 33.00 126.00 76.00 6.52 8.67 11.76 8.60
47.53 2013.84 2387.59 32.00 121.00 85.00 6.42 8.43 12.20 8.79
46.56 1949.22 2296.68 33.00 130.00 87.00 6.10 8.28 11.96 8.88
46.14 1926.66 2264.67 34.00 134.00 87.00 5.98 8.24 11.93 8.86
47.93 1851.24 2263.20 33.00 132.00 97.00 5.95 7.92 12.44 9.23
49.93 1765.79 2201.28 30.00 130.00 120.00 5.90 7.39 12.74 12.21
50.33 1760.53 2118.03 26.00 129.00 133.00 5.93 7.05 13.10 16.32
48.93 1799.02 2112.11 27.00 134.00 124.00 5.89 7.23 12.97 16.03
47.84 1852.67 2053.89 24.00 138.00 122.00 5.94 7.19 13.33 16.63
51.57 1692.67 2175.72 24.00 128.00 137.00 5.84 7.07 13.05 17.07
49.82 1758.84 2058.36 31.00 132.00 136.00 5.86 6.93 12.23 15.58
51.11 1685.53 2132.83 32.00 131.00 138.00 5.77 7.00 10.63 15.38
51.53 1621.39 2191.27 31.00 133.00 137.00 5.60 7.13 10.52 15.65
49.28 1756.33 2082.01 31.00 136.00 132.00 5.79 7.08 10.83 15.60
49.62 1772.88 2053.00 30.00 133.00 134.00 5.89 6.94 11.45 15.99
48.53 1786.02 2023.32 29.00 139.00 128.00 5.80 6.99 11.76 16.33
48.22 1815.21 2034.52 29.00 139.00 127.00 5.86 7.07 10.86 16.32
