52.00 287.18 343.09 4.00 6.00 6.00 10.03 11.09 6.15 1.65
41.61 350.79 300.82 4.00 7.00 3.00 10.05 12.18 7.41 2.07
45.50 267.18 315.61 5.00 7.00 5.00 8.22 11.72 5.84 2.89
36.83 295.35 238.90 6.00 9.00 3.00 7.86 11.03 5.63 3.17
48.50 275.83 292.81 6.00 8.00 5.00 9.02 10.19 4.68 5.27
41.44 300.91 230.35 3.00 10.00 7.00 8.61 9.33 4.30 6.24
34.56 302.43 211.91 3.00 11.00 4.00 7.73 10.32 9.73 2.26
49.89 226.94 316.54 5.00 6.00 4.00 7.59 10.67 6.90 2.68
76.06 90.70 408.54 7.00 3.00 9.00 6.42 9.02 3.55 6.20
75.94 98.13 324.25 4.00 5.00 17.00 6.88 7.15 4.61 15.71
49.67 191.29 204.83 4.00 11.00 14.00 6.37 6.93 9.31 4.60
28.89 266.07 167.52 5.00 16.00 5.00 6.27 9.80 8.16 4.24
47.39 210.03 255.68 2.00 12.00 9.00 6.67 9.02 0.00 8.75
44.06 251.01 227.80 1.00 9.00 9.00 7.49 8.65 0.00 0.00
26.11 330.49 101.95 1.00 15.00 5.00 7.46 6.55 0.00 0.00
50.72 165.59 233.79 2.00 15.00 9.00 5.61 7.72 0.00 1.65
62.06 79.05 336.82 3.00 14.00 12.00 3.49 9.11 3.30 4.89
55.44 146.23 281.31 4.00 12.00 14.00 5.50 8.52 4.00 4.61
37.28 182.91 166.87 4.00 18.00 8.00 4.88 7.53 4.11 3.55
18.06 242.23 71.17 3.00 23.00 1.00 4.94 6.65 16.03 1.85
41.78 208.94 203.14 1.00 13.00 5.00 5.99 8.14 0.00 0.00
52.11 147.60 272.55 1.00 15.00 7.00 5.14 8.75 0.00 0.00
26.00 272.74 138.57 2.00 20.00 4.00 6.16 8.92 11.47 5.90
58.72 169.01 260.16 4.00 9.00 12.00 6.86 7.50 9.79 7.62
64.67 79.67 267.22 6.00 12.00 16.00 3.80 6.99 5.67 7.55
27.56 213.72 107.45 5.00 23.00 9.00 4.94 6.58 8.88 2.87
48.33 204.60 178.43 3.00 13.00 14.00 6.63 6.18 13.08 9.56
87.83 66.00 253.64 1.00 1.00 37.00 9.08 4.82 0.00 0.00
100.00 0.00 263.29 0.00 0.00 46.00 0.00 4.39 0.00 0.00
65.94 131.43 235.08 1.00 9.00 21.00 6.44 5.95 0.00 0.00
24.78 283.73 140.62 2.00 20.00 3.00 6.30 9.52 2.13 4.35
55.28 159.71 230.64 2.00 11.00 18.00 5.98 7.00 11.17 15.38
67.17 116.20 260.08 9.00 6.00 23.00 5.99 6.52 3.14 2.18
39.44 243.87 184.91 9.00 12.00 10.00 6.77 7.91 6.33 4.28
43.28 193.05 235.71 1.00 16.00 6.00 5.68 9.11 1.75 0.00
32.39 236.39 183.09 1.00 20.00 2.00 5.84 9.47 2.55 0.00
42.89 230.53 198.62 2.00 13.00 9.00 6.74 7.75 0.00 8.17
47.94 175.29 222.98 2.00 15.00 10.00 5.62 7.81 0.00 9.82
23.33 225.44 148.25 3.00 24.00 1.00 4.92 10.82 10.39 2.37
