45.14 1132.71 1164.02 18.00 32.00 20.00 8.66 10.86 7.03 3.76
42.44 1174.08 1087.62 18.00 33.00 17.00 8.55 10.79 7.19 3.79
51.15 936.39 1229.47 21.00 29.00 23.00 8.05 10.11 6.59 4.94
51.03 921.42 1110.90 18.00 31.00 31.00 7.89 9.15 6.81 8.56
52.19 860.50 1118.48 20.00 33.00 33.00 7.55 9.01 7.40 8.41
49.04 892.11 1039.52 17.00 37.00 33.00 7.34 8.89 8.67 8.86
51.92 795.01 1081.04 16.00 37.00 37.00 6.92 8.73 9.71 9.73
49.69 842.22 1036.60 15.00 37.00 35.00 7.01 8.75 10.26 10.44
49.81 822.82 971.08 14.00 41.00 38.00 6.86 8.17 13.71 10.66
49.90 780.93 953.37 12.00 46.00 40.00 6.52 8.01 14.06 11.63
46.31 811.18 900.28 10.00 52.00 40.00 6.31 8.15 14.07 8.15
44.78 828.96 910.69 12.00 53.00 37.00 6.28 8.53 13.18 7.85
43.21 802.48 862.39 10.00 59.00 34.00 5.90 8.36 12.63 7.34
42.07 805.12 814.69 10.00 59.00 33.00 5.80 8.11 14.86 7.57
41.81 801.59 809.84 9.00 60.00 30.00 5.75 8.12 14.25 7.24
44.08 701.64 859.88 10.00 65.00 31.00 5.24 8.17 11.92 6.89
41.78 743.83 845.47 10.00 66.00 29.00 5.34 8.48 11.85 7.37
46.08 705.06 886.22 12.00 59.00 34.00 5.47 8.08 12.20 7.41
42.43 744.66 775.80 13.00 64.00 33.00 5.41 7.69 11.99 7.90
39.11 772.56 712.35 13.00 70.00 29.00 5.30 7.66 12.54 8.04
45.19 766.25 787.36 12.00 59.00 39.00 5.84 7.32 11.65 9.07
56.56 596.40 894.37 11.00 49.00 65.00 5.74 6.63 11.65 14.87
59.75 557.31 847.67 11.00 45.00 80.00 5.79 5.94 10.42 22.95
60.01 580.23 856.68 11.00 43.00 79.00 6.07 5.98 10.60 23.00
59.44 568.10 849.79 11.00 45.00 79.00 5.86 5.99 11.01 22.93
59.15 570.94 827.30 9.00 45.00 85.00 5.85 5.85 10.91 25.64
60.07 604.53 842.72 14.00 39.00 86.00 6.34 5.87 9.66 21.64
62.12 601.08 904.76 13.00 33.00 86.00 6.65 6.09 8.80 22.29
58.81 592.98 899.99 12.00 42.00 78.00 6.03 6.40 8.74 9.53
48.26 771.47 834.36 13.00 52.00 52.00 6.24 7.24 9.43 9.18
44.53 823.52 835.25 14.00 56.00 41.00 6.21 7.86 10.28 9.59
43.76 815.96 821.76 14.00 58.00 41.00 6.07 7.88 10.43 9.91
44.17 765.22 842.95 15.00 60.00 39.00 5.73 8.02 9.86 7.33
