49.09 2034.84 2472.91 35.00 87.00 70.00 7.44 9.40 9.92 7.67
47.20 2101.24 2323.04 34.00 91.00 71.00 7.40 9.18 10.10 7.88
47.46 1930.47 2296.76 35.00 99.00 72.00 6.84 9.03 9.67 7.81
44.59 1992.68 2093.11 33.00 107.00 69.00 6.69 8.76 11.20 8.05
47.04 1872.43 2184.01 31.00 105.00 72.00 6.58 8.66 11.26 8.74
46.28 1844.83 2127.21 28.00 112.00 73.00 6.38 8.56 12.42 8.89
44.54 1869.34 2029.46 27.00 118.00 71.00 6.26 8.49 12.57 9.11
48.20 1712.94 2156.87 29.00 111.00 78.00 6.15 8.34 12.43 9.15
47.89 1646.54 2084.76 30.00 119.00 83.00 5.87 8.12 12.25 9.19
45.72 1699.72 1947.64 29.00 128.00 83.00 5.82 7.95 12.49 9.44
44.81 1760.53 1854.59 26.00 129.00 87.00 5.93 7.72 13.10 8.25
47.04 1667.59 1877.03 26.00 125.00 103.00 5.85 7.44 13.09 11.57
50.40 1568.93 1913.20 22.00 118.00 119.00 5.88 7.07 13.63 17.24
51.16 1532.96 1944.59 22.00 117.00 119.00 5.83 7.08 13.25 17.21
47.89 1642.64 1798.21 22.00 126.00 113.00 5.85 6.99 13.20 17.03
52.41 1441.58 1947.92 23.00 119.00 128.00 5.63 6.92 11.39 17.19
52.45 1428.34 1955.41 30.00 117.00 131.00 5.59 6.95 10.65 15.82
51.15 1519.94 1898.78 30.00 116.00 129.00 5.79 6.92 10.79 15.79
50.36 1542.34 1854.39 28.00 119.00 125.00 5.78 6.86 10.99 16.39
48.59 1610.10 1800.35 27.00 124.00 118.00 5.82 6.90 11.42 16.66
50.99 1589.77 1886.13 26.00 115.00 126.00 6.03 6.89 10.90 16.98
51.91 1543.80 1951.71 26.00 116.00 127.00 5.97 7.00 10.97 16.85
48.94 1606.27 1831.38 28.00 125.00 122.00 5.85 6.97 10.43 16.35
