47.47 1955.79 2135.10 32.00 73.00 58.00 7.80 9.45 10.32 7.71
46.17 1955.02 2041.47 30.00 79.00 57.00 7.60 9.28 10.64 8.17
48.73 1747.56 2129.82 31.00 81.00 64.00 7.14 9.18 10.31 8.12
47.90 1750.46 2021.59 30.00 84.00 68.00 7.03 8.86 10.32 8.35
47.70 1663.29 1980.87 30.00 92.00 67.00 6.66 8.71 10.06 8.31
45.56 1697.23 1854.21 27.00 97.00 66.00 6.52 8.53 12.13 8.55
46.86 1596.60 1890.88 25.00 97.00 67.00 6.28 8.46 12.12 9.32
46.89 1543.93 1896.48 25.00 102.00 66.00 6.08 8.48 12.71 9.31
45.79 1566.66 1817.54 24.00 107.00 67.00 6.04 8.32 13.01 9.48
47.99 1486.00 1839.84 24.00 105.00 74.00 5.97 8.04 13.17 9.80
44.37 1555.84 1676.15 23.00 116.00 73.00 5.84 7.93 12.99 8.06
41.94 1601.52 1623.39 25.00 123.00 66.00 5.77 8.13 12.83 7.91
44.20 1568.93 1649.75 22.00 118.00 73.00 5.88 7.83 13.63 8.35
49.31 1401.53 1709.51 21.00 108.00 98.00 5.78 7.27 13.44 12.24
50.78 1358.91 1657.52 20.00 106.00 110.00 5.77 6.84 13.44 17.74
52.05 1281.87 1716.78 21.00 108.00 110.00 5.59 6.91 11.41 17.34
50.61 1312.15 1695.26 21.00 111.00 108.00 5.55 7.02 11.53 17.43
52.62 1276.00 1713.87 21.00 104.00 119.00 5.63 6.82 11.64 17.94
51.25 1349.29 1618.52 27.00 103.00 119.00 5.79 6.62 11.16 16.58
50.62 1373.71 1617.11 26.00 104.00 115.00 5.82 6.70 11.45 16.91
52.00 1359.23 1687.51 24.00 101.00 117.00 5.92 6.80 10.22 17.50
52.41 1367.88 1728.73 24.00 101.00 117.00 6.01 6.91 10.47 17.26
52.14 1380.83 1682.99 25.00 101.00 121.00 6.03 6.76 10.38 17.06
51.89 1396.19 1678.94 25.00 101.00 120.00 6.07 6.78 10.51 17.17
51.81 1333.32 1692.81 26.00 105.00 118.00 5.79 6.85 10.34 16.88
