51.32 1223.67 1572.56 25.00 35.00 29.00 8.44 10.31 6.65 4.58
50.86 1127.68 1434.37 25.00 40.00 38.00 7.70 9.49 7.22 7.66
51.23 1070.84 1374.17 22.00 45.00 42.00 7.36 9.01 8.68 8.75
46.76 1125.51 1182.99 17.00 52.00 42.00 7.07 8.49 12.85 9.87
52.26 901.88 1308.89 17.00 55.00 50.00 6.32 8.40 12.46 10.00
44.50 994.08 1067.22 14.00 70.00 48.00 5.99 8.04 12.00 7.47
42.92 1011.62 1065.53 11.00 72.00 39.00 5.92 8.32 14.27 8.18
38.64 1074.33 948.42 11.00 81.00 34.00 5.85 8.23 14.32 7.11
46.36 823.71 1112.69 16.00 78.00 45.00 5.14 8.07 11.01 7.62
43.61 949.36 954.24 16.00 77.00 47.00 5.63 7.35 12.36 8.28
56.16 766.25 1050.81 12.00 59.00 85.00 5.84 6.27 11.65 22.22
52.76 841.05 988.36 13.00 65.00 83.00 5.96 6.28 11.07 21.30
60.99 684.30 1109.94 20.00 51.00 102.00 5.88 6.11 9.08 18.66
56.71 797.58 1078.58 15.00 55.00 92.00 6.17 6.36 9.63 20.98
55.62 823.52 1098.61 14.00 56.00 87.00 6.21 6.61 10.28 9.59
40.29 1048.96 983.64 17.00 80.00 42.00 5.88 8.20 10.34 9.21
