50.52 1625.30 2033.14 31.00 58.00 53.00 7.87 9.66 8.11 7.52
45.52 1789.36 1807.68 28.00 64.00 48.00 7.86 9.53 9.08 8.16
46.83 1668.51 1792.01 28.00 67.00 52.00 7.51 9.19 10.81 8.22
46.83 1604.23 1740.02 26.00 72.00 54.00 7.22 8.92 10.95 8.73
49.19 1480.38 1813.93 26.00 74.00 59.00 6.97 8.84 10.83 8.72
49.48 1455.01 1782.69 24.00 74.00 65.00 6.89 8.63 11.26 8.90
47.59 1387.47 1687.75 24.00 84.00 62.00 6.33 8.50 10.85 8.87
46.14 1396.33 1623.48 24.00 87.00 59.00 6.20 8.43 12.39 8.93
48.62 1293.92 1678.97 22.00 86.00 63.00 6.02 8.27 12.54 9.73
46.46 1316.99 1579.46 20.00 96.00 62.00 5.88 8.14 13.59 10.10
41.47 1475.95 1408.93 17.00 104.00 57.00 6.02 8.13 13.74 8.11
44.00 1387.80 1515.59 20.00 100.00 57.00 5.92 8.26 13.67 8.09
43.61 1364.23 1471.32 19.00 105.00 59.00 5.78 8.09 13.58 8.15
43.81 1335.46 1455.87 20.00 106.00 61.00 5.68 7.97 13.14 8.20
43.75 1358.91 1394.07 20.00 106.00 64.00 5.77 7.64 13.44 7.84
50.06 1150.44 1481.70 20.00 99.00 89.00 5.50 7.09 11.47 12.05
54.30 1028.41 1554.57 19.00 91.00 105.00 5.38 6.86 11.47 18.19
52.24 1116.29 1482.74 19.00 93.00 101.00 5.58 6.80 11.70 18.16
48.98 1233.09 1358.37 18.00 97.00 96.00 5.77 6.64 12.27 18.75
52.21 1129.77 1432.20 17.00 92.00 105.00 5.65 6.57 12.59 19.80
53.25 1166.18 1451.65 23.00 85.00 111.00 5.96 6.53 10.32 17.79
55.27 1131.49 1545.50 23.00 81.00 114.00 6.05 6.70 10.34 17.55
53.46 1150.30 1484.38 23.00 87.00 112.00 5.91 6.65 9.50 17.60
52.45 1220.27 1455.96 23.00 86.00 110.00 6.14 6.65 9.88 17.61
55.87 1107.89 1544.42 23.00 81.00 117.00 6.00 6.62 10.26 17.69
50.91 1227.19 1418.42 21.00 92.00 108.00 5.97 6.67 10.55 18.40
49.97 1253.55 1425.59 20.00 93.00 102.00 5.99 6.83 10.69 18.70
