48.75 554.46 658.70 9.00 13.00 11.00 9.06 11.38 6.48 2.50
39.22 646.14 540.35 10.00 16.00 6.00 8.92 11.65 6.53 3.16
47.00 543.00 608.70 11.00 15.00 10.00 8.61 10.93 5.32 4.50
39.14 596.36 469.25 9.00 20.00 10.00 8.22 10.12 7.05 4.98
41.53 578.26 505.04 9.00 19.00 9.00 8.30 10.24 7.50 4.55
45.67 527.85 547.27 8.00 16.00 11.00 8.14 10.06 7.97 4.15
55.31 393.38 620.45 10.00 14.00 13.00 7.38 9.42 7.64 5.45
62.92 325.07 641.27 9.00 11.00 21.00 7.36 8.54 6.07 11.08
62.86 281.99 613.44 11.00 14.00 24.00 6.38 8.19 7.06 10.52
52.42 364.26 491.77 9.00 21.00 22.00 6.42 7.87 8.87 11.57
48.53 401.63 460.52 6.00 23.00 23.00 6.53 7.95 11.79 8.23
36.47 517.08 395.33 6.00 26.00 14.00 6.81 9.10 12.25 9.39
36.75 540.52 357.64 3.00 27.00 14.00 7.13 8.14 7.60 8.74
47.39 416.67 461.60 3.00 24.00 18.00 6.61 8.16 16.28 5.46
44.08 409.55 439.76 4.00 29.00 17.00 6.12 8.37 16.17 4.29
53.08 311.81 515.36 6.00 27.00 23.00 5.56 8.14 4.12 5.43
49.67 261.96 503.76 7.00 32.00 20.00 4.36 8.51 3.82 5.57
36.75 388.45 352.84 7.00 35.00 15.00 5.13 8.06 11.93 4.13
39.53 392.04 370.01 5.00 31.00 13.00 5.42 7.85 12.48 8.80
35.08 389.83 344.17 4.00 38.00 8.00 5.01 8.22 14.88 9.34
33.89 481.67 341.71 3.00 34.00 9.00 6.08 8.44 12.34 9.46
55.42 316.61 532.93 5.00 24.00 19.00 5.94 8.09 12.57 7.24
45.33 352.62 405.79 8.00 32.00 20.00 5.40 7.55 8.30 7.20
43.14 382.73 367.96 9.00 32.00 21.00 5.64 7.21 9.27 6.59
56.50 284.37 445.65 9.00 25.00 30.00 5.48 6.64 9.92 8.41
57.69 279.79 361.08 6.00 25.00 46.00 5.54 5.24 10.72 18.93
74.17 204.60 441.88 3.00 13.00 60.00 6.63 4.97 13.08 37.59
76.89 197.43 488.72 2.00 10.00 58.00 7.14 5.30 0.00 36.67
62.39 283.73 403.98 2.00 20.00 49.00 6.30 5.40 2.13 4.35
60.61 291.14 466.22 3.00 20.00 39.00 6.18 6.43 10.88 12.68
45.97 399.93 400.77 11.00 26.00 26.00 6.21 7.33 8.41 8.91
47.36 403.65 415.54 11.00 23.00 28.00 6.43 7.38 8.15 9.08
55.22 309.25 495.94 10.00 22.00 29.00 5.79 7.54 6.43 6.34
35.92 480.26 368.14 10.00 32.00 13.00 6.28 8.61 8.63 6.21
43.08 423.58 434.32 3.00 30.00 15.00 6.21 8.43 3.24 7.14
40.17 412.31 406.07 3.00 35.00 12.00 5.75 8.48 1.97 9.22
33.11 455.97 347.01 5.00 37.00 10.00 5.69 8.81 11.11 8.34
