32.89 1513.71 1053.04 36.00 33.00 4.00 9.64 13.77 6.11 2.53
41.40 1320.44 1143.63 31.00 26.00 20.00 9.63 11.78 6.43 3.58
47.42 1141.15 1121.21 30.00 23.00 37.00 9.25 10.04 5.28 6.00
43.47 1253.63 1000.24 32.00 24.00 37.00 9.44 9.79 4.65 5.63
39.92 1330.27 879.39 31.00 27.00 36.00 9.41 9.36 5.32 5.74
40.42 1300.31 881.99 31.00 30.00 36.00 9.27 9.25 5.79 5.73
40.04 1253.01 803.78 28.00 33.00 36.00 8.86 8.50 6.01 5.88
35.00 1355.81 616.59 26.00 37.00 35.00 8.81 7.43 6.28 6.11
32.74 1338.86 556.14 23.00 42.00 35.00 8.39 7.17 6.65 6.28
23.39 1576.83 434.04 25.00 46.00 18.00 8.67 7.87 6.50 1.20
16.81 1767.20 416.95 29.00 49.00 2.00 8.96 10.63 6.80 1.17
15.86 1825.89 400.42 26.00 49.00 3.00 9.16 10.81 5.74 1.56
17.00 1813.88 452.30 26.00 48.00 3.00 9.23 11.40 5.98 1.55
15.76 1827.38 412.93 26.00 44.00 3.00 9.16 11.25 6.41 1.54
13.97 1889.11 404.36 27.00 42.00 2.00 9.27 12.54 6.86 1.26
14.76 1866.66 452.20 27.00 41.00 2.00 9.25 13.27 6.51 1.28
16.17 1977.90 490.65 28.00 35.00 2.00 10.00 13.19 6.28 1.31
18.10 1852.59 540.70 29.00 37.00 3.00 9.58 12.94 6.26 1.59
24.50 1702.56 793.61 31.00 32.00 6.00 9.58 14.05 5.96 1.74
27.24 1623.51 933.72 35.00 29.00 4.00 9.49 14.95 5.53 1.50
30.33 1617.77 1051.14 41.00 24.00 4.00 9.92 15.11 4.83 1.48
32.17 1657.47 1106.65 41.00 22.00 4.00 10.47 14.98 4.56 1.57
36.00 1621.74 1233.88 40.00 18.00 8.00 10.88 14.88 4.60 1.83
46.42 1372.60 1258.61 37.00 15.00 30.00 11.03 11.65 4.39 5.99
57.06 1054.68 1267.33 35.00 12.00 59.00 10.59 9.47 4.04 11.04
64.43 932.20 1227.82 33.00 8.00 79.00 11.36 8.10 3.99 14.82
68.49 826.18 1048.22 26.00 8.00 97.00 11.34 6.46 4.39 17.26
72.78 694.03 1024.11 21.00 8.00 104.00 10.98 5.91 4.92 19.00
76.90 580.33 1031.20 12.00 9.00 110.00 10.73 5.62 5.97 24.19
80.35 492.16 1162.88 19.00 5.00 110.00 10.78 6.07 2.28 20.42
81.12 429.10 1199.64 23.00 6.00 107.00 9.73 6.21 2.33 8.31
71.82 679.09 1204.65 26.00 7.00 85.00 10.27 7.07 3.28 7.88
63.35 820.17 1220.96 34.00 14.00 57.00 9.52 8.15 2.94 7.11
