29.86 3838.80 1880.39 76.00 94.00 41.00 9.29 10.75 6.30 4.09
28.91 3844.21 1791.75 71.00 93.00 41.00 9.17 10.57 6.64 4.20
28.92 3809.01 1762.61 72.00 92.00 41.00 9.07 10.40 6.46 4.17
26.58 3976.36 1627.62 70.00 94.00 40.00 9.17 10.46 6.41 4.04
25.62 4136.13 1551.29 68.00 91.00 39.00 9.42 10.34 6.18 4.08
26.72 4033.61 1621.61 71.00 90.00 40.00 9.32 10.36 6.17 4.04
28.17 3944.40 1777.30 73.00 87.00 42.00 9.31 10.79 6.16 3.92
27.95 3949.40 1775.55 76.00 87.00 41.00 9.29 10.89 6.13 3.86
28.84 3943.64 1878.33 81.00 85.00 41.00 9.40 11.18 5.83 3.64
25.22 4181.39 1754.70 81.00 89.00 24.00 9.49 11.99 6.08 1.49
24.36 4289.77 1875.28 82.00 88.00 12.00 9.63 13.32 6.13 1.64
27.76 4095.33 1886.06 75.00 84.00 33.00 9.63 11.68 5.87 4.39
32.48 3860.41 1939.23 72.00 77.00 62.00 9.72 10.21 5.89 7.85
36.32 3665.90 1967.44 73.00 68.00 83.00 9.79 9.24 5.80 10.15
39.55 3519.06 2021.74 71.00 62.00 103.00 9.91 8.70 5.81 10.76
43.06 3287.54 2183.08 71.00 59.00 110.00 9.83 8.62 5.52 10.84
46.51 3185.04 2353.62 70.00 52.00 116.00 10.15 8.59 5.45 11.36
48.00 3097.85 2483.54 75.00 48.00 116.00 10.17 8.79 5.24 11.00
50.08 2951.29 2657.97 76.00 45.00 117.00 10.10 9.02 5.02 10.91
50.14 2948.42 2690.36 75.00 42.00 115.00 10.09 9.12 4.98 10.96
51.02 2865.91 2707.96 80.00 43.00 117.00 9.99 9.03 4.58 10.65
