42.37 1595.56 1320.87 40.00 35.00 37.00 9.46 10.62 5.77 5.34
43.09 1580.57 1306.34 40.00 31.00 38.00 9.48 10.32 5.71 5.31
41.69 1570.27 1228.44 40.00 34.00 38.00 9.16 10.02 5.87 5.34
36.90 1689.82 1072.72 37.00 42.00 37.00 9.09 9.90 6.03 5.29
36.91 1679.89 1009.20 36.00 43.00 37.00 9.03 9.28 5.55 5.36
36.79 1720.02 984.69 37.00 41.00 37.00 9.23 9.08 5.60 5.30
33.43 1731.27 855.21 32.00 46.00 36.00 8.80 8.67 6.43 5.55
30.17 1816.59 712.81 31.00 49.00 35.00 8.78 7.99 6.64 5.65
29.50 1849.05 684.61 33.00 51.00 35.00 8.85 7.86 6.47 5.34
22.66 2086.03 563.06 35.00 55.00 20.00 9.11 8.46 6.20 1.41
17.36 2243.24 559.52 36.00 59.00 4.00 9.17 11.07 6.55 1.42
14.73 2263.64 485.41 31.00 61.00 3.00 8.96 11.31 6.36 1.47
16.16 2238.50 534.17 32.00 58.00 3.00 9.02 11.37 6.56 1.44
16.27 2286.46 554.90 33.00 52.00 3.00 9.23 11.76 6.44 1.41
14.33 2456.24 542.09 32.00 48.00 2.00 9.71 13.14 6.42 1.23
16.64 2313.43 636.92 34.00 49.00 3.00 9.40 13.25 6.14 1.50
22.91 2213.05 922.08 41.00 41.00 6.00 9.75 13.96 5.93 1.60
25.73 2132.59 1062.74 45.00 38.00 6.00 9.77 14.38 5.64 1.60
28.18 2094.21 1193.71 48.00 34.00 6.00 9.95 14.76 5.22 1.60
27.78 2095.26 1191.64 46.00 34.00 4.00 9.90 14.95 5.63 1.53
31.36 2045.74 1315.76 46.00 29.00 8.00 10.19 14.59 5.37 1.76
40.79 1831.55 1400.65 44.00 23.00 30.00 10.60 11.81 4.55 5.52
48.80 1621.74 1405.05 40.00 18.00 59.00 10.88 9.83 4.60 10.35
56.38 1379.43 1412.47 40.00 16.00 80.00 10.90 8.53 4.28 13.53
64.77 1062.72 1479.65 39.00 13.00 101.00 10.41 7.75 3.87 14.27
69.48 973.64 1546.16 37.00 10.00 107.00 11.05 7.53 3.83 14.67
70.10 970.50 1431.54 29.00 11.00 110.00 11.19 6.88 4.29 17.02
70.27 965.19 1420.80 30.00 9.00 110.00 11.18 6.81 4.33 16.79
71.99 857.08 1464.03 28.00 11.00 111.00 10.48 6.85 4.51 17.21
72.51 851.82 1498.72 29.00 8.00 111.00 10.59 6.97 3.17 16.95
70.68 820.17 1392.20 34.00 14.00 109.00 9.52 6.64 2.94 7.11
