42.37 1595.56 1320.87 40.00 35.00 37.00 9.46 10.62 5.77 5.34
41.69 1570.27 1228.44 40.00 34.00 38.00 9.16 10.02 5.87 5.34
36.91 1679.89 1009.20 36.00 43.00 37.00 9.03 9.28 5.55 5.36
33.43 1731.27 855.21 32.00 46.00 36.00 8.80 8.67 6.43 5.55
29.50 1849.05 684.61 33.00 51.00 35.00 8.85 7.86 6.47 5.34
17.36 2243.24 559.52 36.00 59.00 4.00 9.17 11.07 6.55 1.42
16.16 2238.50 534.17 32.00 58.00 3.00 9.02 11.37 6.56 1.44
14.33 2456.24 542.09 32.00 48.00 2.00 9.71 13.14 6.42 1.23
22.91 2213.05 922.08 41.00 41.00 6.00 9.75 13.96 5.93 1.60
28.18 2094.21 1193.71 48.00 34.00 6.00 9.95 14.76 5.22 1.60
31.36 2045.74 1315.76 46.00 29.00 8.00 10.19 14.59 5.37 1.76
48.80 1621.74 1405.05 40.00 18.00 59.00 10.88 9.83 4.60 10.35
64.77 1062.72 1479.65 39.00 13.00 101.00 10.41 7.75 3.87 14.27
70.10 970.50 1431.54 29.00 11.00 110.00 11.19 6.88 4.29 17.02
71.99 857.08 1464.03 28.00 11.00 111.00 10.48 6.85 4.51 17.21
70.68 820.17 1392.20 34.00 14.00 109.00 9.52 6.64 2.94 7.11
