31.01 3362.76 1737.82 69.00 84.00 39.00 9.19 10.62 6.36 4.23
30.99 3406.47 1706.76 66.00 81.00 41.00 9.30 10.43 6.37 4.33
30.72 3384.38 1680.74 66.00 82.00 41.00 9.20 10.36 6.17 4.34
27.51 3517.27 1485.65 63.00 86.00 40.00 9.13 10.24 6.37 4.24
26.72 3569.00 1413.56 63.00 85.00 39.00 9.16 10.03 6.30 4.23
27.00 3586.84 1436.89 64.00 82.00 39.00 9.24 10.08 6.34 4.20
25.76 3709.25 1345.86 60.00 81.00 38.00 9.40 9.91 6.39 4.23
24.80 3669.40 1253.51 60.00 86.00 38.00 9.17 9.57 6.46 4.27
27.28 3551.99 1478.22 64.00 83.00 41.00 9.19 10.29 6.23 4.03
24.69 3709.64 1496.78 70.00 84.00 24.00 9.27 11.60 6.07 1.47
23.12 3861.79 1610.66 77.00 83.00 8.00 9.47 13.41 5.97 1.46
22.48 3921.26 1592.06 72.00 83.00 7.00 9.54 13.63 5.93 1.55
24.98 3860.41 1768.06 72.00 77.00 11.00 9.72 13.61 5.89 1.70
29.67 3659.07 1813.58 70.00 67.00 33.00 9.83 11.68 5.84 4.52
33.32 3511.02 1809.41 67.00 61.00 61.00 9.95 10.33 5.89 8.12
37.88 3246.09 1864.74 67.00 57.00 82.00 9.89 9.34 5.62 10.58
43.17 3040.72 1970.30 67.00 49.00 103.00 10.14 8.63 5.54 11.06
46.64 2826.70 2086.85 66.00 47.00 110.00 10.04 8.45 5.48 11.23
49.83 2674.55 2225.14 60.00 43.00 116.00 10.11 8.41 5.39 12.19
51.14 2588.77 2354.52 65.00 39.00 114.00 10.06 8.68 5.08 11.74
53.48 2474.84 2515.40 69.00 35.00 115.00 10.11 8.88 4.73 11.40
54.58 2510.64 2605.37 70.00 30.00 115.00 10.51 9.02 4.17 11.32
55.27 2441.91 2626.08 74.00 32.00 117.00 10.39 8.97 3.96 11.05
