31.78 1121.30 754.03 27.00 29.00 3.00 9.35 13.61 6.34 2.51
36.11 1079.52 864.93 25.00 23.00 4.00 9.63 13.72 6.33 2.79
36.46 1059.30 853.39 26.00 21.00 4.00 9.48 13.38 5.71 2.81
41.35 993.49 837.53 23.00 19.00 19.00 9.63 11.54 5.40 3.51
46.96 901.14 772.16 21.00 16.00 35.00 9.66 9.29 3.96 6.75
50.35 864.11 809.51 26.00 12.00 36.00 9.92 9.08 3.76 6.18
45.09 903.39 673.96 23.00 17.00 35.00 9.32 8.44 5.87 6.45
39.24 936.09 513.89 20.00 26.00 34.00 8.69 7.36 6.82 6.88
41.31 860.60 504.70 19.00 29.00 35.00 8.25 6.87 6.24 6.84
27.57 1116.04 337.82 20.00 34.00 18.00 8.66 6.91 6.08 1.27
16.89 1257.01 288.48 19.00 40.00 2.00 8.50 9.71 7.07 1.29
14.57 1316.69 271.40 16.00 40.00 1.00 8.65 10.60 5.77 1.35
16.15 1337.84 309.73 19.00 38.00 1.00 8.97 10.93 6.16 1.26
17.61 1389.63 327.94 21.00 32.00 3.00 9.50 10.64 5.67 1.66
14.37 1464.49 322.48 21.00 32.00 2.00 9.64 12.93 6.23 1.38
13.59 1407.57 310.23 20.00 33.00 2.00 9.18 13.16 6.47 1.41
16.30 1410.78 352.92 23.00 29.00 2.00 9.50 12.53 6.71 1.36
16.07 1405.82 355.97 22.00 29.00 2.00 9.45 12.80 6.75 1.36
16.04 1467.41 362.17 18.00 26.00 2.00 9.89 13.09 6.29 1.49
17.56 1343.50 411.68 19.00 28.00 1.00 9.20 13.56 6.33 1.43
26.15 1226.11 651.04 24.00 22.00 4.00 9.41 14.41 5.76 1.60
32.91 1185.72 848.74 30.00 17.00 4.00 10.07 15.00 3.96 1.55
36.19 1193.76 969.26 35.00 13.00 4.00 10.73 15.57 3.57 1.56
36.80 1198.53 964.61 34.00 14.00 4.00 10.89 15.23 4.36 1.68
42.74 1054.68 1096.16 35.00 12.00 8.00 10.59 14.84 4.04 1.93
53.83 925.36 1073.96 30.00 7.00 29.00 11.58 11.42 4.14 6.56
59.44 818.14 835.89 22.00 7.00 55.00 11.62 7.96 4.70 13.75
67.15 652.58 705.77 17.00 6.00 76.00 11.42 5.90 5.36 20.29
77.02 436.02 647.88 9.00 6.00 97.00 10.86 4.70 6.62 27.05
87.06 221.01 766.20 10.00 4.00 104.00 9.79 4.91 1.58 25.53
90.72 152.35 766.81 7.00 4.00 106.00 9.31 4.71 2.71 12.37
82.04 319.43 868.81 16.00 4.00 84.00 10.19 5.92 2.36 9.72
74.83 429.10 1028.39 23.00 6.00 55.00 9.73 7.73 2.33 8.31
63.69 672.26 1050.86 23.00 6.00 35.00 10.51 9.31 3.40 6.41
52.59 811.54 1008.71 30.00 13.00 16.00 9.70 10.89 3.06 5.82
