38.44 2024.69 1428.09 50.00 46.00 38.00 9.34 10.56 6.12 4.87
37.68 2016.77 1378.82 45.00 49.00 38.00 9.17 10.38 6.56 5.05
38.89 1919.90 1358.25 45.00 50.00 39.00 8.89 9.89 5.97 5.06
34.46 2109.54 1175.42 43.00 53.00 38.00 9.09 9.68 5.83 4.95
31.93 2158.15 1060.64 40.00 56.00 37.00 8.95 9.40 6.02 5.12
32.46 2180.80 1080.92 42.00 53.00 37.00 9.11 9.42 6.06 5.01
30.62 2241.46 983.69 42.00 55.00 36.00 9.11 9.09 6.31 4.93
28.43 2325.79 841.83 41.00 58.00 37.00 9.16 8.37 6.32 5.05
27.84 2325.09 827.18 40.00 61.00 37.00 9.07 8.40 6.31 4.94
20.58 2523.77 648.04 40.00 67.00 20.00 8.94 8.95 6.63 1.36
16.59 2667.86 641.40 42.00 69.00 4.00 9.00 11.08 6.91 1.34
15.32 2722.73 627.38 38.00 69.00 3.00 9.05 11.75 6.39 1.37
16.09 2805.63 671.90 37.00 64.00 3.00 9.43 12.00 6.19 1.38
17.58 2733.24 739.62 40.00 60.00 4.00 9.35 12.09 6.16 1.55
20.26 2691.38 973.52 45.00 54.00 6.00 9.53 13.89 6.18 1.54
23.25 2593.43 1158.96 50.00 50.00 6.00 9.56 14.46 5.67 1.54
26.24 2604.70 1322.19 58.00 43.00 6.00 10.03 14.62 5.33 1.51
26.44 2604.35 1320.66 56.00 43.00 6.00 10.06 14.49 5.71 1.60
29.39 2522.19 1458.33 53.00 39.00 10.00 10.17 14.36 5.60 1.82
35.69 2269.33 1485.64 49.00 35.00 30.00 10.04 11.94 5.57 5.26
42.80 2045.74 1486.93 46.00 29.00 59.00 10.19 9.90 5.37 9.69
50.03 1838.38 1554.51 47.00 24.00 80.00 10.51 8.83 4.48 12.51
56.60 1629.78 1617.38 44.00 19.00 101.00 10.76 8.08 4.47 13.47
61.93 1420.88 1730.81 44.00 18.00 108.00 10.71 7.89 4.15 13.55
66.73 1207.03 1862.97 42.00 16.00 114.00 10.41 7.87 3.84 14.37
67.94 1244.80 1942.84 46.00 11.00 113.00 11.19 8.07 3.62 13.79
67.14 1247.24 1864.36 45.00 13.00 111.00 10.89 7.83 3.73 13.93
65.42 1324.84 1756.64 40.00 12.00 111.00 10.94 7.56 4.32 14.69
64.81 1248.15 1656.59 39.00 19.00 113.00 10.08 7.19 4.27 14.88
