32.81 2852.58 1609.34 59.00 75.00 39.00 9.01 10.44 6.44 4.52
32.40 2897.26 1577.74 56.00 72.00 39.00 9.08 10.36 6.58 4.60
32.11 2908.35 1538.17 59.00 72.00 39.00 9.07 10.19 6.23 4.52
29.67 3079.52 1400.66 58.00 74.00 40.00 9.27 10.06 6.01 4.40
28.46 3144.38 1331.68 57.00 75.00 39.00 9.30 9.96 5.94 4.43
28.09 3127.75 1294.92 57.00 74.00 39.00 9.21 9.81 6.29 4.43
27.01 3142.12 1208.14 55.00 75.00 38.00 9.10 9.53 6.56 4.41
24.88 3222.63 1068.79 53.00 78.00 37.00 9.06 9.13 6.70 4.48
24.45 3316.84 1046.79 51.00 77.00 37.00 9.28 9.12 6.46 4.40
20.74 3429.64 974.74 54.00 83.00 21.00 9.14 10.06 6.38 1.42
20.65 3470.13 1210.56 60.00 81.00 8.00 9.25 12.65 6.39 1.51
21.55 3449.50 1334.14 61.00 78.00 7.00 9.31 13.41 5.88 1.54
23.67 3432.43 1503.44 67.00 72.00 7.00 9.55 13.76 5.69 1.51
23.97 3484.99 1519.58 67.00 66.00 7.00 9.74 13.74 5.90 1.58
24.99 3511.02 1638.24 67.00 61.00 10.00 9.95 14.23 5.89 1.69
30.59 3239.26 1710.88 64.00 56.00 32.00 9.93 12.04 5.68 4.70
36.61 3032.68 1757.97 63.00 48.00 61.00 10.20 10.28 5.63 8.37
41.26 2785.25 1768.51 62.00 45.00 82.00 10.11 9.14 5.58 10.98
46.49 2530.23 1841.82 57.00 40.00 103.00 10.10 8.42 5.49 11.93
50.01 2317.61 1957.84 56.00 38.00 108.00 9.89 8.31 5.35 12.10
53.62 2198.10 2082.57 53.00 33.00 114.00 10.12 8.23 5.13 12.91
56.26 2150.98 2269.53 60.00 27.00 114.00 10.54 8.55 4.16 12.19
58.56 2050.84 2433.52 63.00 24.00 115.00 10.62 8.82 4.02 11.90
59.12 2051.69 2463.33 63.00 22.00 115.00 10.77 8.85 3.99 11.90
60.20 1874.85 2488.36 69.00 26.00 117.00 10.09 8.77 3.53 11.43
