36.50 2374.32 1557.91 55.00 62.00 39.00 9.08 10.38 6.17 4.66
35.48 2436.48 1481.52 51.00 60.00 39.00 9.16 10.15 6.34 4.79
34.33 2398.16 1409.69 49.00 63.00 39.00 8.84 9.97 6.31 4.88
31.09 2570.32 1271.64 48.00 65.00 38.00 9.02 9.96 6.19 4.72
29.73 2668.34 1189.11 50.00 65.00 37.00 9.18 9.72 5.99 4.65
30.64 2690.01 1209.93 52.00 62.00 39.00 9.39 9.59 5.88 4.62
29.04 2717.50 1126.26 49.00 65.00 38.00 9.26 9.42 6.21 4.65
25.83 2763.54 926.82 46.00 70.00 37.00 8.99 8.70 6.70 4.79
25.69 2749.71 909.06 46.00 71.00 37.00 8.92 8.60 6.69 4.63
20.25 2982.86 790.01 47.00 75.00 20.00 9.02 9.53 6.63 1.28
16.48 3234.99 779.12 47.00 75.00 4.00 9.36 11.65 6.62 1.31
16.59 3169.50 812.10 45.00 77.00 4.00 9.17 12.05 6.15 1.51
20.92 3040.78 1103.33 50.00 70.00 7.00 9.30 13.01 6.10 1.59
23.11 3013.24 1261.67 56.00 61.00 7.00 9.50 13.52 5.86 1.57
23.49 3083.04 1373.62 62.00 56.00 6.00 9.79 14.54 5.65 1.47
24.21 3065.19 1416.88 61.00 55.00 6.00 9.83 14.54 5.73 1.55
27.56 3032.68 1586.80 63.00 48.00 10.00 10.20 14.29 5.63 1.73
33.41 2778.42 1614.66 59.00 44.00 32.00 10.17 11.88 5.65 4.88
39.48 2522.19 1629.50 53.00 39.00 61.00 10.17 10.09 5.60 9.08
44.34 2276.16 1639.50 52.00 36.00 80.00 9.97 9.01 5.48 11.93
50.34 2053.78 1699.25 50.00 30.00 101.00 10.10 8.19 5.24 12.68
55.69 1879.83 1872.85 51.00 26.00 108.00 10.39 8.15 4.36 12.64
59.45 1774.10 2000.70 47.00 22.00 114.00 10.73 8.14 4.39 13.63
61.68 1692.04 2127.49 53.00 19.00 114.00 10.86 8.35 3.93 12.92
64.67 1483.77 2295.79 58.00 18.00 115.00 10.32 8.60 3.49 12.37
64.11 1604.45 2278.68 56.00 14.00 114.00 10.99 8.62 3.76 12.56
61.67 1638.31 2056.92 56.00 21.00 113.00 10.47 8.07 3.73 12.61
