35.47 694.01 548.71 19.00 19.00 2.00 9.20 13.29 6.13 2.84
32.19 716.46 496.83 14.00 18.00 2.00 9.00 13.25 7.98 3.04
36.58 666.89 554.37 17.00 17.00 3.00 8.94 12.99 5.88 2.91
33.39 752.57 558.83 17.00 16.00 3.00 9.64 14.50 4.83 2.13
30.31 819.29 504.34 17.00 14.00 2.00 10.04 14.33 4.43 2.14
50.61 603.98 646.80 17.00 7.00 18.00 10.50 10.86 4.50 3.93
58.25 474.26 566.74 13.00 6.00 34.00 9.73 8.22 4.48 8.15
53.56 499.90 441.41 15.00 8.00 34.00 9.15 6.94 4.37 7.77
49.53 510.98 374.89 14.00 13.00 34.00 8.54 6.38 6.14 7.91
30.22 696.33 235.12 14.00 23.00 17.00 8.42 6.58 6.77 0.92
21.83 778.75 237.04 15.00 27.00 2.00 8.40 9.25 6.94 1.42
16.44 855.91 175.18 11.00 28.00 1.00 8.63 9.06 4.78 1.52
15.94 827.65 181.25 9.00 29.00 1.00 8.29 9.64 4.96 1.46
16.56 880.43 198.93 11.00 23.00 1.00 8.89 10.25 5.57 1.44
11.78 988.45 179.91 14.00 22.00 0.00 9.45 13.23 6.60 0.62
15.28 969.82 225.24 15.00 21.00 2.00 9.69 12.73 5.21 1.55
18.06 986.15 271.05 17.00 19.00 2.00 10.21 12.99 5.73 1.52
14.97 946.73 214.00 15.00 21.00 2.00 9.42 12.37 6.80 1.56
16.17 900.29 224.45 13.00 20.00 2.00 9.09 12.05 7.19 1.67
14.25 896.73 226.96 12.00 20.00 0.00 8.83 13.87 7.13 0.81
14.28 990.97 219.60 11.00 16.00 0.00 9.80 13.45 6.09 0.84
21.22 905.72 326.69 14.00 16.00 1.00 9.76 13.33 4.45 1.55
32.83 802.11 569.16 18.00 11.00 4.00 10.21 15.03 4.45 1.74
40.22 726.78 706.69 23.00 9.00 4.00 10.47 15.34 3.41 1.70
46.39 626.70 831.54 30.00 7.00 4.00 10.12 15.62 1.99 1.65
43.11 751.29 779.96 27.00 6.00 3.00 11.46 15.80 4.03 1.59
39.17 818.14 664.72 22.00 7.00 4.00 11.62 14.76 4.70 1.91
52.61 645.75 551.92 14.00 5.00 26.00 11.75 8.91 5.74 9.29
67.72 427.98 435.56 5.00 5.00 55.00 11.35 5.40 7.83 25.68
85.75 179.56 447.86 6.00 2.00 76.00 10.88 4.38 1.39 31.73
97.81 8.04 383.49 4.00 1.00 93.00 3.26 3.27 0.61 11.96
92.94 48.28 472.12 7.00 3.00 78.00 5.86 4.25 1.48 9.73
86.08 152.35 595.57 7.00 4.00 54.00 9.31 5.79 2.71 12.37
74.94 312.60 715.02 13.00 3.00 34.00 10.72 8.02 2.51 8.27
64.44 420.47 816.14 19.00 5.00 14.00 10.11 10.74 2.47 6.99
50.69 630.81 732.45 19.00 4.00 7.00 10.89 12.38 3.59 1.72
40.61 666.01 625.39 27.00 10.00 3.00 9.55 13.33 2.90 1.81
