49.15 714.37 808.68 13.00 22.00 19.00 7.85 9.21 6.26 6.49
54.87 598.14 832.48 13.00 21.00 21.00 7.41 8.49 5.92 7.93
47.54 728.54 714.79 15.00 21.00 17.00 7.76 8.43 6.79 6.79
43.07 702.34 652.32 16.00 28.00 15.00 6.90 8.50 6.52 6.22
42.02 746.37 672.43 15.00 30.00 15.00 7.19 9.00 6.39 6.15
43.69 653.43 657.88 15.00 36.00 19.00 6.49 8.46 5.99 6.28
43.46 670.70 671.77 16.00 37.00 18.00 6.63 8.69 5.39 6.20
36.33 706.42 592.01 16.00 50.00 17.00 6.20 9.17 5.79 3.86
36.85 629.64 602.01 15.00 60.00 19.00 5.57 9.19 8.30 4.05
38.72 614.57 643.27 13.00 58.00 21.00 5.60 9.33 8.39 4.08
31.24 667.42 512.66 11.00 66.00 17.00 5.41 9.20 11.53 4.33
33.85 690.74 581.33 11.00 59.00 15.00 5.82 9.61 13.18 3.89
35.80 625.39 618.77 9.00 61.00 18.00 5.43 9.67 13.43 3.23
36.09 683.49 620.42 10.00 52.00 17.00 5.96 9.62 11.55 3.08
37.04 741.09 665.40 10.00 42.00 14.00 6.56 10.06 11.02 2.51
40.22 750.69 748.64 10.00 35.00 14.00 7.00 10.46 5.30 2.57
48.63 670.80 878.48 11.00 27.00 21.00 7.29 10.14 6.55 3.34
40.24 836.61 735.11 12.00 27.00 17.00 7.82 10.28 8.13 4.87
45.31 767.97 850.00 14.00 20.00 17.00 7.86 10.58 7.26 4.45
52.04 661.99 956.35 13.00 18.00 22.00 7.73 10.36 7.26 6.83
51.28 641.08 916.92 12.00 22.00 25.00 7.37 10.10 7.91 6.95
40.22 667.64 696.89 10.00 44.00 21.00 6.24 9.78 13.53 7.53
34.90 631.50 620.59 10.00 61.00 13.00 5.41 10.06 20.18 6.90
39.14 520.98 703.91 7.00 63.00 15.00 4.77 10.15 22.29 6.89
37.03 532.25 621.19 8.00 68.00 19.00 4.71 9.43 21.64 9.28
34.06 592.03 524.84 10.00 68.00 19.00 5.00 8.66 20.13 7.26
37.28 574.10 567.70 10.00 64.00 22.00 5.10 8.52 6.82 7.63
39.89 622.55 612.92 11.00 52.00 23.00 5.78 8.60 7.83 7.30
39.06 712.03 596.35 12.00 44.00 23.00 6.52 8.55 9.67 7.09
36.37 709.15 557.39 11.00 50.00 22.00 6.22 8.59 10.10 5.85
36.78 735.95 562.33 12.00 47.00 20.00 6.50 8.57 11.55 6.46
26.09 866.93 431.14 10.00 56.00 13.00 6.53 9.28 14.49 5.90
20.39 793.89 341.24 9.00 73.00 8.00 5.55 9.41 14.83 5.16
17.78 691.03 296.02 8.00 92.00 7.00 4.68 9.37 20.50 5.47
15.52 571.88 258.15 6.00 110.00 7.00 3.77 9.36 29.93 5.66
