41.99 1812.75 1817.99 34.00 108.00 47.00 6.54 9.10 8.72 6.15
42.97 1744.64 1817.15 36.00 109.00 50.00 6.41 8.89 8.97 5.79
40.76 1825.30 1734.91 36.00 113.00 48.00 6.45 8.96 8.84 5.26
39.59 1838.70 1703.59 35.00 116.00 46.00 6.37 9.05 9.12 5.08
38.41 1886.04 1714.87 34.00 119.00 42.00 6.41 9.39 9.03 4.97
40.01 1817.44 1807.60 33.00 116.00 43.00 6.34 9.51 8.89 5.06
41.80 1768.90 1887.79 32.00 113.00 49.00 6.36 9.50 9.29 5.29
37.48 1982.89 1719.92 35.00 115.00 47.00 6.64 9.67 9.54 4.20
39.92 1864.79 1870.03 35.00 112.00 48.00 6.50 9.88 9.20 4.12
42.95 1798.28 2007.71 32.00 105.00 53.00 6.60 9.85 9.47 5.23
41.88 1781.11 1958.19 31.00 111.00 52.00 6.42 9.86 9.50 5.31
38.71 1831.80 1846.62 28.00 124.00 45.00 6.25 10.06 11.86 5.39
38.59 1729.54 1836.67 26.00 137.00 45.00 5.89 10.03 15.57 5.30
38.53 1797.30 1832.38 26.00 128.00 45.00 6.12 10.03 14.94 5.20
39.99 1767.50 1889.22 28.00 119.00 48.00 6.16 9.96 14.52 6.02
41.20 1775.77 1889.28 29.00 114.00 51.00 6.32 9.67 13.28 6.34
44.15 1687.72 2013.23 30.00 110.00 57.00 6.33 9.61 13.09 6.37
40.98 1763.76 1878.06 28.00 118.00 52.00 6.25 9.66 13.37 6.60
39.81 1816.12 1814.88 29.00 120.00 50.00 6.31 9.61 14.00 6.61
38.64 1822.95 1770.06 27.00 126.00 50.00 6.22 9.67 14.17 6.77
39.89 1762.74 1786.14 30.00 124.00 54.00 6.14 9.44 14.51 7.00
35.90 1892.16 1571.78 29.00 135.00 50.00 6.18 9.23 15.43 7.12
33.55 1810.87 1475.93 28.00 156.00 43.00 5.70 9.28 15.43 6.90
32.55 1618.25 1438.43 24.00 183.00 42.00 5.01 9.32 18.02 7.23
28.64 1619.93 1223.24 21.00 210.00 40.00 4.74 8.99 22.86 7.66
