48.44 1145.33 1304.17 23.00 42.00 30.00 7.45 9.05 6.36 6.80
43.73 1199.76 1116.14 27.00 52.00 30.00 7.15 8.60 5.81 5.66
39.23 1144.95 1049.47 24.00 76.00 28.00 6.31 9.02 7.93 5.61
37.70 1097.96 1009.31 21.00 86.00 28.00 5.90 9.01 9.80 5.87
36.69 1096.75 1020.03 21.00 92.00 31.00 5.80 9.36 9.85 3.84
36.24 1139.67 1041.27 19.00 89.00 27.00 5.98 9.66 10.28 3.73
40.80 1098.04 1216.02 16.00 76.00 31.00 6.20 10.02 11.50 3.70
41.77 1235.15 1268.03 20.00 51.00 29.00 7.11 10.25 9.94 3.89
48.27 1113.55 1445.53 20.00 45.00 35.00 7.22 10.12 7.10 5.63
40.26 1104.09 1217.90 17.00 76.00 27.00 6.19 10.23 16.49 6.11
41.76 1026.06 1223.81 18.00 77.00 34.00 5.90 9.91 16.17 7.27
41.45 1016.92 1134.68 19.00 83.00 35.00 5.82 9.24 15.35 7.47
36.51 1048.06 964.88 15.00 100.00 33.00 5.52 8.90 17.71 8.06
33.07 1121.59 869.22 18.00 101.00 29.00 5.61 8.84 10.53 6.89
32.74 1179.37 854.72 18.00 95.00 30.00 5.87 8.78 12.19 6.81
23.60 1086.96 602.05 13.00 142.00 21.00 4.75 8.58 23.48 6.21
