46.31 1385.49 1480.45 29.00 59.00 37.00 7.21 8.96 5.85 6.40
45.60 1304.77 1424.49 29.00 71.00 38.00 6.70 8.76 5.87 6.29
42.19 1358.18 1316.89 30.00 81.00 36.00 6.56 8.76 7.63 5.64
40.90 1316.98 1295.59 29.00 87.00 36.00 6.22 8.89 7.57 5.39
36.63 1413.79 1186.26 26.00 96.00 32.00 6.22 9.09 9.34 5.47
38.77 1344.61 1239.21 26.00 95.00 34.00 6.13 8.96 9.71 5.40
39.63 1296.24 1290.54 25.00 98.00 36.00 5.99 9.13 9.62 5.43
36.21 1390.07 1212.43 26.00 102.00 34.00 6.08 9.40 9.84 3.77
36.94 1370.73 1267.41 25.00 103.00 33.00 6.06 9.63 9.48 3.76
39.47 1365.32 1391.90 23.00 94.00 35.00 6.29 9.90 9.67 3.63
39.94 1338.35 1391.14 22.00 93.00 38.00 6.21 9.77 10.13 4.14
37.05 1527.35 1316.58 23.00 86.00 33.00 6.77 9.97 10.80 4.44
40.56 1393.42 1468.77 23.00 81.00 35.00 6.54 10.18 10.79 4.07
44.06 1345.49 1576.87 23.00 70.00 39.00 6.72 10.05 9.43 5.49
44.16 1382.52 1582.33 22.00 64.00 39.00 6.91 10.08 9.56 5.43
40.22 1418.92 1445.53 20.00 79.00 35.00 6.62 10.12 10.63 5.63
41.77 1302.30 1499.13 21.00 88.00 35.00 6.24 10.10 15.07 5.51
39.69 1357.60 1439.57 19.00 90.00 32.00 6.28 10.22 15.33 5.80
41.17 1300.31 1471.19 22.00 88.00 36.00 6.17 10.06 14.75 6.74
43.05 1254.12 1481.19 23.00 86.00 41.00 6.15 9.69 14.33 7.03
44.28 1215.25 1484.62 22.00 87.00 47.00 6.09 9.43 14.89 7.29
40.05 1290.34 1309.81 21.00 97.00 44.00 6.01 9.19 15.18 7.42
36.98 1343.54 1217.56 22.00 105.00 36.00 5.95 9.26 15.42 7.06
37.76 1230.13 1262.11 18.00 113.00 37.00 5.51 9.40 16.00 7.42
36.90 1268.92 1183.52 20.00 115.00 39.00 5.61 9.00 16.52 7.84
30.07 1459.69 955.97 20.00 124.00 32.00 5.82 8.93 17.54 6.65
28.83 1368.06 908.94 19.00 137.00 30.00 5.36 8.83 12.19 6.71
28.83 1313.65 908.94 19.00 144.00 30.00 5.14 8.83 15.57 6.71
27.29 1283.91 854.72 18.00 154.00 30.00 4.92 8.78 20.64 6.81
