42.34 2285.00 2346.61 42.00 131.00 57.00 6.64 9.32 8.57 5.64
43.12 2217.46 2385.55 43.00 130.00 59.00 6.53 9.31 8.43 5.46
42.27 2297.95 2332.17 43.00 128.00 61.00 6.67 9.29 8.71 5.20
39.93 2431.52 2211.08 44.00 129.00 59.00 6.78 9.33 9.02 5.11
40.50 2380.10 2317.50 44.00 128.00 57.00 6.70 9.65 8.88 4.95
42.69 2250.39 2423.41 42.00 127.00 61.00 6.58 9.57 8.87 5.82
42.98 2211.65 2454.85 41.00 131.00 63.00 6.50 9.63 8.94 5.83
38.73 2287.34 2249.96 40.00 153.00 59.00 6.25 9.81 10.60 5.03
38.48 2200.91 2237.93 38.00 168.00 58.00 5.99 9.82 13.20 5.10
38.75 2250.09 2263.22 35.00 163.00 59.00 6.15 9.85 13.72 5.05
39.00 2166.08 2265.08 37.00 166.00 61.00 5.94 9.79 13.38 5.77
39.80 2188.65 2290.37 37.00 159.00 61.00 6.09 9.70 13.60 6.02
41.13 2114.96 2350.77 35.00 159.00 67.00 6.01 9.63 13.90 6.12
39.79 2203.47 2270.87 35.00 156.00 65.00 6.13 9.62 13.40 6.05
39.14 2283.31 2232.90 35.00 151.00 62.00 6.28 9.61 13.91 6.06
38.04 2344.61 2178.16 33.00 154.00 60.00 6.33 9.65 13.29 6.19
40.67 2235.20 2314.75 38.00 147.00 64.00 6.31 9.60 13.16 6.32
37.47 2365.58 2140.03 36.00 156.00 58.00 6.33 9.64 13.96 6.54
36.50 2283.46 2073.24 35.00 171.00 57.00 6.02 9.58 14.32 6.58
34.30 2211.07 1946.38 33.00 196.00 55.00 5.63 9.58 16.23 6.71
32.68 2113.75 1825.86 31.00 219.00 55.00 5.25 9.43 19.96 6.89
