50.44 914.28 1079.10 17.00 28.00 24.00 7.73 8.98 6.71 7.52
48.60 852.07 993.64 20.00 35.00 24.00 6.95 8.59 6.08 7.00
45.76 959.60 939.86 21.00 35.00 23.00 7.42 8.65 6.37 6.04
44.25 903.72 894.50 21.00 43.00 26.00 6.80 8.52 6.23 5.71
40.42 986.53 848.72 21.00 47.00 22.00 6.94 8.86 5.64 5.62
40.62 904.75 846.54 19.00 57.00 22.00 6.38 8.78 5.85 6.05
41.22 829.13 872.52 19.00 66.00 24.00 5.91 8.91 8.25 6.08
36.49 868.35 804.43 20.00 73.00 24.00 5.73 9.29 7.98 3.86
33.54 898.47 738.80 17.00 80.00 23.00 5.66 9.28 10.10 4.05
37.33 892.49 823.51 16.00 73.00 26.00 5.96 9.28 11.28 3.76
35.75 865.70 793.89 15.00 78.00 25.00 5.63 9.33 10.93 3.86
34.93 934.53 809.09 14.00 73.00 20.00 6.00 9.72 11.84 3.84
36.40 899.36 866.15 13.00 72.00 20.00 5.91 9.99 11.95 3.29
39.40 912.53 961.06 14.00 59.00 21.00 6.30 10.26 9.79 3.00
42.38 939.77 1015.27 13.00 46.00 25.00 6.82 10.08 10.59 3.27
38.47 1114.47 915.49 15.00 41.00 23.00 7.59 10.02 7.80 4.42
46.31 966.18 1131.23 18.00 32.00 25.00 7.55 10.32 7.25 3.99
48.57 905.78 1184.06 16.00 32.00 26.00 7.39 10.30 7.34 6.28
48.01 915.34 1164.30 16.00 33.00 27.00 7.39 10.26 7.13 6.29
42.50 897.27 1037.43 14.00 51.00 25.00 6.54 10.34 11.75 6.58
40.78 829.83 970.52 13.00 65.00 25.00 5.87 10.07 18.77 6.70
37.66 884.18 871.32 12.00 69.00 24.00 5.94 9.78 19.32 6.92
37.61 827.73 873.88 15.00 73.00 22.00 5.56 9.84 16.85 7.44
43.93 661.30 973.24 14.00 73.00 28.00 4.94 9.36 16.85 8.00
41.98 721.44 882.00 12.00 78.00 32.00 5.20 8.84 18.36 8.64
33.39 857.88 694.00 12.00 86.00 26.00 5.38 8.75 18.45 7.01
31.61 900.72 650.58 13.00 86.00 23.00 5.50 8.64 9.67 6.91
34.78 925.53 732.63 13.00 74.00 25.00 5.93 8.85 9.94 6.93
39.01 932.90 814.99 17.00 59.00 29.00 6.40 8.79 10.53 7.01
34.14 1007.98 699.65 17.00 66.00 26.00 6.40 8.62 12.13 5.89
29.50 982.42 602.05 13.00 83.00 21.00 5.82 8.58 13.19 6.21
21.18 956.22 465.19 10.00 110.00 14.00 5.07 9.24 18.82 5.75
15.29 898.43 341.24 9.00 132.00 8.00 4.43 9.41 27.21 5.16
