44.62 1543.91 1681.20 32.00 88.00 43.00 6.67 9.05 7.55 6.30
44.37 1466.71 1636.91 33.00 94.00 45.00 6.31 8.87 7.27 6.02
39.54 1627.02 1453.68 32.00 101.00 40.00 6.44 8.84 8.87 5.53
39.79 1594.90 1475.83 32.00 102.00 41.00 6.34 8.92 9.31 5.17
38.44 1612.07 1467.49 30.00 108.00 40.00 6.26 9.18 9.24 5.16
38.68 1588.40 1466.96 29.00 109.00 39.00 6.19 9.12 9.43 5.26
39.43 1570.22 1537.92 29.00 109.00 38.00 6.20 9.38 9.32 5.18
38.09 1619.11 1553.07 30.00 109.00 38.00 6.25 9.82 9.19 3.73
40.01 1569.41 1617.28 28.00 107.00 44.00 6.26 9.73 9.43 4.18
38.58 1729.11 1558.76 28.00 100.00 44.00 6.74 9.72 10.01 4.29
39.85 1633.74 1643.89 29.00 98.00 42.00 6.50 9.94 9.75 4.16
42.26 1596.52 1765.53 27.00 91.00 42.00 6.62 10.06 10.14 5.48
42.78 1540.79 1783.07 25.00 94.00 45.00 6.44 10.05 10.40 5.39
39.75 1580.76 1657.95 24.00 103.00 42.00 6.28 10.06 11.69 5.38
39.17 1571.27 1635.93 23.00 107.00 39.00 6.18 10.07 15.70 5.32
38.76 1635.46 1619.96 22.00 104.00 38.00 6.38 10.08 14.79 5.40
42.33 1498.53 1752.42 26.00 100.00 44.00 6.22 9.98 13.83 6.21
42.35 1497.91 1708.90 26.00 100.00 45.00 6.22 9.73 13.68 6.69
43.41 1489.51 1732.00 26.00 98.00 49.00 6.30 9.62 13.80 6.84
41.38 1519.97 1650.35 25.00 104.00 48.00 6.20 9.62 13.97 6.92
40.04 1541.87 1567.50 25.00 109.00 48.00 6.15 9.44 14.98 6.99
37.11 1593.33 1429.52 23.00 119.00 46.00 6.06 9.28 15.28 7.21
37.25 1564.40 1436.20 27.00 120.00 42.00 5.96 9.30 14.82 7.03
36.28 1528.96 1404.37 24.00 129.00 41.00 5.73 9.33 16.05 7.31
32.73 1515.40 1223.24 21.00 151.00 40.00 5.38 8.99 16.93 7.66
26.70 1548.98 990.03 20.00 178.00 33.00 5.04 8.92 19.53 6.57
24.71 1472.59 908.94 19.00 196.00 30.00 4.67 8.83 20.64 6.71
