42.80 2011.03 2099.22 38.00 120.00 55.00 6.54 9.16 8.70 5.84
42.43 1988.43 2044.91 39.00 123.00 55.00 6.43 9.00 8.83 5.65
40.48 2099.27 1982.30 40.00 124.00 50.00 6.56 9.16 8.69 5.09
40.67 2067.73 2044.23 39.00 123.00 50.00 6.48 9.41 8.68 4.93
40.63 2084.72 2064.74 37.00 123.00 53.00 6.53 9.51 9.02 5.11
39.26 2181.22 1974.46 38.00 122.00 52.00 6.68 9.41 9.25 5.26
41.52 2064.28 2140.55 39.00 118.00 53.00 6.57 9.66 9.10 5.10
41.49 2052.06 2168.88 39.00 120.00 56.00 6.53 9.80 9.11 5.08
41.72 2012.16 2184.33 37.00 125.00 58.00 6.43 9.82 9.02 5.17
39.72 2033.55 2088.80 33.00 138.00 56.00 6.28 9.86 11.13 5.16
38.26 1969.86 2011.79 32.00 154.00 52.00 5.93 9.86 14.09 5.23
37.75 2048.34 2021.04 30.00 149.00 48.00 6.12 10.03 14.63 5.25
39.38 1925.77 2089.96 31.00 149.00 54.00 5.91 9.94 14.55 5.94
40.73 1937.61 2101.71 33.00 138.00 58.00 6.08 9.67 13.66 6.09
41.86 1956.69 2150.03 32.00 129.00 61.00 6.26 9.62 13.80 6.21
40.11 2041.62 2058.45 31.00 132.00 58.00 6.34 9.61 13.04 6.28
40.86 2014.34 2096.11 33.00 132.00 58.00 6.34 9.61 13.32 6.20
38.59 2066.74 1997.77 30.00 140.00 54.00 6.26 9.71 13.58 6.49
39.71 2036.99 2033.52 34.00 135.00 56.00 6.29 9.60 13.72 6.67
37.39 2121.78 1912.32 33.00 142.00 54.00 6.30 9.59 14.47 6.77
36.31 2009.21 1825.86 31.00 160.00 55.00 5.87 9.43 15.09 6.89
32.63 1981.44 1605.84 29.00 189.00 51.00 5.47 9.22 17.30 7.05
29.82 1915.41 1475.93 28.00 215.00 43.00 5.07 9.28 20.51 6.90
