58.08 398.89 631.73 8.00 12.00 15.00 7.99 9.11 4.89 7.31
55.56 400.03 577.87 10.00 14.00 15.00 7.56 8.74 5.67 6.58
44.14 528.64 444.37 11.00 15.00 12.00 7.94 8.48 6.24 4.78
49.72 448.41 491.16 9.00 14.00 12.00 7.48 8.30 6.63 7.64
42.81 515.31 447.37 9.00 16.00 9.00 7.55 8.79 7.12 7.41
41.64 452.05 415.70 10.00 21.00 8.00 6.49 8.40 6.35 7.27
47.39 430.54 495.48 10.00 20.00 11.00 6.87 8.81 6.35 7.14
38.78 455.10 403.35 12.00 29.00 14.00 6.24 8.80 5.91 3.35
38.03 471.21 401.26 12.00 31.00 13.00 6.38 8.93 4.46 3.38
39.61 452.63 430.84 9.00 35.00 14.00 6.28 9.18 4.53 4.28
35.06 398.58 375.86 9.00 46.00 13.00 5.14 9.03 9.62 4.48
34.19 412.81 401.08 8.00 44.00 10.00 5.25 9.85 10.11 4.41
29.06 427.11 337.54 5.00 49.00 10.00 5.03 9.74 15.25 4.30
35.06 439.70 392.67 7.00 38.00 12.00 5.66 9.39 13.55 2.91
36.44 467.12 418.02 6.00 31.00 12.00 6.15 9.62 12.90 1.65
35.67 521.65 408.00 6.00 28.00 10.00 6.78 9.61 6.14 2.50
43.75 472.12 528.61 8.00 23.00 10.00 7.03 10.16 5.79 2.44
43.75 472.83 568.25 7.00 21.00 8.00 7.04 10.97 5.42 3.05
48.31 472.59 597.25 7.00 15.00 13.00 7.66 10.42 6.37 4.14
41.28 592.82 507.39 9.00 13.00 13.00 8.48 10.39 8.58 5.29
48.86 493.71 602.62 10.00 9.00 15.00 8.12 10.46 8.19 4.86
53.39 432.36 615.81 9.00 11.00 18.00 7.81 9.74 6.93 7.93
47.72 442.75 566.98 9.00 18.00 13.00 7.12 10.10 7.40 7.27
43.72 304.44 529.49 5.00 38.00 12.00 4.52 10.29 15.09 8.13
32.68 336.02 367.90 3.00 56.00 10.00 4.17 9.51 28.43 8.72
21.94 451.72 255.51 3.00 58.00 6.00 4.83 9.87 25.52 0.72
27.50 384.91 306.89 6.00 54.00 9.00 4.44 9.39 7.30 7.67
44.14 356.69 443.75 9.00 34.00 16.00 5.35 8.44 6.51 7.61
51.28 385.42 513.47 9.00 22.00 22.00 6.63 8.41 6.82 7.97
44.83 406.16 437.68 9.00 28.00 20.00 6.17 8.20 7.52 6.11
35.72 515.08 343.69 7.00 32.00 14.00 6.70 8.07 10.27 6.17
25.42 568.10 288.88 4.00 40.00 9.00 6.36 9.55 9.71 4.89
26.75 547.42 301.52 8.00 37.00 7.00 6.25 9.51 12.85 5.47
23.44 601.74 261.97 8.00 38.00 6.00 6.57 9.45 14.58 5.57
23.28 467.34 258.15 6.00 51.00 7.00 5.09 9.36 15.25 5.66
16.94 388.05 176.32 6.00 70.00 5.00 3.90 8.77 22.06 5.66
3.83 350.94 39.72 1.00 95.00 1.00 3.04 8.70 0.00 0.00
