59.17 185.63 364.31 2.00 7.00 7.00 7.63 10.28 6.02 2.52
65.17 149.73 341.19 4.00 7.00 9.00 7.23 8.78 2.01 8.29
57.00 213.16 267.42 6.00 5.00 8.00 8.35 7.89 3.84 5.73
45.94 250.29 236.55 6.00 7.00 6.00 7.77 8.69 6.78 3.71
31.28 315.41 176.95 5.00 10.00 4.00 7.69 9.56 6.02 2.96
53.50 198.12 254.53 3.00 7.00 5.00 7.14 7.98 6.27 11.01
54.33 199.49 270.42 4.00 6.00 5.00 7.33 8.35 7.80 10.10
29.78 253.71 161.16 7.00 14.00 3.00 6.06 9.16 6.42 2.53
40.44 231.05 224.97 6.00 14.00 6.00 6.51 9.44 5.22 2.84
47.78 201.31 242.18 5.00 14.00 11.00 6.47 8.58 3.47 3.46
35.61 240.16 175.12 6.00 17.00 7.00 6.25 8.31 3.67 3.62
31.44 250.88 188.66 4.00 21.00 3.00 6.12 10.09 5.00 5.06
34.50 158.27 200.75 3.00 29.00 6.00 4.04 9.76 15.58 5.08
36.94 161.78 212.42 4.00 23.00 7.00 4.29 9.64 2.90 3.59
23.61 268.84 136.79 2.00 19.00 4.00 5.88 9.70 16.17 2.75
33.17 277.86 180.24 3.00 14.00 5.00 6.95 9.12 0.03 1.38
49.28 198.15 281.23 4.00 12.00 8.00 6.55 9.59 3.56 0.54
38.17 243.79 227.61 3.00 14.00 4.00 6.59 10.04 5.31 3.45
38.22 273.90 247.38 4.00 11.00 2.00 7.43 10.90 4.29 3.20
49.33 229.04 340.54 4.00 7.00 4.00 7.58 11.70 3.90 3.13
58.39 198.33 349.87 3.00 4.00 11.00 7.99 10.10 8.75 2.46
33.22 363.19 166.85 5.00 6.00 9.00 9.15 8.46 10.07 6.19
39.33 295.38 252.68 7.00 5.00 3.00 8.21 11.00 7.37 2.49
73.58 69.17 448.40 4.00 5.00 9.00 4.42 10.32 1.03 9.07
56.12 147.27 314.30 2.00 13.00 10.00 5.62 9.48 1.22 8.48
13.89 235.17 81.09 1.00 33.00 3.00 4.56 10.09 0.00 0.00
9.28 188.68 53.60 1.00 42.00 0.00 3.47 9.69 0.00 0.00
30.00 216.38 174.42 2.00 24.00 3.00 5.16 9.76 0.00 0.80
45.72 196.23 252.66 5.00 12.00 9.00 6.06 9.31 7.30 8.14
58.28 140.31 268.51 7.00 10.00 13.00 5.67 7.75 4.95 5.75
56.83 188.47 260.81 4.00 10.00 13.00 7.33 7.69 5.60 7.19
31.39 265.12 169.17 2.00 18.00 7.00 6.46 9.03 7.93 4.72
14.61 326.55 82.88 3.00 22.00 1.00 6.39 9.56 13.02 1.34
19.44 302.91 119.71 2.00 22.00 2.00 6.28 10.41 9.73 4.37
38.89 220.87 218.43 5.00 15.00 6.00 6.06 9.50 11.82 6.18
27.44 298.76 142.26 6.00 16.00 4.00 6.89 8.76 13.31 5.71
7.67 246.40 39.72 1.00 36.00 1.00 4.45 8.70 0.00 0.00
6.44 89.29 33.90 0.00 54.00 1.00 1.59 8.84 0.00 0.00
0.00 104.47 0.00 0.00 59.00 0.00 1.74 0.00 0.00 0.00
