50.48 1477.74 2037.05 39.00 64.00 45.00 7.16 9.76 5.74 6.12
50.74 1356.91 1983.08 39.00 68.00 49.00 6.61 9.46 6.03 6.27
47.32 1397.81 1763.07 38.00 74.00 48.00 6.36 9.00 6.20 6.45
45.98 1363.11 1659.90 38.00 80.00 51.00 6.05 8.72 6.18 6.50
47.13 1297.78 1643.53 36.00 83.00 54.00 5.88 8.41 6.37 7.02
45.21 1327.98 1559.39 40.00 85.00 53.00 5.81 8.32 6.64 6.55
40.96 1431.68 1361.63 39.00 92.00 50.00 5.81 8.02 8.12 6.60
45.33 1324.06 1499.15 38.00 87.00 53.00 5.80 7.98 8.48 6.89
44.17 1381.43 1419.73 43.00 87.00 53.00 5.93 7.75 7.96 6.90
47.64 1279.96 1509.08 43.00 81.00 58.00 5.86 7.63 8.18 7.52
45.98 1355.34 1441.76 41.00 83.00 58.00 6.01 7.54 8.56 7.96
46.36 1287.16 1430.72 45.00 87.00 56.00 5.75 7.43 8.18 7.07
50.56 1229.58 1597.94 45.00 74.00 54.00 5.96 7.61 7.91 7.41
47.93 1230.03 1525.24 35.00 85.00 52.00 5.66 7.65 9.05 8.36
42.10 1351.85 1348.34 33.00 95.00 44.00 5.59 7.70 11.86 8.16
41.64 1363.74 1335.83 32.00 97.00 42.00 5.59 7.71 14.45 7.83
41.97 1350.07 1294.85 30.00 101.00 47.00 5.56 7.41 15.08 8.39
42.90 1338.57 1323.50 31.00 93.00 52.00 5.61 7.41 14.70 7.92
40.52 1341.97 1267.03 33.00 101.00 47.00 5.40 7.51 14.19 7.72
41.17 1335.69 1255.68 27.00 99.00 49.00 5.43 7.31 15.47 8.19
44.83 1213.86 1417.14 27.00 94.00 52.00 5.26 7.59 15.23 8.91
42.52 1266.62 1290.04 26.00 101.00 55.00 5.27 7.28 15.83 8.86
43.88 1248.12 1350.44 23.00 99.00 56.00 5.31 7.38 16.73 9.17
42.10 1249.90 1307.41 27.00 105.00 53.00 5.16 7.46 15.27 7.84
44.52 1091.46 1355.35 29.00 108.00 59.00 4.70 7.31 14.79 7.59
43.09 1160.70 1306.13 24.00 108.00 56.00 4.87 7.27 16.05 7.77
43.28 1159.38 1274.43 23.00 108.00 63.00 4.88 7.07 16.07 9.46
