50.28 920.19 1348.57 20.00 31.00 15.00 7.76 11.40 4.30 5.15
49.35 866.57 1280.03 19.00 36.00 17.00 7.18 11.03 5.30 5.28
45.94 899.64 1109.81 18.00 38.00 17.00 6.98 10.23 5.16 4.61
45.25 884.98 1064.56 16.00 37.00 22.00 6.77 9.95 5.13 5.05
43.94 824.43 967.72 15.00 49.00 26.00 6.16 9.29 5.83 6.85
44.68 813.20 939.86 22.00 47.00 28.00 6.17 8.88 6.48 5.72
47.46 741.27 918.72 23.00 46.00 33.00 5.92 8.18 6.55 6.52
49.75 690.55 931.53 22.00 46.00 37.00 5.77 7.91 6.91 6.80
47.32 757.44 859.53 24.00 45.00 36.00 6.04 7.66 6.45 7.27
47.12 711.63 847.13 27.00 49.00 36.00 5.65 7.58 6.45 6.93
48.86 652.54 865.62 24.00 51.00 40.00 5.36 7.46 6.26 7.75
46.00 653.86 797.56 29.00 56.00 37.00 5.09 7.32 6.47 6.14
41.50 808.51 735.05 28.00 53.00 30.00 5.80 7.49 8.29 6.24
45.53 751.09 840.79 20.00 49.00 29.00 5.78 7.79 9.79 7.58
39.22 823.88 730.97 24.00 54.00 23.00 5.68 7.87 9.01 6.84
43.93 789.69 805.93 23.00 49.00 26.00 5.90 7.73 9.29 7.38
43.61 858.07 788.51 21.00 47.00 27.00 6.37 7.61 10.07 8.22
45.92 809.03 835.31 23.00 44.00 27.00 6.27 7.66 9.55 7.28
49.94 756.08 922.38 24.00 39.00 26.00 6.34 7.76 8.99 7.76
49.44 715.35 905.71 17.00 47.00 27.00 5.93 7.69 7.87 9.07
49.44 660.91 905.71 17.00 49.00 27.00 5.47 7.69 13.35 9.07
43.31 730.24 767.98 16.00 56.00 26.00 5.39 7.44 17.66 8.70
43.47 725.90 734.65 11.00 59.00 30.00 5.37 7.07 21.17 10.08
38.82 770.24 661.31 15.00 61.00 30.00 5.26 7.15 18.00 7.19
39.29 639.34 690.79 16.00 70.00 29.00 4.41 7.38 16.86 7.07
36.92 702.39 622.07 11.00 68.00 29.00 4.65 7.06 21.27 7.34
31.47 793.33 553.76 10.00 73.00 28.00 4.84 7.41 20.92 8.64
36.06 787.69 605.91 11.00 64.00 32.00 5.15 7.06 12.26 8.72
42.34 720.30 733.07 14.00 58.00 35.00 5.22 7.28 11.38 8.54
44.73 675.85 777.73 18.00 57.00 37.00 5.12 7.33 10.08 7.48
48.08 599.46 847.96 20.00 54.00 39.00 4.84 7.43 9.35 7.11
46.26 631.16 818.17 16.00 59.00 32.00 4.92 7.44 10.60 7.52
54.79 573.49 930.27 14.00 45.00 42.00 5.31 7.14 8.22 10.60
