48.71 1832.98 2420.47 48.00 91.00 60.00 6.66 9.34 5.93 6.57
47.67 1754.00 2329.44 53.00 98.00 61.00 6.25 9.19 6.17 6.41
43.46 1888.32 2034.93 49.00 108.00 59.00 6.22 8.80 7.54 6.32
45.49 1775.26 2083.45 47.00 104.00 63.00 6.07 8.60 7.80 6.62
44.64 1766.42 1991.37 51.00 110.00 62.00 5.95 8.37 7.75 6.74
46.48 1720.58 2019.06 49.00 104.00 67.00 5.99 8.14 8.02 7.21
44.59 1799.30 1878.28 49.00 105.00 66.00 6.05 7.90 8.30 7.50
45.93 1720.94 1911.05 52.00 107.00 68.00 5.93 7.80 8.11 7.29
48.56 1669.02 1994.27 52.00 100.00 71.00 6.05 7.68 7.94 7.56
47.72 1602.71 1955.12 51.00 109.00 71.00 5.71 7.66 8.35 7.78
45.01 1649.15 1830.83 48.00 119.00 69.00 5.59 7.61 10.60 7.94
44.62 1620.51 1787.12 47.00 123.00 67.00 5.45 7.49 12.59 7.55
44.43 1668.14 1758.04 47.00 120.00 66.00 5.59 7.40 12.61 7.86
43.87 1677.52 1740.88 42.00 118.00 69.00 5.56 7.42 13.20 8.17
40.96 1697.37 1650.17 42.00 129.00 62.00 5.35 7.53 12.98 7.83
40.23 1732.78 1601.94 41.00 129.00 61.00 5.39 7.44 13.85 7.51
41.52 1704.84 1688.99 38.00 128.00 63.00 5.42 7.60 14.20 8.27
42.80 1678.77 1713.77 35.00 125.00 67.00 5.46 7.48 15.05 8.41
42.11 1716.85 1698.27 38.00 125.00 64.00 5.52 7.54 14.63 8.34
44.06 1642.50 1767.45 36.00 124.00 67.00 5.46 7.49 13.93 8.58
47.35 1458.55 1872.10 39.00 121.00 75.00 5.16 7.38 13.56 8.26
44.19 1557.59 1718.16 38.00 128.00 72.00 5.19 7.26 13.68 8.03
47.87 1446.73 1849.46 32.00 121.00 81.00 5.16 7.21 14.52 9.63
