47.38 1359.64 1744.66 27.00 57.00 32.00 7.22 10.40 5.75 6.13
48.56 1239.22 1709.91 35.00 60.00 36.00 6.74 9.95 5.80 5.80
49.04 1197.91 1592.01 33.00 62.00 42.00 6.58 9.15 6.00 6.09
48.52 1141.75 1515.83 31.00 63.00 47.00 6.20 8.80 6.19 6.39
46.98 1142.43 1431.16 32.00 68.00 45.00 6.03 8.57 6.49 6.90
45.55 1152.25 1357.10 33.00 72.00 45.00 5.92 8.38 6.58 6.56
45.81 1096.51 1302.14 32.00 73.00 48.00 5.66 8.00 6.55 7.06
45.48 1087.64 1277.89 36.00 76.00 49.00 5.58 7.91 6.76 6.75
41.53 1247.95 1131.39 35.00 79.00 47.00 5.97 7.66 8.23 6.83
46.01 1123.77 1270.68 36.00 73.00 48.00 5.82 7.76 8.48 7.01
44.56 1121.18 1213.46 39.00 78.00 48.00 5.66 7.66 8.06 7.07
47.64 1046.46 1257.22 38.00 75.00 51.00 5.59 7.42 8.33 7.18
46.76 1176.14 1251.70 38.00 66.00 46.00 6.18 7.52 8.48 7.57
46.37 1147.97 1252.69 34.00 69.00 44.00 5.98 7.59 8.74 7.90
47.46 1111.48 1305.52 33.00 67.00 41.00 5.91 7.71 8.73 7.90
45.28 1112.44 1251.97 31.00 77.00 39.00 5.68 7.75 9.21 7.86
42.94 1151.89 1177.57 28.00 83.00 38.00 5.64 7.68 12.58 8.10
43.46 1142.38 1191.71 25.00 80.00 38.00 5.64 7.68 15.98 8.07
40.96 1194.63 1082.48 26.00 85.00 38.00 5.64 7.40 15.95 8.47
42.85 1162.84 1121.35 24.00 80.00 44.00 5.67 7.32 15.26 8.59
45.29 1006.43 1207.54 26.00 83.00 45.00 5.13 7.46 14.53 8.32
40.63 1099.28 1034.10 25.00 88.00 45.00 5.16 7.12 15.71 7.93
42.30 1080.67 1128.79 19.00 86.00 46.00 5.22 7.47 17.29 9.36
40.03 1110.43 1051.58 19.00 93.00 45.00 5.16 7.36 17.68 8.13
42.10 1014.21 1122.03 21.00 94.00 46.00 4.88 7.47 16.91 8.26
42.67 1009.21 1133.84 20.00 93.00 47.00 4.91 7.44 16.96 8.44
39.71 1038.01 1008.72 22.00 100.00 51.00 4.80 7.12 16.52 7.56
40.72 1078.65 1034.03 23.00 91.00 49.00 5.07 7.12 9.79 7.44
48.85 918.91 1232.09 23.00 80.00 60.00 5.01 7.07 9.68 9.46
