48.59 1179.47 1554.85 24.00 40.00 20.00 7.70 10.87 5.00 5.05
45.02 1079.81 1299.63 21.00 55.00 29.00 6.59 9.76 5.93 6.12
48.98 942.53 1260.11 27.00 56.00 39.00 6.20 8.69 6.32 6.57
45.37 941.17 1089.78 28.00 58.00 39.00 5.78 8.12 6.69 6.90
47.46 912.79 1071.90 28.00 60.00 45.00 5.83 7.61 6.36 7.39
41.47 987.71 925.11 31.00 70.00 42.00 5.66 7.53 8.42 7.03
45.20 941.98 1023.39 36.00 61.00 36.00 5.77 7.65 7.92 6.47
42.29 1058.03 959.28 26.00 59.00 33.00 6.14 7.64 9.56 8.26
49.56 911.51 1134.74 28.00 55.00 35.00 6.06 7.70 8.95 7.79
41.93 996.45 965.20 24.00 67.00 29.00 5.75 7.74 13.21 8.13
46.78 859.09 1022.99 19.00 67.00 36.00 5.40 7.34 16.96 9.31
42.34 873.24 919.19 18.00 75.00 39.00 5.07 7.28 16.68 8.67
39.85 846.77 900.39 17.00 81.00 36.00 4.71 7.60 17.53 8.25
35.85 960.77 775.40 14.00 86.00 38.00 5.01 7.28 19.57 8.54
45.68 797.54 966.38 22.00 72.00 48.00 4.92 7.12 9.60 7.56
51.39 720.83 1113.67 21.00 62.00 51.00 4.97 7.29 9.48 9.42
