48.80 1677.63 2208.10 44.00 76.00 51.00 6.88 9.58 5.96 6.43
48.24 1578.27 2127.15 46.00 85.00 53.00 6.40 9.34 6.05 6.38
47.40 1553.15 1975.44 42.00 89.00 57.00 6.19 8.80 6.14 6.61
45.62 1538.84 1862.19 45.00 93.00 59.00 5.94 8.62 6.31 6.51
42.72 1632.94 1703.02 43.00 102.00 56.00 5.98 8.42 7.89 6.66
45.10 1564.40 1780.66 42.00 96.00 57.00 5.97 8.33 8.21 6.69
43.34 1565.15 1649.98 47.00 100.00 56.00 5.79 8.04 7.93 6.70
46.84 1480.25 1737.55 45.00 95.00 63.00 5.84 7.82 8.22 7.41
45.47 1615.58 1648.03 45.00 92.00 63.00 6.21 7.63 8.41 7.73
46.52 1520.66 1682.57 50.00 93.00 63.00 5.97 7.62 8.07 7.38
49.40 1408.78 1788.00 48.00 91.00 66.00 5.84 7.61 8.02 7.75
47.72 1369.21 1703.27 46.00 103.00 64.00 5.49 7.51 8.48 7.56
45.47 1469.95 1640.76 45.00 102.00 57.00 5.65 7.60 10.64 7.62
44.42 1481.33 1609.09 36.00 105.00 55.00 5.58 7.62 13.98 8.31
41.35 1550.03 1465.62 35.00 113.00 53.00 5.53 7.45 14.09 8.41
41.38 1559.93 1467.61 38.00 110.00 56.00 5.57 7.46 13.56 7.73
41.45 1497.41 1479.39 37.00 117.00 56.00 5.35 7.50 13.65 7.74
41.42 1511.42 1457.83 34.00 112.00 57.00 5.40 7.39 14.92 7.64
40.71 1549.41 1476.63 34.00 112.00 54.00 5.47 7.63 14.79 8.32
42.75 1503.04 1511.62 28.00 112.00 59.00 5.49 7.43 15.61 8.95
45.89 1381.30 1638.78 31.00 107.00 62.00 5.34 7.50 14.98 8.84
44.02 1406.09 1545.87 34.00 113.00 63.00 5.26 7.38 14.08 8.44
45.77 1325.36 1583.75 31.00 113.00 69.00 5.11 7.26 14.77 8.44
42.54 1401.40 1479.70 31.00 120.00 62.00 5.10 7.31 14.68 7.37
47.04 1212.83 1621.06 30.00 116.00 71.00 4.79 7.24 14.53 9.08
