54.52 736.47 1118.33 16.00 18.00 11.00 9.07 11.62 4.31 5.31
52.06 666.35 1050.91 17.00 22.00 12.00 7.78 11.44 4.53 5.41
47.31 640.36 903.54 14.00 29.00 12.00 6.80 10.79 4.33 4.63
44.44 651.41 812.78 11.00 31.00 15.00 6.55 10.34 4.68 4.79
44.81 644.26 777.91 12.00 32.00 14.00 6.52 9.79 5.01 5.06
44.15 674.12 761.76 11.00 29.00 16.00 6.74 9.71 5.76 4.79
40.24 623.17 626.33 11.00 39.00 20.00 5.82 8.76 6.41 7.12
45.06 572.87 658.36 18.00 38.00 24.00 5.84 8.24 6.68 5.95
50.76 557.54 688.47 19.00 33.00 30.00 6.35 7.62 6.09 6.94
52.59 490.27 703.05 20.00 32.00 32.00 5.80 7.51 6.49 7.01
49.15 497.20 653.26 20.00 36.00 31.00 5.48 7.47 6.28 7.67
46.94 478.13 595.27 22.00 43.00 29.00 5.05 7.14 6.37 6.03
51.37 473.35 675.56 21.00 34.00 28.00 5.46 7.40 5.71 6.96
45.91 514.68 619.53 18.00 38.00 25.00 5.32 7.59 6.64 7.45
32.30 690.41 442.63 16.00 46.00 17.00 5.69 7.72 9.78 6.65
39.43 633.50 567.53 16.00 41.00 16.00 5.84 8.10 10.20 6.03
39.96 623.92 560.20 19.00 42.00 17.00 5.81 7.89 9.39 6.35
48.33 568.33 661.82 16.00 32.00 22.00 6.15 7.69 10.37 7.64
42.15 702.63 576.14 17.00 31.00 18.00 6.78 7.67 10.49 8.25
46.83 633.30 633.16 16.00 31.00 19.00 6.65 7.58 6.68 8.36
62.63 420.53 862.89 17.00 21.00 24.00 6.30 7.71 6.50 8.67
51.13 478.93 684.13 15.00 36.00 23.00 5.48 7.49 8.04 8.85
45.93 527.72 617.37 9.00 41.00 21.00 5.44 7.50 16.82 9.96
38.59 574.05 529.52 9.00 48.00 16.00 5.21 7.67 22.17 6.96
39.78 492.00 506.25 9.00 54.00 20.00 4.55 7.11 22.07 8.55
38.87 529.54 487.74 8.00 49.00 24.00 4.82 7.01 22.95 8.30
27.94 585.89 344.16 9.00 62.00 21.00 4.53 6.90 20.79 6.47
30.13 620.34 349.97 10.00 51.00 22.00 4.95 6.50 11.44 6.31
38.67 552.85 511.42 10.00 45.00 25.00 5.03 7.43 11.00 8.64
41.47 536.39 521.90 10.00 45.00 29.00 5.11 7.07 12.26 7.98
44.41 522.21 614.64 12.00 40.00 26.00 5.24 7.78 11.38 8.18
46.47 479.67 645.88 12.00 44.00 23.00 5.00 7.81 11.19 8.56
51.49 452.12 664.56 13.00 37.00 30.00 5.21 7.24 7.69 8.11
51.32 458.31 683.85 13.00 40.00 26.00 5.26 7.48 8.38 6.32
59.02 366.05 720.67 13.00 34.00 35.00 4.99 6.83 5.92 10.02
