48.59 1179.47 1554.85 24.00 40.00 20.00 7.70 10.87 5.00 5.05
49.01 1100.14 1531.81 24.00 42.00 24.00 7.24 10.61 5.52 5.34
45.02 1079.81 1299.63 21.00 55.00 29.00 6.59 9.76 5.93 6.12
45.46 1024.07 1242.66 27.00 55.00 34.00 6.30 9.25 5.95 5.80
48.98 942.53 1260.11 27.00 56.00 39.00 6.20 8.69 6.32 6.57
48.51 930.89 1213.03 26.00 55.00 41.00 6.07 8.44 6.68 6.49
45.37 941.17 1089.78 28.00 58.00 39.00 5.78 8.12 6.69 6.90
45.94 911.92 1075.60 29.00 63.00 41.00 5.66 7.91 6.74 6.80
47.46 912.79 1071.90 28.00 60.00 45.00 5.83 7.61 6.36 7.39
46.33 887.36 1049.41 34.00 62.00 44.00 5.56 7.64 6.51 6.84
41.47 987.71 925.11 31.00 70.00 42.00 5.66 7.53 8.42 7.03
45.68 890.28 1018.82 31.00 67.00 41.00 5.50 7.53 8.70 6.45
45.20 941.98 1023.39 36.00 61.00 36.00 5.77 7.65 7.92 6.47
47.91 907.28 1079.20 27.00 57.00 39.00 5.84 7.59 9.07 8.20
42.29 1058.03 959.28 26.00 59.00 33.00 6.14 7.64 9.56 8.26
42.88 1030.39 979.42 30.00 61.00 31.00 6.05 7.70 8.88 7.16
49.56 911.51 1134.74 28.00 55.00 35.00 6.06 7.70 8.95 7.79
48.19 891.08 1107.86 24.00 60.00 35.00 5.76 7.73 9.89 8.13
41.93 996.45 965.20 24.00 67.00 29.00 5.75 7.74 13.21 8.13
43.52 966.65 989.56 18.00 67.00 30.00 5.73 7.63 17.22 8.89
46.78 859.09 1022.99 19.00 67.00 36.00 5.40 7.34 16.96 9.31
42.54 926.42 899.77 22.00 69.00 40.00 5.40 7.10 15.54 8.34
42.34 873.24 919.19 18.00 75.00 39.00 5.07 7.28 16.68 8.67
37.27 943.09 795.64 18.00 80.00 35.00 5.03 7.17 17.74 6.73
39.85 846.77 900.39 17.00 81.00 36.00 4.71 7.60 17.53 8.25
40.30 869.74 878.01 12.00 81.00 39.00 4.87 7.31 20.72 9.00
35.85 960.77 775.40 14.00 86.00 38.00 5.01 7.28 19.57 8.54
39.75 927.16 861.74 19.00 76.00 40.00 5.15 7.30 10.08 8.10
45.68 797.54 966.38 22.00 72.00 48.00 4.92 7.12 9.60 7.56
44.90 827.35 950.02 22.00 72.00 46.00 5.03 7.12 9.79 6.87
51.39 720.83 1113.67 21.00 62.00 51.00 4.97 7.29 9.48 9.42
