59.17 279.83 444.96 6.00 2.00 3.00 11.52 12.86 3.78 4.70
64.06 215.16 467.18 8.00 5.00 2.00 10.12 12.48 4.29 5.98
49.33 255.10 331.91 6.00 6.00 3.00 8.48 11.45 4.40 2.85
48.56 210.86 301.45 5.00 8.00 6.00 6.88 10.58 2.25 0.90
55.06 201.27 341.39 4.00 10.00 5.00 7.51 10.46 2.64 5.77
43.56 240.34 280.87 4.00 9.00 4.00 7.12 10.87 4.50 3.27
37.56 183.72 230.25 4.00 13.00 3.00 4.93 10.45 3.72 4.03
41.22 200.22 228.47 2.00 14.00 5.00 5.70 9.43 5.71 1.97
41.83 259.27 206.27 4.00 9.00 5.00 7.48 8.33 3.57 4.50
47.67 233.50 251.78 5.00 6.00 7.00 7.50 8.89 6.29 5.52
41.33 179.20 189.81 3.00 17.00 12.00 5.12 7.68 7.92 11.41
46.28 139.09 178.03 11.00 18.00 12.00 4.37 6.51 5.48 1.73
69.11 118.10 292.14 12.00 7.00 13.00 6.51 7.16 3.47 5.64
63.83 117.59 273.17 4.00 8.00 13.00 5.45 7.21 7.18 8.37
37.00 199.90 170.77 5.00 12.00 6.00 5.32 7.80 7.17 8.43
30.72 221.36 143.97 7.00 17.00 4.00 5.36 7.94 6.16 2.88
48.00 155.28 212.37 4.00 15.00 9.00 5.01 7.44 4.13 7.71
43.17 175.73 202.15 7.00 13.00 8.00 5.19 7.93 6.72 1.31
11.89 335.01 59.49 7.00 18.00 2.00 6.37 8.62 12.08 1.31
44.39 236.41 221.26 2.00 11.00 4.00 7.10 8.38 0.00 2.58
60.00 132.94 288.34 8.00 8.00 6.00 5.61 8.11 4.46 7.18
57.44 156.19 238.09 7.00 8.00 10.00 6.17 6.97 6.25 8.66
54.56 233.90 228.30 2.00 5.00 10.00 8.60 6.99 0.00 13.53
38.67 240.69 173.12 7.00 12.00 5.00 6.58 7.57 7.34 2.55
73.33 53.44 346.14 7.00 8.00 8.00 3.39 7.93 2.27 6.35
57.28 82.05 272.10 1.00 16.00 7.00 3.21 7.94 11.25 0.00
9.89 240.37 42.34 0.00 28.00 3.00 4.45 7.22 0.00 0.00
19.83 251.30 83.85 1.00 19.00 3.00 5.23 7.07 0.00 0.00
36.11 198.08 117.28 2.00 18.00 9.00 5.18 5.43 0.00 10.50
39.50 196.19 131.63 6.00 13.00 14.00 5.43 5.62 7.02 2.83
37.83 147.34 183.40 7.00 16.00 9.00 3.98 8.19 5.18 2.43
31.06 172.85 134.11 3.00 19.00 5.00 4.19 7.25 15.95 3.83
42.07 207.43 209.60 1.00 10.00 7.00 5.99 8.44 0.00 0.00
53.87 167.35 255.73 1.00 13.00 9.00 6.06 8.03 0.00 0.00
53.33 167.44 221.64 4.00 12.00 10.00 6.01 6.98 6.03 8.24
54.50 139.47 255.76 8.00 12.00 7.00 5.17 7.93 4.21 5.18
59.06 77.24 232.65 8.00 14.00 13.00 3.18 6.63 2.80 4.85
45.61 151.29 172.29 4.00 15.00 9.00 4.66 6.33 7.13 2.46
64.67 121.37 265.11 1.00 8.00 12.00 5.74 6.88 9.83 0.00
