45.03 2168.15 2479.96 55.00 110.00 62.00 6.62 9.32 7.26 6.33
47.34 1990.41 2550.70 55.00 109.00 65.00 6.34 9.12 7.54 6.51
45.11 2021.79 2323.27 57.00 116.00 65.00 6.18 8.70 7.45 6.45
46.68 1931.45 2321.86 54.00 112.00 73.00 6.08 8.40 7.67 7.11
45.63 2000.57 2219.67 53.00 115.00 72.00 6.17 8.20 8.11 7.45
45.69 1961.28 2192.55 56.00 116.00 72.00 6.06 8.09 7.94 7.13
47.46 1852.75 2224.52 56.00 113.00 74.00 5.92 7.90 7.91 7.37
47.07 1802.99 2183.60 53.00 123.00 76.00 5.71 7.82 8.35 7.67
44.69 1909.40 2037.10 52.00 128.00 74.00 5.79 7.67 10.34 7.74
44.93 1854.01 2038.98 52.00 129.00 74.00 5.64 7.64 12.21 7.76
44.12 1847.34 1948.11 50.00 137.00 78.00 5.54 7.43 12.49 8.14
44.11 1816.70 1918.91 53.00 136.00 81.00 5.45 7.32 12.09 7.50
43.77 1815.47 1942.59 54.00 136.00 75.00 5.41 7.47 11.84 7.44
42.59 1850.37 1875.21 45.00 137.00 74.00 5.40 7.40 13.51 7.95
41.07 1904.81 1859.76 43.00 140.00 69.00 5.41 7.62 13.51 8.30
41.59 1900.13 1857.88 42.00 142.00 71.00 5.45 7.51 14.01 8.19
42.70 1872.28 1910.64 42.00 141.00 73.00 5.47 7.53 14.09 8.29
43.97 1818.23 1969.60 43.00 137.00 75.00 5.43 7.54 13.76 8.13
43.81 1794.09 1931.59 46.00 139.00 77.00 5.35 7.42 13.46 7.88
44.21 1794.00 1939.74 40.00 139.00 76.00 5.38 7.37 13.54 8.18
49.09 1579.92 2137.81 40.00 129.00 87.00 5.20 7.32 13.42 9.30
