43.47 1869.70 1835.81 17.00 38.00 20.00 9.24 11.85 8.67 6.45
45.99 1730.49 1875.57 16.00 36.00 21.00 8.95 11.44 8.90 7.03
48.30 1623.37 1924.84 15.00 35.00 23.00 8.77 11.18 9.42 8.02
46.56 1655.64 1806.27 13.00 34.00 24.00 8.65 10.89 9.62 8.40
46.48 1670.70 1777.98 12.00 36.00 23.00 8.72 10.73 10.02 8.14
46.62 1636.04 1763.47 12.00 39.00 21.00 8.56 10.64 9.97 8.10
48.00 1571.90 1819.35 12.00 40.00 21.00 8.45 10.66 11.02 7.78
45.66 1674.67 1733.05 11.00 41.00 19.00 8.62 10.70 11.19 5.96
41.12 1782.36 1548.06 11.00 46.00 18.00 8.47 10.62 15.73 5.96
41.29 1735.30 1500.89 10.00 51.00 21.00 8.26 10.25 19.75 4.98
44.28 1647.67 1591.71 10.00 46.00 25.00 8.27 10.14 18.84 5.98
44.35 1645.54 1533.65 10.00 43.00 26.00 8.27 9.74 18.55 5.62
43.53 1699.88 1531.20 10.00 40.00 24.00 8.42 9.92 17.52 6.11
41.43 1715.92 1430.71 10.00 44.00 26.00 8.19 9.73 17.56 6.07
38.56 1822.61 1371.75 10.00 48.00 23.00 8.29 10.03 18.08 5.11
45.77 1587.70 1581.00 9.00 44.00 33.00 8.18 9.73 18.08 11.45
42.41 1703.35 1457.42 10.00 45.00 32.00 8.26 9.68 18.20 12.12
44.47 1672.76 1475.44 10.00 40.00 38.00 8.42 9.32 18.97 11.25
41.64 1717.10 1349.37 8.00 48.00 38.00 8.22 9.10 18.51 11.87
45.13 1611.85 1442.87 9.00 45.00 44.00 8.19 8.95 10.04 11.20
45.13 1532.82 1442.87 9.00 53.00 44.00 7.79 8.95 11.96 11.20
42.71 1634.25 1381.97 9.00 54.00 39.00 7.95 9.06 17.42 11.63
41.16 1693.74 1345.77 9.00 56.00 36.00 8.04 9.15 17.17 11.68
40.66 1707.92 1384.45 9.00 57.00 35.00 8.04 9.53 17.40 11.35
41.69 1705.07 1412.86 9.00 57.00 37.00 8.17 9.48 17.45 11.09
37.33 1871.29 1265.48 8.00 60.00 33.00 8.35 9.49 18.67 11.76
38.28 1833.07 1388.01 14.00 57.00 31.00 8.43 10.41 19.84 6.36
33.12 1997.08 1259.45 15.00 60.00 21.00 8.47 10.95 19.18 6.22
35.28 1873.79 1303.15 15.00 60.00 25.00 8.21 10.62 18.94 6.12
