43.18 1624.83 1555.16 15.00 27.00 16.00 9.59 12.12 7.45 6.88
43.96 1510.04 1532.24 14.00 29.00 18.00 9.03 11.73 7.67 7.04
41.54 1523.38 1449.39 13.00 35.00 16.00 8.73 11.75 9.33 7.18
45.84 1398.16 1540.20 11.00 30.00 17.00 8.64 11.32 9.32 7.85
49.86 1293.13 1598.61 11.00 28.00 21.00 8.64 10.80 10.58 8.42
45.53 1426.27 1423.21 11.00 29.00 19.00 8.78 10.52 10.46 8.67
48.36 1330.54 1493.76 9.00 31.00 20.00 8.64 10.39 10.90 7.57
49.01 1301.77 1527.49 9.00 34.00 18.00 8.56 10.52 11.30 6.07
46.97 1326.21 1468.43 11.00 37.00 17.00 8.39 10.57 12.03 6.66
44.59 1383.80 1383.39 9.00 39.00 16.00 8.39 10.51 10.80 5.25
42.94 1419.96 1340.69 8.00 37.00 14.00 8.36 10.58 15.92 5.49
42.40 1412.00 1272.72 8.00 39.00 18.00 8.23 10.16 20.93 4.99
44.14 1402.80 1310.71 8.00 35.00 22.00 8.44 10.06 19.71 6.23
41.99 1425.18 1190.25 8.00 37.00 22.00 8.25 9.59 19.14 6.22
35.82 1599.25 1056.10 8.00 40.00 17.00 8.36 10.00 19.12 5.62
39.69 1458.44 1163.89 8.00 40.00 20.00 8.11 9.94 18.56 5.46
40.36 1445.46 1192.37 9.00 40.00 21.00 8.13 10.01 19.17 5.21
44.51 1377.93 1241.55 8.00 34.00 31.00 8.33 9.40 20.47 12.14
41.64 1462.20 1131.69 7.00 36.00 31.00 8.40 9.15 19.08 13.92
47.59 1299.66 1269.88 8.00 33.00 37.00 8.30 8.97 9.65 11.87
47.59 1260.94 1269.88 8.00 39.00 37.00 8.06 8.97 10.26 11.87
49.20 1260.55 1325.38 8.00 33.00 38.00 8.31 9.06 10.04 11.74
43.97 1304.85 1191.86 7.00 43.00 33.00 7.79 9.11 12.12 11.92
40.43 1400.29 1121.04 7.00 50.00 32.00 7.86 9.32 18.17 12.73
41.30 1396.75 1125.28 7.00 52.00 34.00 7.98 9.15 18.48 12.74
41.07 1417.54 1143.99 7.00 50.00 31.00 8.07 9.35 19.70 12.36
39.57 1481.86 1097.21 7.00 49.00 31.00 8.22 9.32 18.51 3.61
29.57 1742.11 848.23 7.00 56.00 20.00 8.30 9.65 18.67 3.61
35.36 1575.19 1122.68 13.00 52.00 20.00 8.32 11.01 20.26 6.26
30.86 1702.19 1025.71 13.00 53.00 14.00 8.40 11.56 20.15 6.29
34.00 1618.82 1085.76 14.00 48.00 18.00 8.38 11.08 19.43 6.27
