48.98 1969.69 2311.26 19.00 38.00 27.00 9.25 11.34 8.60 7.39
46.58 1987.97 2141.65 18.00 40.00 28.00 8.91 11.05 9.22 7.64
45.63 2000.95 2104.21 16.00 43.00 25.00 8.82 11.09 9.19 7.91
47.34 1865.41 2146.53 14.00 44.00 26.00 8.48 10.93 9.29 7.95
46.44 1912.06 2103.58 15.00 45.00 24.00 8.55 10.93 10.27 8.01
44.09 2008.94 1969.03 14.00 46.00 22.00 8.61 10.79 10.11 7.73
42.84 2028.06 1898.98 12.00 49.00 22.00 8.50 10.70 14.52 7.13
42.67 2026.17 1850.55 12.00 53.00 24.00 8.47 10.47 18.17 5.72
42.52 2010.08 1799.07 13.00 55.00 29.00 8.38 10.22 18.28 6.28
43.12 1968.83 1761.82 12.00 55.00 29.00 8.30 9.87 17.90 5.53
43.73 1944.76 1812.20 12.00 51.00 27.00 8.28 10.01 17.06 5.89
43.53 1936.28 1774.11 12.00 50.00 30.00 8.22 9.84 17.16 5.63
44.78 1923.24 1846.85 12.00 48.00 30.00 8.35 9.96 16.92 5.59
46.39 1845.18 1847.82 11.00 48.00 39.00 8.25 9.60 17.22 10.61
40.58 2080.50 1636.79 11.00 53.00 34.00 8.39 9.74 17.27 11.57
45.56 1882.53 1814.89 11.00 50.00 40.00 8.28 9.61 17.41 10.73
42.29 1958.25 1675.10 11.00 57.00 39.00 8.12 9.56 17.76 10.73
42.81 1984.94 1648.43 11.00 52.00 45.00 8.31 9.27 18.05 10.77
40.38 1988.97 1522.37 9.00 62.00 45.00 7.98 9.07 18.27 11.20
40.15 1985.55 1499.46 10.00 66.00 45.00 7.93 8.96 17.42 11.21
42.56 1921.70 1596.78 11.00 66.00 47.00 8.01 9.01 16.55 11.06
42.58 1941.89 1645.37 11.00 61.00 42.00 8.10 9.28 16.18 10.57
41.51 2002.06 1633.35 11.00 61.00 39.00 8.20 9.44 16.29 10.37
37.52 2161.68 1505.94 10.00 67.00 37.00 8.28 9.63 16.74 10.88
40.31 2056.28 1703.66 16.00 65.00 37.00 8.36 10.35 19.24 11.24
39.34 2126.27 1676.70 16.00 64.00 34.00 8.50 10.45 19.18 11.16
37.79 2131.67 1568.49 16.00 65.00 36.00 8.31 10.18 18.61 6.19
