43.18 1624.83 1555.16 15.00 27.00 16.00 9.59 12.12 7.45 6.88
41.54 1523.38 1449.39 13.00 35.00 16.00 8.73 11.75 9.33 7.18
49.86 1293.13 1598.61 11.00 28.00 21.00 8.64 10.80 10.58 8.42
48.36 1330.54 1493.76 9.00 31.00 20.00 8.64 10.39 10.90 7.57
46.97 1326.21 1468.43 11.00 37.00 17.00 8.39 10.57 12.03 6.66
42.94 1419.96 1340.69 8.00 37.00 14.00 8.36 10.58 15.92 5.49
44.14 1402.80 1310.71 8.00 35.00 22.00 8.44 10.06 19.71 6.23
35.82 1599.25 1056.10 8.00 40.00 17.00 8.36 10.00 19.12 5.62
40.36 1445.46 1192.37 9.00 40.00 21.00 8.13 10.01 19.17 5.21
41.64 1462.20 1131.69 7.00 36.00 31.00 8.40 9.15 19.08 13.92
47.59 1260.94 1269.88 8.00 39.00 37.00 8.06 8.97 10.26 11.87
43.97 1304.85 1191.86 7.00 43.00 33.00 7.79 9.11 12.12 11.92
41.30 1396.75 1125.28 7.00 52.00 34.00 7.98 9.15 18.48 12.74
39.57 1481.86 1097.21 7.00 49.00 31.00 8.22 9.32 18.51 3.61
35.36 1575.19 1122.68 13.00 52.00 20.00 8.32 11.01 20.26 6.26
34.00 1618.82 1085.76 14.00 48.00 18.00 8.38 11.08 19.43 6.27
