43.57 1016.73 996.80 11.00 15.00 9.00 10.08 12.85 4.21 4.73
44.35 895.97 954.34 10.00 16.00 12.00 9.00 12.08 4.30 4.87
43.59 915.40 961.38 8.00 15.00 9.00 9.07 12.37 3.68 8.68
45.78 854.35 968.70 7.00 12.00 11.00 8.80 11.88 4.57 9.31
40.76 948.26 842.51 7.00 17.00 10.00 8.93 11.60 8.96 9.33
40.46 948.34 813.80 7.00 18.00 9.00 8.89 11.29 8.93 8.60
43.37 852.97 838.94 6.00 23.00 11.00 8.40 10.85 11.90 8.06
47.63 834.53 921.16 6.00 20.00 9.00 8.90 10.86 12.50 4.99
53.00 707.27 963.47 7.00 20.00 14.00 8.41 10.20 12.97 6.62
47.33 801.13 837.58 6.00 22.00 13.00 8.50 9.93 11.94 6.66
52.20 722.44 935.47 5.00 19.00 12.00 8.46 10.06 10.94 5.01
52.78 687.60 949.67 5.00 20.00 12.00 8.15 10.14 8.80 2.91
52.63 718.93 980.07 6.00 17.00 10.00 8.50 10.51 9.88 7.32
43.69 840.15 811.83 5.00 21.00 9.00 8.37 10.52 9.68 6.20
29.24 1074.45 584.60 4.00 26.00 4.00 8.50 11.40 17.88 4.57
35.24 934.17 662.50 4.00 29.00 8.00 8.07 10.69 23.89 3.97
36.35 925.02 656.24 5.00 27.00 13.00 8.13 10.27 24.58 6.12
35.93 957.93 583.98 5.00 23.00 14.00 8.36 9.17 24.42 6.02
34.43 980.96 551.00 4.00 23.00 14.00 8.36 9.02 22.59 6.50
39.17 875.58 618.88 5.00 23.00 17.00 8.03 8.86 6.78 5.86
47.89 748.16 787.15 6.00 22.00 19.00 8.01 9.21 7.20 5.39
56.30 653.54 918.50 5.00 15.00 24.00 8.35 9.14 7.20 14.06
48.46 778.08 801.18 5.00 17.00 19.00 8.42 9.25 7.32 15.70
53.02 714.40 891.45 5.00 17.00 24.00 8.49 9.42 11.41 14.06
48.85 735.99 798.37 4.00 25.00 24.00 8.03 9.15 11.50 14.33
51.09 736.20 823.99 4.00 22.00 27.00 8.40 9.03 12.56 13.98
42.37 784.66 655.72 3.00 31.00 25.00 7.59 8.67 14.13 3.61
29.13 980.72 463.33 4.00 39.00 15.00 7.71 8.92 21.76 4.98
33.85 915.65 544.30 4.00 39.00 17.00 7.74 9.01 22.40 6.02
28.30 993.46 492.99 4.00 39.00 11.00 7.75 9.74 23.25 4.51
34.52 969.02 614.49 5.00 32.00 13.00 8.28 9.96 20.96 4.08
23.57 1134.41 441.49 4.00 38.00 6.00 8.31 10.49 12.80 2.06
34.09 1048.21 732.29 11.00 26.00 6.00 9.18 12.70 14.63 5.28
37.23 1016.36 796.12 11.00 21.00 6.00 9.36 12.64 14.20 5.05
36.75 958.13 758.08 11.00 21.00 8.00 8.72 12.19 14.25 5.24
