46.56 2347.27 2490.63 20.00 46.00 29.00 9.21 11.25 8.70 7.36
47.26 2197.74 2481.91 19.00 50.00 30.00 8.74 11.07 9.00 7.52
45.70 2242.31 2429.81 19.00 52.00 26.00 8.66 11.22 9.52 7.72
45.03 2238.31 2352.09 16.00 51.00 27.00 8.54 11.03 9.50 7.62
42.12 2368.22 2183.21 15.00 54.00 25.00 8.58 10.95 13.68 7.59
41.67 2360.44 2086.52 15.00 58.00 27.00 8.48 10.57 16.50 7.48
43.85 2255.77 2149.99 14.00 58.00 33.00 8.42 10.35 17.04 7.21
44.10 2259.71 2111.48 14.00 57.00 32.00 8.48 10.11 16.90 6.10
42.26 2307.16 2019.57 15.00 60.00 31.00 8.38 10.10 16.78 6.11
42.56 2259.57 2002.27 14.00 62.00 33.00 8.25 9.94 16.77 5.49
44.80 2168.12 2127.84 14.00 59.00 33.00 8.23 10.03 16.58 5.46
47.61 2065.53 2191.22 13.00 54.00 43.00 8.27 9.71 16.92 9.76
45.76 2181.13 2111.89 13.00 53.00 41.00 8.43 9.74 16.44 10.93
46.12 2140.01 2081.70 13.00 54.00 46.00 8.33 9.52 16.72 10.14
40.71 2335.39 1854.47 12.00 65.00 41.00 8.26 9.62 17.01 10.28
43.97 2194.71 1987.88 12.00 62.00 47.00 8.21 9.54 16.65 10.32
41.11 2230.12 1848.10 12.00 71.00 46.00 7.93 9.49 17.76 10.32
38.74 2358.65 1705.02 12.00 73.00 46.00 8.06 9.26 21.55 10.69
38.72 2377.86 1676.28 11.00 75.00 48.00 8.13 9.11 20.48 11.06
40.35 2293.19 1762.87 12.00 73.00 48.00 8.05 9.17 16.18 10.32
42.69 2230.02 1884.36 13.00 71.00 50.00 8.15 9.27 15.56 10.00
39.59 2395.64 1766.87 12.00 71.00 44.00 8.31 9.38 16.17 10.19
40.32 2353.27 1924.15 18.00 69.00 39.00 8.35 10.20 18.30 10.72
39.25 2416.65 1917.16 18.00 71.00 38.00 8.43 10.46 18.22 10.62
39.62 2354.88 1884.13 18.00 73.00 42.00 8.26 10.17 18.11 10.68
