46.52 2588.63 2816.22 23.00 55.00 30.00 9.02 11.35 9.05 7.24
45.22 2570.64 2687.47 21.00 57.00 31.00 8.75 11.15 9.32 7.22
41.94 2698.46 2509.44 19.00 61.00 27.00 8.66 11.23 12.67 7.45
42.78 2589.80 2469.59 17.00 63.00 32.00 8.43 10.83 15.56 7.41
43.10 2595.93 2434.22 17.00 63.00 36.00 8.50 10.60 16.11 7.61
43.06 2593.98 2347.45 17.00 62.00 35.00 8.49 10.23 15.54 7.56
43.48 2552.86 2370.49 16.00 63.00 35.00 8.42 10.23 15.79 6.99
43.49 2550.45 2351.93 16.00 64.00 36.00 8.41 10.14 16.04 5.94
43.38 2530.52 2335.21 17.00 68.00 37.00 8.33 10.10 16.37 5.78
46.29 2388.83 2419.38 15.00 66.00 46.00 8.29 9.80 16.58 9.40
45.67 2426.00 2392.89 15.00 64.00 44.00 8.32 9.83 16.19 10.35
47.24 2360.36 2425.11 15.00 60.00 50.00 8.34 9.62 16.42 9.44
45.30 2436.03 2329.58 14.00 65.00 48.00 8.30 9.64 16.27 9.77
44.65 2452.19 2254.70 14.00 66.00 53.00 8.25 9.46 16.14 9.79
39.83 2607.27 2027.47 13.00 79.00 48.00 8.07 9.54 17.07 9.92
40.22 2568.42 2044.47 13.00 83.00 48.00 8.00 9.53 19.85 10.29
39.56 2619.00 2002.00 14.00 84.00 49.00 8.07 9.49 19.87 10.18
39.08 2666.28 1968.43 14.00 80.00 49.00 8.15 9.42 20.11 9.92
39.27 2686.18 1963.86 13.00 80.00 51.00 8.24 9.35 19.43 10.00
37.94 2746.94 1884.36 13.00 83.00 50.00 8.24 9.27 16.17 10.00
41.51 2581.23 2175.16 20.00 79.00 50.00 8.30 9.94 17.43 10.55
40.92 2650.62 2178.09 20.00 75.00 45.00 8.44 10.11 16.99 10.19
39.71 2651.87 2104.63 20.00 77.00 44.00 8.27 10.06 17.34 10.25
