43.06 3044.79 2895.85 23.00 64.00 31.00 8.97 11.35 11.98 7.03
43.18 2922.13 2804.96 22.00 69.00 36.00 8.62 10.96 14.75 7.09
42.84 2926.18 2760.45 21.00 70.00 38.00 8.59 10.88 14.88 7.53
43.92 2823.34 2730.52 19.00 67.00 40.00 8.44 10.50 14.76 7.49
42.84 2893.02 2654.71 19.00 68.00 38.00 8.49 10.47 15.03 7.37
42.61 2884.72 2587.91 19.00 69.00 39.00 8.43 10.25 14.90 7.29
44.36 2776.22 2686.13 18.00 71.00 41.00 8.36 10.22 15.47 6.60
46.76 2679.71 2769.04 17.00 68.00 49.00 8.44 9.99 15.88 9.49
44.31 2788.41 2600.26 18.00 73.00 48.00 8.39 9.90 16.04 9.99
46.09 2683.66 2653.27 17.00 72.00 53.00 8.35 9.71 16.17 9.11
45.27 2680.90 2610.57 16.00 76.00 51.00 8.21 9.73 16.07 9.34
45.80 2672.54 2598.10 16.00 72.00 57.00 8.27 9.57 15.95 9.16
44.06 2707.90 2502.57 15.00 79.00 55.00 8.11 9.58 16.52 9.46
41.21 2825.90 2311.29 15.00 87.00 54.00 8.05 9.46 19.22 9.85
38.56 2996.15 2181.38 15.00 92.00 51.00 8.18 9.54 19.17 9.86
40.38 2876.05 2307.88 15.00 90.00 51.00 8.09 9.64 18.82 9.60
39.96 2927.33 2289.59 16.00 89.00 52.00 8.18 9.66 18.85 9.35
37.04 3120.04 2089.92 15.00 90.00 51.00 8.31 9.50 19.69 9.63
38.53 3037.39 2254.66 20.00 88.00 51.00 8.36 9.99 20.46 10.55
39.29 3001.92 2295.58 21.00 87.00 51.00 8.36 9.97 16.99 10.29
40.85 2879.83 2355.64 22.00 87.00 55.00 8.23 9.83 16.62 10.13
