45.97 1261.72 1347.79 12.00 18.00 13.00 9.79 12.33 4.24 7.32
46.01 1186.69 1304.07 12.00 18.00 15.00 9.21 11.92 5.01 7.55
40.69 1278.51 1168.74 11.00 24.00 12.00 9.03 12.09 7.95 7.84
43.26 1177.71 1196.86 9.00 23.00 14.00 8.69 11.65 8.00 8.25
41.81 1193.14 1123.16 9.00 28.00 14.00 8.58 11.31 10.50 8.03
44.39 1168.79 1157.13 9.00 25.00 12.00 8.80 10.98 10.30 8.08
53.04 952.96 1314.38 8.00 23.00 18.00 8.50 10.42 11.69 8.00
48.25 1092.00 1187.24 8.00 24.00 16.00 8.84 10.35 12.18 6.95
47.15 1084.84 1142.84 8.00 28.00 16.00 8.61 10.20 12.12 6.34
48.51 1010.90 1177.83 7.00 32.00 15.00 8.23 10.25 10.71 4.57
50.71 963.80 1261.06 8.00 28.00 13.00 8.20 10.52 11.14 6.72
46.81 1060.50 1155.23 7.00 27.00 13.00 8.38 10.46 9.64 5.31
42.44 1175.08 1059.70 6.00 26.00 11.00 8.58 10.59 16.33 5.69
38.96 1191.64 929.32 6.00 33.00 14.00 8.19 10.11 21.60 5.66
34.67 1302.17 835.61 6.00 35.00 15.00 8.37 10.25 22.44 5.85
39.96 1167.70 923.43 6.00 33.00 16.00 8.16 9.81 20.71 5.75
37.38 1222.10 876.73 7.00 32.00 15.00 8.18 9.97 20.44 5.75
36.60 1248.67 824.44 7.00 30.00 18.00 8.26 9.52 20.96 5.57
38.89 1204.32 866.65 6.00 31.00 20.00 8.26 9.40 20.56 5.39
48.42 1004.84 1035.99 6.00 27.00 30.00 8.15 8.99 7.20 12.94
49.08 1006.04 1052.20 7.00 27.00 30.00 8.27 9.01 8.09 13.92
53.29 948.36 1152.38 7.00 21.00 31.00 8.50 9.09 9.65 12.52
46.75 1032.98 1018.87 6.00 29.00 26.00 8.12 9.15 10.68 12.87
47.97 1026.58 1064.45 6.00 29.00 31.00 8.26 9.32 10.63 12.84
44.85 1007.86 971.37 5.00 39.00 31.00 7.64 9.09 12.71 12.85
40.89 1109.90 880.58 5.00 43.00 28.00 7.85 9.04 21.76 14.20
38.56 1173.54 809.63 5.00 44.00 28.00 8.01 8.82 20.04 5.52
32.29 1288.35 726.74 6.00 46.00 18.00 7.98 9.45 19.70 3.85
36.29 1223.98 831.88 6.00 44.00 20.00 8.06 9.63 19.65 3.77
25.89 1447.21 614.49 5.00 49.00 13.00 8.19 9.96 20.62 4.08
33.77 1320.22 905.29 12.00 40.00 13.00 8.55 11.72 21.01 6.41
30.35 1389.38 852.71 12.00 42.00 7.00 8.56 12.33 14.20 5.32
34.29 1346.81 912.77 13.00 34.00 11.00 8.80 11.64 13.91 5.41
