53.11 345.59 386.41 4.00 3.00 4.00 12.40 12.22 1.40 2.74
46.72 332.33 334.49 5.00 6.00 4.00 10.49 12.02 4.23 3.68
40.50 329.54 326.23 4.00 7.00 2.00 9.31 13.56 5.69 2.14
51.67 229.37 382.64 2.00 5.00 5.00 7.94 12.50 0.47 5.93
37.11 340.16 284.16 3.00 5.00 3.00 9.06 12.98 0.62 7.97
34.67 334.27 235.90 3.00 5.00 3.00 8.56 11.49 1.09 4.40
53.17 244.99 350.92 1.00 3.00 4.00 8.76 11.07 0.38 0.00
51.00 290.72 349.66 2.00 2.00 3.00 9.96 11.51 6.65 4.77
32.00 362.40 207.37 3.00 9.00 3.00 8.93 10.91 14.82 4.03
35.72 323.20 228.16 2.00 11.00 3.00 8.42 10.78 4.35 1.72
44.94 244.87 280.65 2.00 11.00 3.00 7.44 10.55 14.12 0.73
56.17 220.35 343.33 2.00 6.00 3.00 8.42 10.31 0.00 0.85
82.06 99.99 475.10 2.00 0.00 7.00 9.40 9.74 2.70 3.80
50.11 257.48 266.01 2.00 4.00 6.00 8.68 8.91 11.13 10.37
29.61 376.93 179.37 1.00 8.00 2.00 9.01 10.17 0.00 0.00
52.06 209.77 339.45 1.00 10.00 2.00 7.35 11.14 6.68 0.00
46.22 241.15 325.59 3.00 9.00 1.00 7.53 12.13 10.82 6.17
28.89 372.90 205.56 2.00 7.00 1.00 8.85 12.26 9.97 1.20
11.89 456.16 79.50 0.00 9.00 1.00 8.70 11.69 0.00 0.00
24.78 351.30 117.49 1.00 12.00 5.00 7.80 7.96 0.00 0.00
50.94 227.72 251.01 2.00 9.00 11.00 7.78 8.30 6.82 7.62
54.11 233.54 260.93 2.00 4.00 7.00 8.54 8.12 3.41 4.55
40.44 296.84 220.49 2.00 4.00 2.00 8.35 9.17 5.08 4.63
38.61 290.32 240.46 2.00 7.00 4.00 7.92 10.49 8.73 4.08
52.28 223.21 315.65 2.00 8.00 6.00 7.82 10.13 0.00 0.02
76.17 129.19 417.11 1.00 4.00 13.00 9.08 9.19 0.00 0.00
52.67 257.88 265.05 1.00 5.00 11.00 9.11 8.45 0.00 0.00
44.28 294.83 233.75 2.00 6.00 7.00 8.87 8.91 12.20 1.97
41.61 254.90 217.39 1.00 12.00 7.00 7.32 8.81 14.98 0.00
32.83 312.12 172.99 1.00 11.00 7.00 7.78 8.83 0.00 0.00
32.83 271.81 172.99 1.00 14.00 7.00 6.76 8.83 0.00 0.00
10.28 373.02 56.59 1.00 21.00 1.00 6.94 9.23 0.00 0.00
27.11 388.68 153.91 2.00 13.00 3.00 9.02 9.52 0.00 5.23
41.78 307.63 263.41 2.00 7.00 3.00 8.96 10.59 6.38 1.30
43.61 308.33 286.81 2.00 5.00 3.00 9.17 11.07 6.07 1.78
18.67 453.55 121.50 1.00 10.00 2.00 9.36 10.98 0.00 0.00
31.32 350.96 290.80 7.00 7.00 0.00 9.39 18.68 0.35 4.16
52.44 254.90 411.22 8.00 4.00 1.00 9.89 15.19 6.34 4.91
34.89 298.60 180.32 2.00 8.00 5.00 7.68 8.71 1.20 4.07
