51.72 1267.35 1475.54 18.00 38.00 43.00 8.84 9.59 6.89 7.02
53.77 1177.24 1501.54 16.00 37.00 46.00 8.54 9.38 6.69 8.13
47.58 1270.20 1308.86 14.00 46.00 42.00 8.12 9.24 11.67 8.65
45.64 1240.97 1204.94 14.00 51.00 44.00 7.64 8.86 13.69 8.84
50.48 1120.00 1270.82 12.00 46.00 59.00 7.57 8.43 14.26 10.41
56.64 970.42 1279.36 11.00 43.00 84.00 7.50 7.57 14.26 16.10
58.27 904.23 1330.95 10.00 43.00 94.00 7.25 7.65 14.78 25.48
57.99 924.03 1235.43 8.00 43.00 102.00 7.36 7.13 15.88 34.40
58.52 933.58 1270.85 8.00 40.00 98.00 7.53 7.27 16.72 34.42
60.23 862.14 1322.80 8.00 38.00 97.00 7.26 7.36 15.64 34.15
64.07 768.33 1370.64 7.00 34.00 102.00 7.16 7.17 16.66 36.22
63.03 820.82 1358.91 8.00 32.00 100.00 7.43 7.23 5.51 34.11
66.82 759.38 1479.35 9.00 25.00 101.00 7.67 7.43 5.16 32.39
67.51 755.62 1442.27 8.00 24.00 104.00 7.79 7.17 8.61 7.89
67.51 755.62 1563.13 8.00 24.00 86.00 7.79 7.77 8.61 11.56
59.42 900.42 1476.50 8.00 35.00 60.00 7.43 8.35 8.96 13.02
53.44 1047.28 1431.27 9.00 41.00 36.00 7.53 9.01 12.45 12.34
53.28 1032.88 1473.66 9.00 41.00 31.00 7.40 9.29 12.53 13.22
56.21 980.08 1560.44 8.00 40.00 37.00 7.49 9.32 12.96 13.76
56.10 917.01 1527.41 8.00 46.00 40.00 6.98 9.14 12.95 13.46
46.90 1034.89 1305.38 7.00 60.00 34.00 6.51 9.34 12.99 13.13
49.64 931.58 1310.35 7.00 60.00 39.00 6.18 8.84 14.92 12.66
49.06 894.01 1251.93 6.00 67.00 43.00 5.86 8.54 14.72 13.17
45.33 942.71 1190.26 4.00 75.00 38.00 5.76 8.79 15.36 7.42
39.64 1029.89 1000.18 5.00 80.00 35.00 5.70 8.44 20.07 8.22
47.73 884.99 1119.68 5.00 68.00 53.00 5.65 7.84 22.19 9.75
53.71 738.23 1131.22 4.00 63.00 75.00 5.32 7.04 22.19 22.59
57.20 666.81 1018.46 4.00 59.00 99.00 5.20 5.95 22.85 35.24
59.49 594.59 901.60 3.00 58.00 121.00 4.90 5.06 22.85 52.98
64.41 531.44 884.53 2.00 49.00 146.00 4.98 4.58 0.00 66.32
74.41 403.39 989.96 2.00 34.00 175.00 5.26 4.44 0.00 81.32
