47.43 1577.26 1634.28 18.00 55.00 46.00 8.40 9.65 10.64 7.77
47.33 1497.24 1599.77 19.00 55.00 48.00 7.94 9.47 12.18 7.89
50.51 1381.70 1593.65 17.00 53.00 66.00 7.79 8.82 13.09 9.59
54.70 1240.97 1529.63 14.00 51.00 92.00 7.64 7.81 13.69 15.65
58.73 1120.00 1545.20 12.00 46.00 114.00 7.57 7.34 14.26 23.86
61.10 1056.09 1542.86 11.00 46.00 124.00 7.58 7.05 13.67 30.02
58.10 1115.07 1594.83 12.00 49.00 106.00 7.42 7.67 13.60 29.08
56.63 1175.35 1539.32 11.00 49.00 104.00 7.56 7.59 14.26 29.87
60.76 1069.68 1660.14 10.00 44.00 106.00 7.61 7.63 15.26 30.97
61.32 1026.62 1691.39 10.00 43.00 105.00 7.41 7.71 14.17 30.92
60.01 1069.35 1637.64 9.00 42.00 104.00 7.46 7.63 14.21 32.39
58.79 1074.97 1540.92 11.00 42.00 106.00 7.28 7.33 8.20 30.01
67.12 867.04 1848.00 11.00 31.00 110.00 7.36 7.70 8.20 30.22
66.19 900.42 1800.85 8.00 35.00 109.00 7.43 7.60 8.96 13.02
61.20 1047.28 1705.66 9.00 41.00 91.00 7.53 7.80 12.45 12.34
58.30 1118.62 1737.09 9.00 44.00 70.00 7.48 8.34 11.91 13.22
56.39 1190.92 1824.79 10.00 46.00 49.00 7.61 9.06 11.82 12.64
55.06 1168.26 1831.31 11.00 52.00 43.00 7.25 9.31 11.84 12.27
51.07 1170.99 1694.13 9.00 64.00 42.00 6.67 9.28 12.78 13.26
52.50 1096.19 1678.94 9.00 65.00 46.00 6.43 8.94 14.84 12.72
47.50 1195.10 1518.93 8.00 76.00 45.00 6.34 8.94 13.63 12.75
44.04 1196.72 1372.37 7.00 85.00 44.00 5.95 8.70 16.50 13.03
44.47 1137.48 1368.83 7.00 85.00 45.00 5.70 8.59 22.03 12.85
49.70 1029.89 1478.15 5.00 80.00 58.00 5.70 8.29 20.07 9.75
49.70 1029.89 1274.84 5.00 80.00 79.00 5.70 7.14 20.07 20.26
56.44 884.99 1279.05 5.00 68.00 109.00 5.65 6.31 22.19 31.84
61.43 738.23 1294.53 4.00 63.00 135.00 5.32 5.86 22.19 48.08
64.33 666.81 1242.17 4.00 59.00 158.00 5.20 5.37 22.85 60.98
66.24 594.59 1123.15 3.00 58.00 179.00 4.90 4.71 22.85 81.10
