46.67 306.42 325.42 4.00 9.00 4.00 9.81 11.79 6.23 1.43
55.78 256.27 394.70 5.00 4.00 4.00 9.78 11.96 3.10 3.96
50.67 261.70 322.83 5.00 7.00 7.00 8.93 10.76 2.79 4.76
45.00 270.55 250.01 3.00 8.00 8.00 8.22 9.34 11.30 5.18
61.06 215.76 214.18 2.00 3.00 20.00 9.27 5.87 0.00 15.75
76.67 131.64 307.43 3.00 3.00 22.00 9.52 6.73 1.69 2.63
56.00 181.50 323.98 4.00 9.00 8.00 6.93 9.74 3.48 3.20
38.61 313.21 216.37 3.00 11.00 7.00 8.55 9.39 6.13 3.51
44.22 301.34 289.05 3.00 10.00 4.00 9.06 10.94 4.62 2.26
52.78 205.15 332.49 2.00 11.00 5.00 7.27 10.57 5.16 8.25
25.94 309.90 158.30 0.00 17.00 3.00 6.98 10.26 0.00 0.00
15.17 319.35 98.23 3.00 18.00 2.00 6.29 10.96 1.93 1.28
65.17 111.43 284.80 3.00 7.00 24.00 5.37 7.31 1.93 12.87
100.00 0.00 324.28 0.00 0.00 48.00 0.00 5.41 0.00 0.00
100.00 0.00 274.31 0.00 0.00 55.00 0.00 4.58 0.00 0.00
83.39 85.67 263.42 0.00 3.00 39.00 8.62 5.30 0.00 0.00
57.28 210.84 263.81 2.00 6.00 12.00 8.25 7.77 4.05 6.40
49.83 251.25 303.90 3.00 6.00 2.00 8.41 10.27 2.83 3.79
71.94 136.10 388.74 2.00 4.00 8.00 8.18 9.08 6.02 13.93
66.78 164.48 368.59 2.00 5.00 7.00 8.29 9.31 5.84 4.05
39.72 301.02 267.00 2.00 8.00 2.00 8.35 11.43 4.19 0.02
37.56 254.01 182.01 3.00 10.00 6.00 6.81 8.15 13.58 3.33
68.61 107.59 368.65 2.00 5.00 9.00 5.74 9.01 0.00 17.35
59.56 144.80 358.48 0.00 11.00 5.00 5.98 10.09 0.00 0.00
29.67 291.66 142.53 1.00 17.00 4.00 6.92 8.07 0.00 0.00
52.67 218.11 260.59 1.00 8.00 10.00 7.71 8.27 0.00 0.00
71.11 143.64 392.43 1.00 5.00 13.00 8.30 9.23 0.00 0.00
63.94 135.31 357.64 2.00 10.00 12.00 6.28 9.37 4.22 6.35
25.39 190.91 133.19 1.00 24.00 4.00 4.27 8.80 10.78 0.00
34.50 179.11 151.53 1.00 19.00 6.00 4.56 7.34 0.00 0.00
50.50 159.92 213.55 1.00 16.00 11.00 5.40 7.07 0.00 0.00
16.00 265.14 61.95 0.00 25.00 5.00 5.27 6.50 0.00 0.00
21.56 243.39 116.90 1.00 17.00 2.00 5.18 9.06 0.00 0.00
71.56 87.04 287.90 1.00 5.00 20.00 5.11 6.71 0.00 0.00
100.00 0.00 274.59 0.00 0.00 44.00 0.00 4.58 0.00 0.00
100.00 0.00 159.30 0.00 0.00 56.00 0.00 2.66 0.00 0.00
100.00 0.00 163.23 0.00 0.00 59.00 0.00 2.72 0.00 0.00
100.00 0.00 223.01 0.00 0.00 58.00 0.00 3.72 0.00 0.00
100.00 0.00 221.47 0.00 0.00 58.00 0.00 3.69 0.00 0.00
