49.96 1688.75 1919.08 21.00 62.00 70.00 8.10 9.21 11.98 8.77
54.86 1497.24 1924.47 19.00 55.00 96.00 7.94 8.41 12.18 13.92
57.58 1381.70 1868.04 17.00 53.00 121.00 7.79 7.76 13.09 20.89
58.80 1326.64 1793.13 14.00 54.00 132.00 7.70 7.30 13.23 27.37
58.52 1330.83 1809.08 14.00 52.00 126.00 7.67 7.40 13.22 27.37
59.49 1307.41 1846.75 14.00 52.00 126.00 7.72 7.43 12.76 26.87
60.08 1251.17 1984.12 14.00 53.00 114.00 7.50 7.91 12.87 27.12
58.08 1339.83 1907.92 13.00 54.00 112.00 7.64 7.87 13.26 27.79
57.75 1370.70 1927.14 12.00 52.00 108.00 7.76 8.00 13.39 28.48
57.93 1280.77 1873.40 13.00 53.00 111.00 7.28 7.75 13.99 27.84
61.24 1177.01 2006.29 11.00 48.00 113.00 7.26 7.85 14.77 30.22
58.90 1219.77 1899.49 11.00 53.00 111.00 7.09 7.73 8.72 30.54
61.77 1158.70 1990.52 12.00 48.00 115.00 7.25 7.72 11.94 29.38
64.25 1118.62 2061.44 9.00 44.00 119.00 7.48 7.68 11.91 13.22
62.62 1190.92 2099.17 10.00 46.00 104.00 7.61 8.03 11.82 12.64
59.10 1254.00 2094.73 11.00 55.00 82.00 7.33 8.50 11.36 12.27
51.96 1381.83 1958.47 11.00 70.00 54.00 6.87 9.04 11.92 12.27
52.12 1347.44 1982.83 12.00 71.00 49.00 6.72 9.12 13.77 11.77
50.99 1331.20 1907.68 10.00 80.00 53.00 6.49 8.97 13.50 13.01
47.29 1361.34 1740.96 9.00 90.00 51.00 6.16 8.82 16.94 13.28
43.79 1438.57 1635.84 9.00 94.00 47.00 6.11 8.95 19.96 12.30
47.97 1283.90 1660.26 8.00 90.00 64.00 5.89 8.27 20.39 13.92
52.40 1137.48 1643.49 7.00 85.00 89.00 5.70 7.49 22.03 20.87
56.89 1029.89 1637.53 5.00 80.00 114.00 5.70 6.87 20.07 31.84
56.89 1029.89 1438.14 5.00 80.00 139.00 5.70 6.03 20.07 43.65
62.67 884.99 1502.76 5.00 68.00 168.00 5.65 5.72 22.19 55.54
66.94 738.23 1516.07 4.00 63.00 193.00 5.32 5.40 22.19 73.91
