52.80 784.52 862.44 11.00 19.00 31.00 9.35 9.17 7.70 8.78
59.15 658.46 952.53 11.00 15.00 34.00 9.03 9.03 6.74 8.58
55.91 658.96 861.06 11.00 19.00 35.00 8.36 8.63 7.03 8.78
53.43 715.82 774.07 9.00 22.00 37.00 8.58 8.11 8.00 9.14
53.76 698.60 827.28 9.00 22.00 32.00 8.44 8.60 5.31 8.70
56.02 650.42 856.44 8.00 25.00 34.00 8.26 8.55 5.39 5.90
42.06 792.74 771.77 7.00 36.00 15.00 7.63 10.27 12.94 6.30
35.52 838.36 647.24 8.00 40.00 14.00 7.25 10.19 16.87 6.72
45.11 722.74 732.59 6.00 34.00 31.00 7.34 9.06 19.55 10.33
55.98 525.15 755.41 5.00 29.00 55.00 6.65 7.53 19.55 21.92
63.70 421.40 717.48 3.00 24.00 82.00 6.47 6.28 23.12 41.15
66.19 405.02 686.42 3.00 21.00 90.00 6.68 5.78 2.64 50.60
74.15 322.26 823.06 5.00 13.00 91.00 6.96 6.19 4.86 42.50
77.74 336.99 891.67 3.00 9.00 90.00 8.46 6.40 3.39 3.79
76.41 346.94 927.47 4.00 10.00 75.00 8.22 6.78 5.58 10.04
66.67 501.47 935.91 5.00 14.00 49.00 8.40 7.87 5.84 8.79
56.31 647.96 920.09 6.00 18.00 22.00 8.28 9.18 5.08 8.08
51.39 669.87 854.50 8.00 21.00 16.00 7.70 9.33 9.01 7.89
60.09 544.78 1024.40 6.00 18.00 19.00 7.63 9.56 9.66 13.21
54.63 563.43 909.18 5.00 26.00 18.00 6.92 9.32 10.71 14.98
46.00 700.34 778.18 5.00 31.00 16.00 7.22 9.49 14.81 14.04
49.93 617.02 801.18 4.00 30.00 21.00 6.87 8.96 15.49 16.02
56.46 542.89 904.69 4.00 27.00 27.00 6.95 8.94 16.05 14.74
58.72 498.38 976.71 3.00 31.00 27.00 6.72 9.28 14.54 7.82
42.06 626.22 669.73 3.00 46.00 22.00 6.01 8.89 12.21 7.82
50.37 532.67 769.76 4.00 38.00 28.00 5.97 8.52 13.41 6.87
49.00 494.76 739.66 3.00 45.00 29.00 5.40 8.42 11.70 7.37
38.15 579.63 571.19 3.00 54.00 23.00 5.21 8.35 16.74 7.37
32.48 594.59 463.64 3.00 58.00 17.00 4.90 7.96 22.85 8.21
40.69 531.44 501.45 2.00 49.00 31.00 4.98 6.86 0.00 6.32
57.35 403.39 605.11 2.00 34.00 57.00 5.26 5.87 0.00 21.32
62.52 352.32 509.22 1.00 30.00 81.00 5.23 4.53 0.00 0.00
73.85 243.39 554.86 1.00 17.00 106.00 5.18 4.18 0.00 0.00
90.52 87.04 670.98 1.00 5.00 135.00 5.11 4.12 0.00 0.00
100.00 0.00 659.44 0.00 0.00 162.00 0.00 3.66 0.00 0.00
