56.33 1899.59 2457.34 23.00 68.00 137.00 8.11 8.13 11.51 22.15
57.47 1834.23 2491.86 22.00 64.00 138.00 8.03 8.08 11.45 22.44
59.14 1728.63 2521.20 21.00 63.00 141.00 7.88 7.94 11.97 23.18
58.69 1742.44 2465.62 19.00 65.00 142.00 7.85 7.83 11.91 23.98
57.93 1767.95 2465.37 18.00 64.00 136.00 7.82 7.93 11.60 24.35
57.86 1726.04 2397.36 19.00 67.00 140.00 7.62 7.72 12.21 23.62
58.77 1659.85 2619.77 18.00 67.00 125.00 7.49 8.31 12.43 24.68
55.96 1738.78 2448.51 16.00 75.00 123.00 7.34 8.15 13.06 26.17
55.84 1770.02 2438.32 15.00 75.00 122.00 7.45 8.14 15.36 26.63
57.52 1643.78 2492.57 14.00 73.00 126.00 7.19 8.07 14.90 27.50
58.83 1612.32 2542.33 13.00 70.00 131.00 7.28 8.05 15.41 28.20
58.77 1573.35 2517.72 14.00 73.00 133.00 7.09 7.98 10.99 27.31
58.77 1493.26 2517.72 14.00 77.00 133.00 6.73 7.98 11.75 27.31
60.91 1433.18 2570.61 12.00 74.00 137.00 6.81 7.86 13.19 11.77
57.14 1542.04 2446.41 12.00 86.00 120.00 6.68 7.98 12.69 12.23
51.58 1698.33 2308.28 12.00 99.00 93.00 6.51 8.34 15.40 12.23
48.42 1785.50 2288.93 13.00 104.00 67.00 6.43 8.82 18.36 11.86
50.27 1699.76 2332.75 13.00 101.00 74.00 6.35 8.64 19.06 13.36
53.17 1574.67 2299.24 11.00 98.00 99.00 6.24 8.05 19.48 19.56
55.84 1448.51 2188.23 10.00 95.00 127.00 6.09 7.29 20.24 28.09
56.28 1438.57 2073.80 9.00 94.00 151.00 6.11 6.85 19.96 37.10
59.53 1283.90 2043.35 8.00 90.00 179.00 5.89 6.37 20.39 47.97
62.98 1137.48 2028.34 7.00 85.00 207.00 5.70 5.98 22.03 60.18
