48.67 568.76 648.26 9.00 16.00 11.00 9.39 11.25 4.76 3.70
50.39 526.82 644.85 8.00 12.00 12.00 8.91 10.78 7.84 4.21
55.86 477.46 537.01 7.00 10.00 27.00 9.08 8.08 8.82 10.85
60.83 402.19 557.70 6.00 11.00 30.00 8.61 7.70 8.37 10.67
58.53 397.26 538.23 6.00 12.00 28.00 8.03 7.71 3.18 10.40
57.64 445.27 523.80 6.00 14.00 29.00 8.82 7.62 5.47 3.10
50.11 482.84 613.03 7.00 19.00 12.00 8.11 10.27 5.53 3.05
45.69 518.36 549.01 5.00 22.00 12.00 8.00 10.07 5.92 6.91
35.08 611.25 447.80 3.00 27.00 7.00 7.87 10.69 18.07 6.89
33.97 525.15 430.72 5.00 29.00 7.00 6.65 10.65 19.55 7.93
45.56 421.40 443.09 3.00 24.00 27.00 6.47 8.15 23.12 12.87
57.58 319.35 422.92 3.00 18.00 50.00 6.29 6.14 1.93 27.01
82.58 111.43 559.18 3.00 7.00 79.00 5.37 5.65 1.93 41.15
91.69 85.67 587.77 0.00 3.00 88.00 8.62 5.36 0.00 0.00
78.64 210.84 538.19 2.00 6.00 67.00 8.25 5.73 4.05 6.40
66.61 336.99 567.32 3.00 9.00 41.00 8.46 7.15 3.39 3.79
64.61 346.94 653.09 4.00 10.00 20.00 8.22 8.50 5.58 10.04
58.31 415.72 672.49 5.00 11.00 10.00 8.36 9.71 5.44 8.79
55.83 437.12 655.75 4.00 12.00 10.00 8.30 9.91 5.31 9.84
52.17 418.63 550.60 5.00 15.00 13.00 7.32 8.89 10.51 3.64
54.17 408.68 635.66 4.00 14.00 11.00 7.46 9.89 10.60 13.10
48.56 398.81 540.59 3.00 21.00 11.00 6.48 9.34 11.61 17.46
49.14 399.25 511.18 3.00 22.00 14.00 6.56 8.72 19.40 17.36
56.11 363.01 619.07 1.00 20.00 15.00 6.91 9.24 15.87 0.00
50.39 435.30 536.04 2.00 22.00 17.00 7.32 8.90 12.43 4.23
58.31 353.48 618.23 3.00 19.00 22.00 7.09 8.87 5.82 7.82
48.25 334.56 526.11 2.00 29.00 18.00 5.40 9.12 9.12 6.35
49.22 314.49 509.17 3.00 29.00 18.00 5.17 8.66 15.43 5.23
37.94 351.12 346.74 2.00 40.00 15.00 4.72 7.65 12.98 8.73
25.25 444.26 213.55 1.00 44.00 11.00 4.96 7.07 0.00 0.00
36.03 403.39 330.45 2.00 34.00 13.00 5.26 7.67 0.00 8.68
43.78 352.32 349.85 1.00 30.00 25.00 5.23 6.67 0.00 0.00
60.78 243.39 391.56 1.00 17.00 46.00 5.18 5.37 0.00 0.00
85.78 87.04 447.27 1.00 5.00 76.00 5.11 4.35 0.00 0.00
100.00 0.00 437.89 0.00 0.00 104.00 0.00 3.65 0.00 0.00
100.00 0.00 383.01 0.00 0.00 115.00 0.00 3.19 0.00 0.00
100.00 0.00 384.78 0.00 0.00 117.00 0.00 3.21 0.00 0.00
