57.89 2035.69 2846.62 25.00 72.00 145.00 8.12 8.25 11.17 21.47
58.40 1998.71 2860.45 24.00 69.00 146.00 8.05 8.22 11.00 21.76
57.20 2029.65 2788.20 23.00 71.00 143.00 7.94 8.18 11.27 22.15
56.58 1996.59 2647.63 22.00 75.00 148.00 7.70 7.85 12.09 22.53
58.99 1875.61 2834.02 20.00 70.00 145.00 7.66 8.06 12.21 23.76
58.03 1870.84 2755.94 19.00 78.00 145.00 7.46 7.97 12.20 24.37
55.86 1951.51 2762.30 19.00 84.00 130.00 7.40 8.30 13.81 24.34
55.63 1956.99 2709.09 17.00 84.00 133.00 7.38 8.16 14.16 25.56
57.37 1913.66 2831.83 16.00 80.00 135.00 7.51 8.28 14.85 25.84
58.17 1779.15 2850.21 16.00 84.00 138.00 7.11 8.22 14.28 25.84
55.48 1803.23 2676.02 14.00 94.00 136.00 6.77 8.09 14.98 27.31
56.34 1752.53 2669.25 15.00 92.00 139.00 6.71 7.94 12.95 26.39
57.94 1653.46 2731.27 15.00 93.00 144.00 6.57 7.90 12.56 26.46
56.42 1698.33 2632.63 12.00 99.00 142.00 6.51 7.82 15.40 12.23
53.58 1785.50 2563.31 13.00 104.00 122.00 6.43 8.02 18.36 11.86
53.58 1785.50 2596.18 13.00 104.00 113.00 6.43 8.12 18.36 13.36
53.58 1785.50 2563.58 13.00 104.00 111.00 6.43 8.02 18.36 18.55
55.24 1699.76 2492.13 13.00 101.00 130.00 6.35 7.55 19.06 25.25
57.85 1574.67 2462.54 11.00 98.00 159.00 6.24 7.12 19.48 34.67
60.26 1448.51 2411.94 10.00 95.00 186.00 6.09 6.69 20.24 44.91
60.66 1438.57 2295.34 9.00 94.00 209.00 6.11 6.33 19.96 55.28
