56.22 1688.75 2193.46 21.00 62.00 125.00 8.10 8.18 11.98 19.02
58.42 1582.91 2187.96 19.00 58.00 136.00 7.97 7.85 11.87 24.04
57.54 1592.53 2131.92 19.00 59.00 133.00 7.85 7.76 12.43 24.15
57.68 1577.96 2097.02 17.00 60.00 134.00 7.80 7.62 12.52 25.06
60.20 1466.93 2198.36 16.00 56.00 134.00 7.72 7.65 12.56 25.77
60.40 1471.89 2215.35 16.00 57.00 134.00 7.78 7.69 12.02 25.44
57.53 1552.19 2251.12 16.00 61.00 116.00 7.65 8.21 11.81 25.41
55.51 1593.98 2089.93 16.00 64.00 118.00 7.50 7.89 13.22 25.47
59.11 1478.36 2295.79 14.00 58.00 117.00 7.56 8.14 13.99 27.17
58.13 1425.57 2231.98 13.00 64.00 116.00 7.12 8.05 13.76 28.41
57.29 1468.67 2148.82 12.00 65.00 118.00 7.19 7.87 16.04 29.38
58.12 1437.97 2160.08 12.00 62.00 121.00 7.18 7.79 11.46 29.35
62.94 1302.34 2384.04 13.00 53.00 128.00 7.35 7.94 11.47 28.20
64.22 1254.00 2419.08 11.00 55.00 131.00 7.33 7.89 11.36 12.27
57.97 1381.83 2232.86 11.00 70.00 109.00 6.87 8.08 11.92 12.27
56.03 1433.18 2246.26 12.00 74.00 88.00 6.81 8.41 13.19 11.77
51.78 1542.04 2172.02 12.00 86.00 65.00 6.68 8.80 12.69 12.23
47.60 1612.58 2044.86 12.00 96.00 54.00 6.43 9.01 16.00 12.23
47.31 1574.67 2024.58 11.00 98.00 55.00 6.24 8.97 19.48 12.58
50.32 1448.51 2028.86 10.00 95.00 71.00 6.09 8.44 20.24 14.46
50.82 1438.57 1910.49 9.00 94.00 91.00 6.11 7.87 19.96 20.21
54.47 1283.90 1819.64 8.00 90.00 120.00 5.89 6.98 20.39 29.22
58.35 1137.48 1806.79 7.00 85.00 149.00 5.70 6.47 22.03 39.85
62.28 1029.89 1861.24 5.00 80.00 173.00 5.70 6.24 20.07 55.54
62.28 1029.89 1659.69 5.00 80.00 197.00 5.70 5.56 20.07 67.47
