36.49 2167.38 1787.86 22.00 79.00 16.00 8.18 11.82 11.47 4.50
35.92 2137.74 1711.71 22.00 84.00 19.00 7.99 11.51 12.80 3.70
33.18 2221.27 1558.65 23.00 88.00 15.00 7.96 11.34 12.53 3.72
32.48 2210.08 1482.75 22.00 90.00 17.00 7.84 11.01 13.15 3.00
30.48 2218.81 1447.06 23.00 96.00 13.00 7.64 11.47 13.01 2.93
30.92 2163.49 1480.01 22.00 100.00 12.00 7.50 11.56 13.23 3.04
31.66 2122.89 1481.63 20.00 102.00 13.00 7.44 11.30 13.41 3.42
34.00 2041.02 1504.35 19.00 99.00 19.00 7.41 10.68 13.68 4.86
29.58 2076.59 1272.67 18.00 120.00 18.00 7.06 10.38 14.56 4.95
30.24 2010.23 1302.20 17.00 124.00 18.00 6.90 10.38 17.01 5.01
28.76 2011.17 1239.18 16.00 128.00 18.00 6.76 10.38 16.96 4.83
31.11 1951.70 1329.15 16.00 124.00 19.00 6.78 10.30 16.87 5.76
31.76 2002.71 1369.28 16.00 117.00 21.00 7.03 10.39 16.93 5.72
33.57 1866.54 1434.04 17.00 118.00 24.00 6.73 10.31 12.29 5.66
35.03 1907.26 1518.29 18.00 108.00 24.00 7.04 10.45 12.10 5.52
36.01 1870.24 1541.56 18.00 104.00 27.00 7.01 10.32 12.36 5.70
37.38 1829.33 1591.85 18.00 100.00 31.00 7.00 10.27 12.27 5.70
36.79 1737.87 1583.26 16.00 110.00 31.00 6.59 10.38 12.17 5.54
34.79 1869.40 1475.06 15.00 109.00 30.00 6.87 10.22 14.03 5.74
33.21 1965.64 1404.72 15.00 110.00 29.00 7.05 10.20 14.93 5.87
30.44 1990.37 1287.14 15.00 117.00 28.00 6.85 10.19 14.30 6.07
27.96 2065.34 1277.30 15.00 120.00 20.00 6.86 11.01 10.51 4.85
30.69 2047.35 1378.30 17.00 109.00 25.00 7.07 10.82 10.00 4.90
34.80 1952.24 1518.35 17.00 98.00 32.00 7.17 10.52 10.65 5.43
34.38 2011.53 1495.03 17.00 101.00 32.00 7.35 10.49 10.04 5.49
29.43 2007.32 1278.29 16.00 126.00 30.00 6.81 10.48 12.53 4.69
27.42 1867.06 1185.34 15.00 150.00 27.00 6.16 10.43 17.81 4.75
