53.50 287.17 417.73 3.00 5.00 4.00 10.42 13.14 1.07 5.81
49.00 318.66 380.73 4.00 5.00 4.00 10.54 13.20 3.09 2.14
53.67 282.40 332.84 4.00 5.00 5.00 10.29 10.50 2.26 5.43
50.33 253.83 289.23 3.00 7.00 7.00 8.60 9.67 3.77 2.13
32.56 389.19 230.07 5.00 6.00 2.00 9.69 11.96 3.57 1.71
38.67 358.59 250.93 5.00 6.00 3.00 9.84 10.97 2.66 1.31
52.78 196.65 358.02 3.00 9.00 4.00 7.01 11.47 2.58 3.34
38.78 256.77 290.87 3.00 11.00 1.00 7.02 12.76 8.91 3.84
28.44 347.93 207.01 4.00 12.00 0.00 8.14 12.35 9.06 2.94
38.83 285.97 274.23 3.00 12.00 1.00 7.83 11.94 11.21 4.65
27.72 296.32 179.60 2.00 19.00 1.00 6.86 10.93 7.58 2.62
16.28 390.81 114.04 2.00 17.00 0.00 7.82 11.80 0.50 0.82
6.78 366.45 61.20 1.00 23.00 0.00 6.58 15.17 0.00 0.00
19.56 272.73 110.85 2.00 24.00 3.00 5.68 9.53 0.62 1.17
30.33 340.92 189.68 4.00 14.00 3.00 8.23 10.54 3.48 1.66
24.89 390.65 152.16 4.00 11.00 2.00 8.75 10.33 8.22 0.92
34.72 279.95 221.25 4.00 13.00 3.00 7.21 10.79 2.64 1.23
39.44 207.46 285.67 3.00 18.00 2.00 5.74 12.26 6.46 1.98
40.87 293.26 264.80 2.00 12.00 2.00 8.35 10.96 7.52 1.60
60.30 236.11 275.34 2.00 5.00 10.00 10.05 7.71 0.07 4.88
38.22 149.72 149.05 1.00 27.00 9.00 4.05 6.57 0.00 0.00
12.44 225.89 89.07 1.00 35.00 0.00 4.31 12.04 0.00 0.00
22.72 282.54 173.52 2.00 20.00 0.00 6.11 12.89 8.87 0.65
44.94 227.47 301.19 2.00 11.00 2.00 6.94 11.34 4.00 7.32
48.72 288.27 309.70 2.00 8.00 4.00 9.50 10.74 0.00 6.18
33.44 305.50 218.93 3.00 12.00 5.00 7.71 11.08 0.15 3.19
29.61 271.14 210.22 3.00 14.00 2.00 6.46 12.01 6.92 0.73
36.67 276.77 218.21 3.00 10.00 6.00 7.35 10.01 9.16 4.39
46.78 262.99 262.90 4.00 6.00 10.00 8.31 9.49 4.79 3.72
30.33 257.85 194.69 2.00 17.00 6.00 6.20 10.84 4.85 1.80
16.61 320.02 104.47 1.00 22.00 1.00 6.41 10.59 18.15 0.00
14.39 435.16 107.13 2.00 17.00 0.00 8.53 12.55 12.37 0.35
10.44 414.90 76.87 2.00 20.00 0.00 7.76 12.47 8.23 1.53
23.50 335.77 147.92 2.00 16.00 1.00 7.34 10.62 5.23 5.45
39.94 207.18 240.21 3.00 19.00 6.00 5.79 10.12 0.35 5.07
60.33 112.80 330.13 3.00 14.00 12.00 4.78 9.24 4.95 5.91
48.56 246.86 289.21 2.00 12.00 7.00 8.08 10.12 4.60 0.65
7.33 282.77 61.13 1.00 38.00 0.00 5.11 14.44 0.00 0.00
0.00 143.73 0.00 0.00 57.00 0.00 2.40 0.00 0.00 0.00
