41.44 1800.39 1726.66 21.00 56.00 16.00 8.60 11.73 7.04 4.56
38.65 1864.94 1600.86 20.00 59.00 16.00 8.50 11.67 7.80 3.87
33.66 1880.21 1368.97 19.00 74.00 12.00 7.92 11.47 12.02 3.96
33.74 1819.07 1330.58 18.00 79.00 15.00 7.67 11.10 13.86 3.14
29.77 1938.87 1225.81 19.00 83.00 10.00 7.71 11.60 13.65 3.17
29.50 1956.04 1193.51 19.00 82.00 10.00 7.75 11.40 14.16 3.11
30.13 1829.63 1216.77 18.00 90.00 11.00 7.31 11.38 14.14 3.10
29.63 1804.91 1229.01 17.00 94.00 9.00 7.16 11.69 14.40 2.76
28.14 1926.10 1123.62 17.00 93.00 9.00 7.49 11.24 14.45 3.15
33.21 1784.24 1213.12 16.00 88.00 18.00 7.47 10.28 14.33 5.16
29.77 1728.08 1065.66 14.00 108.00 18.00 6.87 10.07 15.15 5.15
28.81 1724.16 1027.96 14.00 112.00 17.00 6.76 10.03 17.98 5.06
28.94 1714.30 1059.58 14.00 109.00 17.00 6.74 10.30 17.78 5.05
33.59 1560.83 1215.11 14.00 106.00 19.00 6.57 10.18 13.15 6.01
35.93 1636.12 1308.07 15.00 94.00 21.00 7.14 10.24 12.93 5.80
35.90 1593.47 1323.19 15.00 94.00 21.00 6.95 10.38 12.78 5.94
35.81 1566.34 1328.61 14.00 94.00 21.00 6.82 10.44 13.15 5.80
37.87 1479.59 1388.57 14.00 93.00 25.00 6.66 10.32 12.99 5.88
37.82 1549.38 1370.53 14.00 87.00 28.00 6.97 10.19 12.95 6.13
36.35 1530.42 1297.59 13.00 92.00 29.00 6.72 10.04 13.60 5.94
33.78 1575.37 1210.26 13.00 97.00 28.00 6.64 10.07 15.10 6.08
28.70 1729.43 1129.38 13.00 104.00 19.00 6.78 11.07 11.34 4.74
29.15 1840.10 1138.09 14.00 90.00 19.00 7.26 10.98 10.85 4.85
30.55 1839.38 1188.23 14.00 84.00 20.00 7.40 10.94 10.81 5.02
32.02 1764.67 1204.77 15.00 89.00 25.00 7.26 10.58 10.48 5.20
33.11 1724.55 1217.16 15.00 87.00 30.00 7.21 10.34 11.03 4.76
31.99 1723.26 1185.34 15.00 93.00 27.00 7.08 10.43 10.13 4.75
28.76 1701.82 1059.20 13.00 114.00 25.00 6.67 10.36 13.00 5.01
27.06 1595.92 974.78 12.00 136.00 25.00 6.11 10.14 19.29 5.00
