35.72 2508.44 1977.54 26.00 93.00 19.00 8.18 11.69 12.05 4.28
34.54 2528.74 1863.88 26.00 95.00 21.00 8.10 11.40 12.30 3.54
33.38 2501.22 1779.90 27.00 101.00 18.00 7.87 11.27 12.11 3.47
33.35 2417.53 1769.24 25.00 108.00 19.00 7.60 11.20 12.43 2.95
31.77 2512.07 1711.93 25.00 108.00 15.00 7.72 11.38 12.49 3.27
34.59 2399.60 1755.35 24.00 105.00 22.00 7.69 10.72 12.68 4.66
32.48 2273.38 1630.69 21.00 129.00 22.00 7.05 10.60 13.68 4.84
31.31 2267.01 1593.42 20.00 135.00 19.00 6.91 10.75 16.17 4.73
28.72 2359.68 1446.19 20.00 140.00 18.00 6.93 10.63 16.15 4.70
32.08 2237.77 1603.39 19.00 136.00 20.00 6.90 10.55 16.17 5.63
31.26 2299.58 1548.88 18.00 136.00 22.00 7.01 10.45 16.24 5.47
31.40 2257.42 1548.08 19.00 136.00 24.00 6.89 10.40 15.82 5.46
31.49 2273.85 1579.49 19.00 131.00 24.00 6.96 10.58 15.81 5.45
33.95 2143.31 1652.41 20.00 128.00 30.00 6.80 10.27 11.94 5.47
36.50 2170.25 1781.53 22.00 114.00 34.00 7.17 10.30 11.48 5.44
35.30 2128.52 1736.25 20.00 121.00 33.00 6.90 10.38 11.72 5.44
34.78 2149.35 1696.38 19.00 122.00 33.00 6.91 10.29 13.41 5.40
33.99 2173.10 1690.39 18.00 128.00 31.00 6.90 10.49 13.56 5.47
31.74 2284.40 1551.94 17.00 129.00 30.00 7.01 10.31 13.52 5.81
31.99 2301.55 1552.64 17.00 126.00 30.00 7.09 10.23 13.92 5.87
31.63 2197.62 1527.35 18.00 136.00 34.00 6.73 10.18 13.32 5.92
32.01 2178.20 1607.43 18.00 134.00 32.00 6.71 10.59 10.45 5.28
32.92 2294.20 1668.56 19.00 121.00 32.00 7.17 10.70 9.66 5.23
31.37 2235.01 1579.48 18.00 137.00 32.00 6.83 10.63 12.03 5.36
30.08 2155.34 1495.03 17.00 158.00 32.00 6.46 10.49 17.31 5.49
