44.19 1503.48 1547.06 19.00 37.00 15.00 9.06 11.83 5.22 4.70
43.12 1474.03 1486.82 18.00 42.00 16.00 8.71 11.66 6.98 4.04
39.03 1513.21 1307.76 18.00 51.00 12.00 8.33 11.34 7.38 4.03
36.58 1546.28 1219.73 16.00 54.00 12.00 8.18 11.27 8.40 3.31
29.66 1597.81 1036.13 15.00 69.00 7.00 7.61 11.81 13.25 3.40
30.42 1565.04 1041.35 15.00 71.00 8.00 7.54 11.57 15.21 3.30
29.21 1549.68 995.52 14.00 77.00 8.00 7.33 11.52 15.08 3.43
27.67 1597.45 942.51 14.00 76.00 7.00 7.40 11.52 15.66 2.77
25.60 1632.84 858.75 15.00 81.00 7.00 7.35 11.34 15.44 2.46
27.80 1548.13 937.78 14.00 83.00 8.00 7.19 11.39 15.23 2.81
28.08 1577.59 916.60 13.00 81.00 9.00 7.36 11.02 15.09 3.03
32.08 1498.17 938.89 13.00 76.00 17.00 7.40 9.88 15.01 5.26
30.18 1431.21 886.05 12.00 89.00 17.00 6.87 9.91 15.92 5.45
31.31 1333.29 913.92 12.00 94.00 17.00 6.51 9.85 14.11 5.35
33.37 1347.71 998.37 13.00 86.00 17.00 6.78 10.10 13.52 5.15
36.39 1287.75 1104.26 12.00 82.00 16.00 6.79 10.25 13.87 6.35
37.05 1295.20 1118.39 11.00 80.00 18.00 6.90 10.19 14.44 6.06
38.11 1202.81 1170.21 11.00 83.00 19.00 6.51 10.38 13.61 6.13
36.03 1286.39 1107.29 10.00 81.00 18.00 6.74 10.38 13.77 6.23
37.55 1272.13 1102.90 11.00 75.00 23.00 6.84 9.91 14.88 6.40
37.21 1255.35 1105.73 12.00 75.00 26.00 6.71 10.03 14.12 6.53
31.57 1294.21 1022.25 11.00 86.00 19.00 6.34 10.93 7.67 4.87
32.89 1425.10 1061.21 12.00 70.00 19.00 7.12 10.89 10.94 4.83
31.96 1503.47 1040.31 12.00 68.00 19.00 7.42 10.99 11.68 4.93
30.43 1557.42 964.57 12.00 70.00 19.00 7.51 10.70 11.50 5.23
27.67 1611.69 887.04 12.00 73.00 18.00 7.47 10.81 11.34 3.78
28.68 1476.40 895.08 13.00 81.00 20.00 6.94 10.53 10.69 3.92
33.04 1419.05 998.07 12.00 75.00 25.00 7.11 10.19 11.62 5.11
32.47 1452.12 974.78 12.00 79.00 25.00 7.21 10.14 10.71 5.00
27.18 1424.61 841.00 10.00 104.00 19.00 6.55 10.46 13.16 5.14
23.11 1332.93 711.81 8.00 130.00 14.00 5.80 10.41 20.77 5.65
