53.58 569.57 751.73 7.00 10.00 9.00 10.36 11.83 3.16 5.61
49.67 572.50 670.36 7.00 12.00 11.00 9.58 11.41 3.45 4.43
43.11 671.59 562.91 9.00 11.00 7.00 9.93 11.05 3.60 4.19
44.50 612.63 540.17 8.00 14.00 10.00 9.29 10.24 3.63 1.71
42.67 585.84 588.31 8.00 15.00 6.00 8.59 11.66 3.28 3.50
38.72 615.36 541.87 8.00 17.00 4.00 8.43 11.86 6.41 3.89
40.61 544.72 565.03 7.00 21.00 4.00 7.69 11.78 6.87 4.05
38.81 542.75 565.46 6.00 23.00 2.00 7.42 12.35 10.40 3.73
28.08 644.84 386.62 6.00 31.00 1.00 7.50 11.65 10.81 3.42
27.56 676.88 388.27 5.00 29.00 1.00 7.82 11.90 10.97 3.72
17.25 663.32 240.81 3.00 42.00 1.00 6.70 11.77 19.36 2.93
17.92 663.60 224.89 4.00 42.00 3.00 6.77 10.56 23.20 1.12
18.56 707.51 250.89 5.00 37.00 3.00 7.28 11.39 21.57 1.50
22.22 663.73 263.01 6.00 35.00 5.00 7.16 9.98 7.20 1.42
32.53 620.87 410.93 8.00 27.00 6.00 7.73 10.67 6.23 1.50
32.17 598.11 438.66 7.00 29.00 4.00 7.40 11.52 7.45 2.34
37.79 573.21 486.12 6.00 25.00 5.00 7.75 10.88 6.08 3.17
49.86 443.57 561.01 5.00 23.00 12.00 7.43 9.51 5.47 6.33
39.54 443.76 413.85 3.00 39.00 11.00 6.15 8.83 10.74 5.52
36.35 462.10 364.41 3.00 41.00 10.00 6.08 8.46 25.05 6.39
30.47 432.81 322.57 3.00 47.00 9.00 5.20 8.92 21.61 7.62
28.69 453.43 390.26 3.00 47.00 2.00 5.32 11.49 7.76 6.61
35.72 570.95 483.22 4.00 28.00 4.00 7.45 11.42 5.87 5.88
39.19 533.19 520.12 5.00 23.00 7.00 7.36 11.23 6.25 6.21
39.17 559.41 519.92 5.00 22.00 7.00 7.74 11.21 7.37 6.21
35.06 582.27 437.30 6.00 22.00 11.00 7.54 10.51 7.48 3.71
38.19 534.13 473.46 7.00 20.00 12.00 7.26 10.47 6.54 3.92
33.50 535.06 412.89 5.00 27.00 12.00 6.75 10.38 8.48 3.76
31.69 583.01 367.43 5.00 28.00 12.00 7.15 9.77 13.77 2.95
22.36 693.08 301.82 4.00 35.00 6.00 7.48 11.39 14.85 2.72
13.53 735.02 181.34 3.00 42.00 1.00 7.11 11.31 12.59 1.31
18.94 771.06 255.06 4.00 33.00 1.00 7.97 11.35 7.93 4.10
25.19 622.15 317.08 5.00 39.00 6.00 6.97 10.60 4.65 4.70
41.92 448.63 478.05 5.00 30.00 13.00 6.47 9.63 6.26 6.23
44.25 454.04 530.47 5.00 31.00 13.00 6.84 10.14 3.81 5.53
33.83 395.56 391.25 4.00 53.00 12.00 5.01 9.79 16.10 6.10
24.28 390.66 289.21 2.00 69.00 7.00 4.32 10.12 32.25 0.65
