35.61 2788.39 2198.79 30.00 106.00 22.00 8.07 11.59 11.69 4.03
35.09 2736.19 2150.37 29.00 113.00 23.00 7.86 11.51 11.74 3.44
34.21 2794.48 2044.77 29.00 113.00 20.00 7.92 11.23 11.73 3.67
36.34 2653.64 2044.58 27.00 113.00 29.00 7.77 10.56 11.98 4.47
32.49 2662.57 1860.98 26.00 135.00 24.00 7.35 10.75 12.82 4.56
32.13 2625.59 1844.42 25.00 141.00 22.00 7.20 10.78 15.07 4.57
31.40 2556.47 1804.21 23.00 149.00 22.00 6.94 10.78 15.23 4.63
32.82 2494.55 1894.61 22.00 147.00 21.00 6.91 10.84 15.48 5.35
30.95 2648.09 1755.89 22.00 148.00 22.00 7.14 10.65 15.62 5.34
32.23 2543.49 1822.32 22.00 148.00 25.00 6.99 10.61 15.37 5.38
31.08 2570.72 1759.09 21.00 150.00 25.00 6.95 10.62 15.29 5.25
31.99 2534.19 1766.45 22.00 146.00 30.00 6.94 10.35 15.20 5.31
33.19 2536.84 1842.73 23.00 137.00 34.00 7.08 10.41 14.96 5.38
33.55 2401.60 1847.10 22.00 145.00 36.00 6.73 10.32 11.40 5.25
34.29 2490.27 1886.06 23.00 136.00 36.00 7.06 10.31 12.59 5.21
32.98 2563.75 1843.38 22.00 139.00 33.00 7.13 10.48 13.04 5.32
32.08 2564.35 1773.25 21.00 142.00 33.00 7.03 10.37 13.13 5.42
32.82 2509.00 1838.32 20.00 144.00 32.00 6.96 10.50 12.84 5.50
32.66 2491.65 1792.15 20.00 148.00 36.00 6.89 10.29 12.72 5.71
35.14 2414.41 1882.77 20.00 140.00 42.00 6.94 10.05 13.56 5.97
33.51 2444.48 1817.61 20.00 148.00 41.00 6.85 10.17 12.81 6.01
29.27 2460.97 1668.56 19.00 173.00 32.00 6.48 10.70 11.75 5.23
29.27 2438.01 1668.56 19.00 178.00 32.00 6.42 10.70 16.51 5.23
