46.57 958.76 981.80 12.00 16.00 11.00 10.07 11.86 3.53 5.13
46.00 931.29 921.30 12.00 19.00 14.00 9.68 11.29 3.47 3.62
46.33 868.24 921.15 12.00 20.00 11.00 9.07 11.21 3.32 4.26
42.59 869.40 831.11 11.00 25.00 11.00 8.48 10.99 5.85 3.50
37.93 933.91 795.32 12.00 27.00 6.00 8.41 11.83 5.98 3.47
38.76 901.33 816.46 11.00 29.00 5.00 8.23 11.88 8.49 3.76
36.31 841.63 744.63 9.00 40.00 5.00 7.38 11.56 9.20 3.86
31.30 933.65 679.50 8.00 40.00 2.00 7.58 12.25 10.38 3.31
20.98 1011.83 447.82 7.00 54.00 1.00 7.14 12.03 16.95 3.21
24.89 949.68 499.12 7.00 54.00 4.00 7.06 11.28 19.41 3.20
21.61 1004.38 430.49 7.00 56.00 4.00 7.15 11.19 18.93 2.57
20.24 1054.60 377.05 8.00 53.00 5.00 7.39 10.46 18.60 1.31
23.94 987.46 472.13 9.00 50.00 6.00 7.26 11.10 17.95 1.43
27.96 871.19 549.51 9.00 53.00 7.00 6.76 11.06 6.95 2.14
35.30 914.13 675.80 10.00 39.00 8.00 7.92 10.78 6.68 3.05
41.53 834.22 714.00 9.00 34.00 14.00 7.99 9.68 6.61 6.06
37.94 723.70 635.17 7.00 52.00 14.00 6.52 9.42 9.90 6.13
37.38 669.56 650.09 6.00 59.00 12.00 5.97 9.79 17.12 5.98
33.93 726.84 587.37 5.00 59.00 11.00 6.14 9.74 17.40 5.99
39.21 689.64 665.60 5.00 53.00 12.00 6.34 9.55 19.60 6.79
36.56 721.22 632.27 5.00 55.00 13.00 6.35 9.73 16.85 7.18
30.28 759.15 609.19 6.00 59.00 7.00 6.08 11.34 6.47 5.72
33.69 842.09 693.44 7.00 42.00 7.00 7.10 11.59 6.80 5.39
38.35 809.96 738.49 8.00 33.00 13.00 7.36 10.83 8.05 5.62
41.70 822.40 783.16 9.00 28.00 17.00 7.91 10.57 7.55 5.82
33.48 840.56 631.98 8.00 39.00 17.00 7.07 10.61 7.55 3.46
31.00 854.15 577.99 8.00 42.00 14.00 6.92 10.48 11.93 3.32
27.13 970.28 520.03 7.00 45.00 12.00 7.45 10.77 13.48 3.53
24.61 998.01 444.31 7.00 48.00 12.00 7.39 10.15 13.09 2.92
22.74 1028.98 449.74 6.00 51.00 7.00 7.43 11.12 11.41 3.85
22.33 942.27 421.55 6.00 61.00 7.00 6.77 10.60 10.52 4.36
32.74 883.93 585.18 7.00 47.00 13.00 7.34 10.05 9.23 5.88
32.98 869.01 607.34 7.00 51.00 13.00 7.25 10.38 5.71 5.83
30.39 731.40 539.18 6.00 69.00 13.00 5.87 10.00 13.27 6.07
29.50 597.84 530.47 5.00 88.00 13.00 4.73 10.14 26.38 5.53
