36.14 3081.65 2463.66 32.00 118.00 24.00 8.10 11.52 11.36 4.11
37.60 2972.30 2425.71 31.00 118.00 33.00 7.99 10.90 11.37 4.61
34.61 2944.97 2193.82 30.00 140.00 29.00 7.55 10.71 12.12 4.69
33.95 2879.63 2133.66 28.00 149.00 29.00 7.31 10.61 14.27 4.39
31.51 2945.66 2034.50 28.00 155.00 24.00 7.21 10.90 14.33 4.40
33.41 2853.13 2145.61 27.00 153.00 24.00 7.18 10.85 14.54 5.12
33.13 2844.88 2113.91 25.00 157.00 26.00 7.13 10.78 14.85 5.18
32.89 2800.26 2113.54 25.00 159.00 26.00 6.99 10.86 14.81 5.15
30.81 2919.23 1966.11 25.00 162.00 25.00 7.07 10.78 14.86 5.14
32.67 2820.26 2040.68 25.00 158.00 31.00 7.02 10.54 14.81 5.25
32.65 2833.71 2022.33 25.00 156.00 35.00 7.05 10.45 14.57 5.22
31.82 2792.48 1961.14 24.00 163.00 36.00 6.87 10.40 14.49 5.12
31.53 2856.86 1947.27 24.00 159.00 36.00 7.00 10.42 15.45 5.16
31.63 2836.83 1954.23 24.00 163.00 36.00 6.96 10.42 12.72 5.14
31.90 2905.27 1962.94 25.00 156.00 36.00 7.16 10.38 12.45 5.19
32.03 2899.65 1991.30 24.00 155.00 34.00 7.15 10.49 12.46 5.34
32.86 2771.60 2013.46 24.00 161.00 39.00 6.92 10.34 12.46 5.38
35.57 2621.87 2168.44 23.00 158.00 44.00 6.82 10.29 12.59 5.67
34.25 2738.51 2082.41 22.00 160.00 43.00 6.98 10.27 12.27 5.79
32.36 2697.18 1943.90 21.00 179.00 42.00 6.69 10.14 14.20 5.93
30.16 2588.28 1817.61 20.00 205.00 41.00 6.21 10.17 17.97 6.01
