48.12 1155.41 1340.04 15.00 25.00 15.00 9.37 11.75 3.34 4.81
44.19 1188.06 1212.24 15.00 30.00 15.00 8.95 11.60 5.32 4.17
41.86 1216.31 1128.16 16.00 32.00 11.00 8.78 11.40 5.43 4.11
41.65 1155.37 1105.69 14.00 37.00 12.00 8.31 11.21 7.66 3.49
35.38 1230.81 974.92 14.00 46.00 7.00 7.98 11.65 8.07 3.49
33.14 1292.24 930.50 13.00 46.00 5.00 8.10 11.87 9.07 3.51
28.93 1208.62 805.84 10.00 63.00 5.00 7.12 11.78 14.97 3.76
28.36 1206.45 790.35 10.00 65.00 5.00 7.05 11.78 17.32 3.01
23.32 1352.89 637.50 11.00 68.00 4.00 7.38 11.54 16.85 2.78
24.89 1340.68 651.29 11.00 65.00 6.00 7.48 11.04 16.94 2.80
24.89 1284.33 651.74 11.00 69.00 7.00 7.16 11.05 16.56 2.19
25.04 1262.06 663.55 11.00 71.00 7.00 7.05 11.18 16.23 1.98
28.17 1280.72 737.00 11.00 62.00 8.00 7.48 11.04 15.95 2.98
36.03 1107.30 824.85 11.00 58.00 17.00 7.26 9.66 6.33 5.58
36.03 1064.62 824.85 11.00 66.00 17.00 6.98 9.66 8.98 5.58
34.26 1060.21 803.07 10.00 70.00 14.00 6.76 9.89 15.11 5.75
34.13 1006.79 808.69 9.00 72.00 14.00 6.40 10.00 15.47 5.55
39.27 897.10 951.28 8.00 71.00 14.00 6.19 10.23 15.18 6.44
37.63 1015.25 897.07 7.00 67.00 15.00 6.82 10.06 15.32 6.17
37.77 995.36 884.53 8.00 65.00 17.00 6.71 9.89 16.31 6.75
34.82 992.36 842.49 8.00 69.00 16.00 6.38 10.21 15.14 6.91
31.87 1035.92 827.56 9.00 69.00 13.00 6.37 10.95 8.21 5.31
36.96 1105.08 956.68 11.00 48.00 17.00 7.36 10.93 7.32 5.30
36.35 1068.25 933.17 10.00 50.00 19.00 7.04 10.83 7.66 5.09
35.43 1142.42 887.69 10.00 50.00 19.00 7.43 10.57 11.72 5.24
28.71 1275.79 739.12 10.00 57.00 17.00 7.51 10.85 12.40 3.35
25.86 1269.15 654.87 10.00 62.00 14.00 7.17 10.68 11.80 3.36
26.22 1306.19 667.95 9.00 61.00 13.00 7.42 10.73 11.92 4.04
28.44 1205.26 684.52 10.00 67.00 18.00 7.06 10.14 11.49 3.92
32.14 1141.85 779.87 9.00 65.00 19.00 7.05 10.24 12.14 5.26
28.89 1189.13 711.81 8.00 73.00 14.00 7.01 10.41 10.89 5.65
26.39 1166.69 646.31 8.00 86.00 13.00 6.64 10.35 12.17 5.65
24.74 1012.81 607.34 7.00 108.00 13.00 5.63 10.38 22.39 5.83
