44.19 1503.48 1547.06 19.00 37.00 15.00 9.06 11.83 5.22 4.70
39.03 1513.21 1307.76 18.00 51.00 12.00 8.33 11.34 7.38 4.03
29.66 1597.81 1036.13 15.00 69.00 7.00 7.61 11.81 13.25 3.40
29.21 1549.68 995.52 14.00 77.00 8.00 7.33 11.52 15.08 3.43
25.60 1632.84 858.75 15.00 81.00 7.00 7.35 11.34 15.44 2.46
28.08 1577.59 916.60 13.00 81.00 9.00 7.36 11.02 15.09 3.03
30.18 1431.21 886.05 12.00 89.00 17.00 6.87 9.91 15.92 5.45
33.37 1347.71 998.37 13.00 86.00 17.00 6.78 10.10 13.52 5.15
37.05 1295.20 1118.39 11.00 80.00 18.00 6.90 10.19 14.44 6.06
36.03 1286.39 1107.29 10.00 81.00 18.00 6.74 10.38 13.77 6.23
37.21 1255.35 1105.73 12.00 75.00 26.00 6.71 10.03 14.12 6.53
32.89 1425.10 1061.21 12.00 70.00 19.00 7.12 10.89 10.94 4.83
30.43 1557.42 964.57 12.00 70.00 19.00 7.51 10.70 11.50 5.23
28.68 1476.40 895.08 13.00 81.00 20.00 6.94 10.53 10.69 3.92
32.47 1452.12 974.78 12.00 79.00 25.00 7.21 10.14 10.71 5.00
23.11 1332.93 711.81 8.00 130.00 14.00 5.80 10.41 20.77 5.65
