48.13 720.88 815.21 8.00 25.00 25.00 7.78 9.50 7.88 8.62
52.28 700.61 857.58 9.00 20.00 27.00 8.21 9.18 9.24 8.67
52.57 683.59 872.35 9.00 22.00 28.00 8.06 9.29 9.62 8.88
47.59 725.40 782.06 8.00 27.00 26.00 7.73 9.20 10.78 9.65
49.09 703.13 823.43 7.00 27.00 26.00 7.71 9.38 11.06 6.70
37.33 865.92 691.06 8.00 30.00 12.00 7.71 10.36 7.95 6.27
45.24 814.73 834.58 10.00 20.00 15.00 8.31 10.33 7.55 5.64
45.78 791.20 866.72 8.00 20.00 16.00 8.14 10.60 7.17 6.43
39.09 871.57 712.85 8.00 25.00 15.00 7.98 10.20 7.36 6.35
38.13 887.10 679.37 7.00 26.00 15.00 7.99 9.96 5.23 6.19
27.74 922.86 492.52 6.00 42.00 10.00 7.11 9.94 10.98 5.41
33.00 859.62 571.77 7.00 42.00 11.00 7.15 9.71 14.72 6.02
31.39 827.52 534.84 6.00 50.00 12.00 6.72 9.55 13.82 6.48
31.98 839.39 537.23 6.00 50.00 9.00 6.88 9.44 14.11 6.02
29.13 754.49 485.26 5.00 65.00 9.00 5.93 9.36 16.51 6.06
26.85 648.93 436.10 4.00 84.00 9.00 4.94 9.13 24.15 5.76
37.09 609.56 594.34 5.00 69.00 14.00 5.41 8.99 22.69 5.74
33.80 588.63 595.03 5.00 76.00 12.00 4.95 9.87 24.15 5.67
33.13 627.24 566.48 4.00 74.00 11.00 5.23 9.57 21.70 5.85
27.81 725.11 471.73 5.00 74.00 10.00 5.59 9.47 7.46 6.60
41.85 678.53 718.47 6.00 50.00 17.00 6.51 9.58 7.07 8.28
56.89 602.75 954.02 7.00 26.00 25.00 7.81 9.35 7.81 15.33
57.63 546.48 936.68 7.00 26.00 28.00 7.21 9.06 7.03 14.78
51.50 668.01 793.61 5.00 25.00 28.00 7.68 8.59 12.29 16.64
52.30 634.23 820.35 7.00 25.00 28.00 7.43 8.75 12.83 14.96
54.76 578.58 880.39 7.00 27.00 28.00 7.15 8.97 12.77 14.77
40.72 591.58 633.04 6.00 55.00 21.00 5.56 8.68 15.22 3.97
25.69 638.02 398.10 5.00 84.00 12.00 4.78 8.67 23.53 3.48
19.41 703.24 338.12 5.00 94.00 5.00 4.86 9.76 34.80 3.37
36.07 483.20 534.25 5.00 85.00 19.00 4.21 8.27 34.80 13.16
46.31 356.05 573.99 3.00 78.00 37.00 3.69 6.92 39.80 28.95
53.37 247.92 644.92 1.00 73.00 42.00 2.96 6.74 0.00 0.00
53.37 431.55 644.92 1.00 53.00 42.00 5.15 6.74 0.00 0.00
65.06 423.95 791.85 3.00 25.00 52.00 6.76 6.79 16.42 40.52
77.02 319.45 817.56 2.00 12.00 81.00 7.75 5.91 16.42 10.15
