48.31 495.56 619.77 8.00 14.00 10.00 8.07 10.83 2.85 4.42
63.42 391.49 704.99 6.00 6.00 23.00 8.99 9.33 3.41 9.80
49.56 486.82 513.85 5.00 14.00 22.00 8.09 8.70 10.00 10.40
52.22 450.49 493.51 5.00 16.00 24.00 7.90 7.93 11.68 10.93
53.19 422.09 553.94 4.00 19.00 21.00 7.56 8.74 12.35 6.06
34.17 583.43 441.14 6.00 25.00 6.00 7.42 10.87 7.74 5.68
49.75 477.51 627.99 7.00 16.00 11.00 7.97 10.60 7.25 6.70
41.00 557.30 538.47 5.00 16.00 8.00 7.90 11.02 7.25 6.84
38.56 618.26 476.08 6.00 12.00 9.00 8.43 10.37 5.92 5.30
49.50 516.04 578.17 5.00 9.00 14.00 8.55 9.79 5.72 5.70
38.19 590.28 443.36 5.00 17.00 10.00 7.99 9.74 7.67 5.55
35.36 604.86 429.45 5.00 21.00 9.00 7.82 10.20 5.77 5.91
23.50 585.89 285.93 3.00 38.00 6.00 6.39 10.20 10.85 7.47
21.83 625.83 243.44 4.00 38.00 2.00 6.69 9.39 16.53 4.95
27.00 574.08 298.07 4.00 36.00 6.00 6.58 9.30 17.39 5.14
40.28 467.97 436.10 4.00 33.00 9.00 6.57 9.13 5.87 5.76
40.28 421.63 436.10 4.00 41.00 9.00 5.92 9.13 11.83 5.76
26.14 394.27 293.78 2.00 63.00 7.00 4.46 9.49 29.68 0.95
32.06 368.34 345.07 2.00 57.00 8.00 4.53 9.06 27.37 1.85
24.56 375.16 301.25 3.00 64.00 5.00 4.15 10.27 5.95 6.26
33.00 446.76 379.65 3.00 45.00 8.00 5.57 9.63 5.43 6.71
41.72 543.91 471.73 5.00 23.00 10.00 7.81 9.47 7.46 6.60
47.42 490.60 560.23 5.00 21.00 12.00 7.82 9.89 7.17 8.60
60.78 408.79 652.71 4.00 13.00 20.00 8.74 8.99 8.41 19.36
68.81 286.75 715.27 5.00 10.00 25.00 7.73 8.69 3.77 16.64
60.08 317.99 623.19 3.00 15.00 23.00 6.67 8.66 15.57 17.83
48.67 403.37 480.91 4.00 20.00 19.00 6.58 8.27 14.92 3.87
38.53 519.81 398.10 5.00 24.00 12.00 7.08 8.67 13.33 3.48
22.06 535.29 257.20 4.00 50.00 5.00 5.74 9.80 12.54 3.68
22.06 378.70 257.20 4.00 71.00 5.00 4.06 9.80 25.49 3.68
19.47 356.05 233.04 3.00 78.00 2.00 3.69 10.06 39.80 3.34
32.06 222.64 277.05 1.00 73.00 14.00 2.73 7.23 0.00 0.00
57.06 167.94 421.86 1.00 43.00 35.00 3.26 6.18 0.00 0.00
80.06 129.78 644.92 1.00 13.00 42.00 5.44 6.74 0.00 0.00
73.00 263.60 563.94 0.00 10.00 41.00 8.15 6.46 0.00 0.00
65.53 319.45 514.81 2.00 12.00 38.00 7.75 6.57 16.42 4.85
65.53 319.45 476.68 2.00 12.00 47.00 7.75 6.08 16.42 10.15
