40.77 2543.85 2371.82 25.00 124.00 55.00 7.19 9.79 11.35 7.12
39.01 2512.26 2261.60 23.00 141.00 53.00 6.89 9.74 15.03 7.37
39.31 2497.72 2228.70 23.00 141.00 57.00 6.89 9.52 15.30 7.52
38.68 2456.50 2198.78 22.00 150.00 55.00 6.70 9.55 15.48 7.64
37.71 2495.12 2131.70 20.00 155.00 53.00 6.70 9.49 15.48 6.47
34.67 2664.47 2028.34 22.00 158.00 40.00 6.82 9.83 15.03 6.33
38.88 2501.27 2275.08 23.00 149.00 47.00 6.85 9.82 14.95 6.98
40.39 2414.70 2358.04 21.00 147.00 51.00 6.78 9.80 15.02 10.50
40.83 2360.69 2293.03 21.00 146.00 57.00 6.67 9.42 15.04 10.29
39.86 2398.76 2210.39 19.00 148.00 57.00 6.67 9.30 15.75 10.39
38.67 2426.87 2128.62 20.00 153.00 55.00 6.62 9.23 16.18 10.26
39.90 2377.11 2217.68 21.00 155.00 56.00 6.62 9.32 16.08 10.13
37.53 2278.12 2074.16 19.00 184.00 53.00 6.10 9.27 16.94 10.55
34.37 2261.52 1889.35 18.00 211.00 47.00 5.76 9.22 19.63 10.66
34.92 2192.61 1918.30 18.00 214.00 47.00 5.63 9.21 23.87 10.54
39.24 1994.61 2065.27 17.00 208.00 61.00 5.49 8.82 23.68 12.30
44.24 1859.75 2210.09 17.00 190.00 82.00 5.58 8.37 23.68 16.97
46.01 1765.22 2290.83 15.00 187.00 87.00 5.47 8.34 24.63 23.49
44.12 1882.14 2183.88 14.00 188.00 83.00 5.63 8.29 24.31 24.31
44.29 1845.92 2143.98 15.00 187.00 90.00 5.54 8.10 22.39 23.70
49.29 1757.50 2250.67 15.00 161.00 120.00 5.79 7.64 22.39 23.86
