40.89 2121.80 1935.72 21.00 83.00 46.00 7.51 9.95 10.36 7.26
42.23 2117.74 1967.82 21.00 78.00 46.00 7.67 9.78 11.55 7.46
41.12 2129.37 1883.28 21.00 84.00 49.00 7.57 9.62 11.60 7.43
42.22 2081.18 1897.53 19.00 86.00 50.00 7.54 9.44 11.76 7.84
38.88 2048.29 1752.05 17.00 110.00 45.00 7.01 9.47 12.65 6.24
32.91 2120.17 1556.61 17.00 135.00 30.00 6.61 9.94 16.35 6.24
36.75 2010.60 1714.85 18.00 127.00 35.00 6.65 9.80 16.14 6.42
35.30 2005.91 1705.26 17.00 134.00 31.00 6.48 10.15 15.89 6.36
33.83 2073.03 1577.76 16.00 136.00 32.00 6.55 9.79 15.85 6.54
34.80 2080.70 1587.20 16.00 133.00 34.00 6.67 9.57 15.80 6.29
36.17 2023.51 1647.09 16.00 133.00 36.00 6.63 9.56 16.15 6.99
40.24 1857.30 1819.57 16.00 131.00 43.00 6.50 9.48 16.69 11.35
41.40 1742.42 1816.95 15.00 134.00 48.00 6.22 9.20 17.06 11.32
37.44 1882.72 1632.15 14.00 139.00 42.00 6.29 9.14 17.34 11.57
38.78 1836.46 1685.26 15.00 135.00 45.00 6.27 9.11 18.35 11.30
41.03 1771.90 1788.23 16.00 134.00 47.00 6.29 9.14 16.32 10.97
41.03 1691.81 1788.23 16.00 146.00 47.00 6.00 9.14 16.86 10.97
37.50 1635.44 1645.91 14.00 173.00 45.00 5.47 9.20 21.29 11.38
36.90 1618.54 1619.87 14.00 178.00 41.00 5.36 9.20 25.01 11.38
38.98 1526.48 1629.17 13.00 175.00 52.00 5.23 8.74 23.24 13.65
45.23 1438.05 1773.99 13.00 149.00 73.00 5.49 8.21 23.24 19.01
50.98 1370.55 1997.05 13.00 124.00 80.00 5.85 8.19 22.78 25.20
47.14 1513.72 1838.81 12.00 130.00 75.00 5.98 8.16 23.52 26.23
49.22 1470.76 1842.66 12.00 123.00 85.00 6.05 7.83 23.97 26.16
53.36 1309.83 1871.02 12.00 116.00 112.00 5.87 7.33 25.00 26.22
