41.59 2363.44 2184.63 24.00 95.00 52.00 7.53 9.81 10.87 7.05
43.35 2331.30 2261.60 23.00 90.00 53.00 7.66 9.74 11.07 7.37
40.27 2309.79 2070.46 22.00 113.00 52.00 7.19 9.60 12.03 7.48
37.52 2262.14 1897.53 19.00 137.00 50.00 6.73 9.44 15.94 7.84
37.98 2236.22 1910.29 18.00 138.00 50.00 6.70 9.39 16.21 6.42
34.71 2314.53 1857.86 20.00 148.00 35.00 6.59 9.99 15.78 6.25
36.59 2269.50 1936.26 20.00 144.00 38.00 6.65 9.88 15.39 6.47
35.19 2355.86 1875.75 19.00 144.00 36.00 6.75 9.95 15.12 6.44
36.69 2304.80 1916.58 19.00 141.00 41.00 6.77 9.74 15.35 7.13
40.62 2139.54 2069.49 18.00 136.00 49.00 6.70 9.49 15.69 10.87
40.82 2079.39 2023.54 18.00 138.00 52.00 6.53 9.24 15.84 10.58
39.43 2116.52 1960.47 17.00 143.00 51.00 6.49 9.26 16.65 10.82
38.94 2089.91 1922.03 17.00 149.00 51.00 6.36 9.20 17.27 10.95
38.19 2143.31 1889.35 18.00 151.00 47.00 6.44 9.22 16.68 10.66
37.23 2024.67 1837.39 17.00 170.00 47.00 5.99 9.20 17.88 10.82
36.48 1890.11 1788.23 16.00 194.00 47.00 5.53 9.14 20.18 10.97
38.04 1859.75 1869.14 17.00 190.00 47.00 5.58 9.16 23.68 10.68
40.46 1739.95 1922.95 15.00 187.00 59.00 5.43 8.85 25.01 12.72
43.91 1618.54 1960.82 14.00 178.00 76.00 5.36 8.31 25.01 18.32
45.31 1551.75 1997.05 13.00 175.00 80.00 5.27 8.19 22.78 25.20
45.31 1701.65 1997.05 13.00 159.00 80.00 5.78 8.19 22.60 25.20
49.21 1664.72 2143.98 15.00 136.00 90.00 6.09 8.10 22.39 23.70
51.35 1569.57 2092.43 14.00 132.00 115.00 5.99 7.57 23.24 24.70
