46.69 1535.92 1649.79 18.00 45.00 40.00 8.06 9.90 8.21 7.22
49.03 1491.91 1724.30 17.00 40.00 43.00 8.17 9.84 8.82 7.72
45.83 1555.16 1585.20 17.00 47.00 43.00 8.01 9.68 9.29 7.84
42.86 1612.86 1461.43 15.00 53.00 41.00 7.87 9.54 9.18 8.22
38.42 1626.24 1315.95 13.00 69.00 36.00 7.36 9.58 11.85 6.14
35.17 1725.64 1262.83 15.00 72.00 23.00 7.42 10.05 12.13 6.16
38.31 1642.26 1369.42 16.00 70.00 27.00 7.43 10.01 11.68 6.00
38.88 1630.58 1404.02 14.00 70.00 26.00 7.44 10.12 11.34 6.38
34.11 1626.20 1198.11 13.00 91.00 24.00 6.88 9.84 12.19 6.29
32.49 1536.39 1115.47 11.00 110.00 24.00 6.34 9.62 17.52 6.13
32.42 1532.83 1086.86 11.00 111.00 24.00 6.32 9.39 18.08 6.10
33.40 1448.50 1166.80 12.00 118.00 23.00 6.06 9.79 18.13 6.15
32.26 1454.77 1101.68 10.00 124.00 23.00 5.98 9.56 18.21 6.77
29.90 1564.66 1008.96 11.00 124.00 19.00 6.22 9.46 17.69 6.29
35.49 1433.09 1203.73 11.00 115.00 26.00 6.19 9.49 19.07 7.43
41.87 1252.08 1390.12 11.00 110.00 34.00 6.01 9.28 17.61 12.77
47.36 1156.12 1531.02 12.00 96.00 42.00 6.13 9.03 16.71 11.90
42.65 1256.64 1388.70 10.00 101.00 40.00 6.11 9.09 18.73 12.42
42.71 1262.38 1386.83 11.00 99.00 39.00 6.14 9.07 18.29 12.45
41.29 1303.77 1352.13 12.00 101.00 38.00 6.19 9.14 10.93 12.23
41.29 1270.11 1352.13 12.00 105.00 38.00 6.03 9.14 12.49 12.23
41.29 1240.77 1352.13 12.00 110.00 38.00 5.89 9.14 18.17 12.23
38.52 1250.12 1274.80 12.00 120.00 33.00 5.67 9.24 24.27 12.13
43.79 1151.32 1327.86 10.00 111.00 47.00 5.71 8.46 25.21 15.10
49.31 990.39 1394.34 10.00 104.00 65.00 5.44 7.89 26.53 21.25
54.06 826.57 1525.32 8.00 101.00 70.00 5.01 7.87 28.29 30.43
47.05 1023.12 1277.96 7.00 109.00 63.00 5.38 7.58 27.68 30.95
45.37 1061.97 1189.95 8.00 110.00 64.00 5.41 7.32 27.78 29.35
48.21 1022.68 1155.75 7.00 106.00 87.00 5.50 6.68 30.12 30.85
