48.78 1198.69 1443.20 15.00 41.00 36.00 7.86 9.95 8.29 7.85
46.97 1301.85 1348.43 15.00 34.00 37.00 8.23 9.64 9.08 7.77
44.73 1293.66 1266.79 12.00 44.00 36.00 7.84 9.51 10.15 6.25
36.54 1400.62 1120.51 13.00 58.00 21.00 7.38 10.30 11.05 6.14
34.26 1445.79 1010.93 12.00 62.00 21.00 7.36 9.92 11.62 5.98
32.76 1344.90 928.62 10.00 83.00 19.00 6.69 9.54 12.80 5.85
31.66 1195.87 880.27 8.00 107.00 20.00 5.85 9.35 20.14 6.72
30.68 1201.32 864.91 8.00 110.00 17.00 5.79 9.48 20.19 6.45
41.22 1100.23 1154.57 10.00 91.00 26.00 6.27 9.40 17.86 7.38
47.40 914.90 1281.75 9.00 84.00 36.00 5.82 9.06 18.05 13.08
44.58 1081.90 1200.00 10.00 70.00 36.00 6.53 9.01 11.73 13.05
43.40 1082.18 1193.89 11.00 76.00 33.00 6.40 9.21 12.92 12.63
39.17 990.39 1053.39 10.00 104.00 30.00 5.44 9.01 26.53 12.92
47.26 759.52 1054.90 7.00 99.00 56.00 4.81 7.47 29.39 21.39
40.84 966.84 902.13 5.00 104.00 47.00 5.46 7.40 31.19 35.93
54.00 675.50 1050.67 5.00 90.00 84.00 4.90 6.51 33.33 33.56
