45.28 233.97 301.36 3.00 11.00 3.00 7.21 11.27 2.70 3.18
52.39 250.12 364.00 4.00 4.00 2.00 8.84 11.68 2.25 2.75
51.33 261.50 318.41 5.00 3.00 7.00 9.04 10.44 2.98 4.83
74.44 141.38 340.92 2.00 2.00 20.00 9.28 7.68 4.24 14.40
47.78 225.32 195.44 0.00 11.00 15.00 7.21 6.85 0.00 0.00
30.00 308.52 152.59 3.00 14.00 4.00 7.39 8.56 2.29 4.22
58.61 196.47 358.50 4.00 8.00 6.00 7.99 10.28 4.54 6.06
38.33 274.81 288.55 3.00 11.00 2.00 7.46 12.67 8.51 6.72
40.89 281.04 269.49 3.00 8.00 5.00 7.96 11.06 2.38 7.44
43.67 282.14 249.92 2.00 5.00 6.00 8.38 9.58 3.37 5.60
36.22 336.97 206.59 3.00 4.00 4.00 8.86 9.59 5.10 0.59
55.33 233.79 328.25 3.00 4.00 8.00 8.78 9.97 6.27 5.61
40.17 253.31 236.77 2.00 13.00 6.00 7.08 9.88 9.90 7.92
15.39 371.07 101.12 2.00 17.00 0.00 7.32 11.07 4.27 0.02
6.83 332.44 49.16 1.00 24.00 0.00 5.95 12.09 0.00 0.00
28.28 254.41 142.32 2.00 21.00 2.00 5.94 8.47 3.13 6.28
47.17 241.22 248.91 3.00 12.00 6.00 7.67 8.89 6.20 5.30
52.28 213.31 293.78 2.00 12.00 7.00 7.51 9.49 0.32 0.95
33.39 180.41 186.83 1.00 29.00 3.00 4.53 9.47 14.68 0.00
0.00 180.80 0.00 0.00 51.00 0.00 3.02 0.00 0.00 0.00
30.72 187.86 158.24 1.00 28.00 5.00 4.53 8.62 0.00 0.00
49.11 193.96 301.25 3.00 13.00 5.00 6.39 10.27 5.95 6.26
35.28 258.83 221.41 2.00 16.00 3.00 6.69 10.51 5.55 6.85
34.33 349.95 170.42 2.00 10.00 5.00 8.92 8.34 8.25 1.80
59.56 230.87 338.82 3.00 5.00 9.00 9.61 9.53 3.90 9.56
87.22 58.77 482.29 2.00 3.00 15.00 7.84 9.24 0.00 22.97
78.06 55.88 375.83 2.00 5.00 16.00 4.28 8.05 1.47 2.08
32.94 259.22 140.90 1.00 12.00 7.00 6.45 7.15 16.28 0.00
19.28 347.08 105.08 2.00 15.00 3.00 7.20 9.16 2.35 3.05
44.11 260.49 257.20 4.00 11.00 5.00 7.84 9.80 1.49 3.68
24.83 188.11 152.13 2.00 34.00 2.00 4.18 10.30 14.03 4.05
0.00 118.14 0.00 0.00 59.00 0.00 1.97 0.00 0.00 0.00
14.11 167.94 80.92 1.00 43.00 0.00 3.26 9.63 0.00 0.00
64.11 104.50 277.05 1.00 13.00 14.00 4.86 7.23 0.00 0.00
100.00 0.00 340.88 0.00 0.00 34.00 0.00 5.70 0.00 0.00
96.00 25.27 367.88 0.00 0.00 28.00 10.68 6.41 0.00 0.00
46.00 263.60 223.06 0.00 10.00 7.00 8.15 8.12 0.00 0.00
35.06 294.10 146.93 2.00 12.00 10.00 7.57 7.02 0.00 4.85
85.06 55.45 253.63 2.00 2.00 40.00 6.25 4.98 0.00 10.15
