48.78 1198.69 1443.20 15.00 41.00 36.00 7.86 9.95 8.29 7.85
47.77 1258.01 1396.05 14.00 36.00 35.00 8.07 9.81 8.98 8.07
46.97 1301.85 1348.43 15.00 34.00 37.00 8.23 9.64 9.08 7.77
48.36 1241.79 1360.23 13.00 36.00 40.00 8.05 9.44 9.74 8.45
44.73 1293.66 1266.79 12.00 44.00 36.00 7.84 9.51 10.15 6.25
36.54 1470.88 1120.51 13.00 51.00 21.00 7.76 10.30 7.69 6.14
36.54 1400.62 1120.51 13.00 58.00 21.00 7.38 10.30 11.05 6.14
36.20 1417.02 1110.24 12.00 58.00 19.00 7.43 10.30 12.23 6.41
34.26 1445.79 1010.93 12.00 62.00 21.00 7.36 9.92 11.62 5.98
38.99 1355.42 1115.47 11.00 59.00 24.00 7.44 9.62 11.83 6.13
32.76 1344.90 928.62 10.00 83.00 19.00 6.69 9.54 12.80 5.85
30.26 1254.15 865.55 9.00 105.00 18.00 6.01 9.63 19.27 6.11
31.66 1195.87 880.27 8.00 107.00 20.00 5.85 9.35 20.14 6.72
29.01 1214.71 838.47 9.00 114.00 14.00 5.72 9.72 19.16 6.10
30.68 1201.32 864.91 8.00 110.00 17.00 5.79 9.48 20.19 6.45
32.80 1193.24 907.83 9.00 107.00 19.00 5.94 9.30 18.08 6.32
41.22 1100.23 1154.57 10.00 91.00 26.00 6.27 9.40 17.86 7.38
44.59 997.42 1247.80 9.00 89.00 32.00 6.02 9.38 19.28 13.54
47.40 914.90 1281.75 9.00 84.00 36.00 5.82 9.06 18.05 13.08
40.72 1043.17 1094.92 8.00 89.00 33.00 5.88 8.99 11.05 13.87
44.58 1081.90 1200.00 10.00 70.00 36.00 6.53 9.01 11.73 13.05
49.54 1122.56 1352.13 12.00 50.00 38.00 7.46 9.14 10.93 12.23
43.40 1082.18 1193.89 11.00 76.00 33.00 6.40 9.21 12.92 12.63
39.72 1046.81 1050.81 9.00 97.00 33.00 5.81 8.86 19.68 13.57
39.17 990.39 1053.39 10.00 104.00 30.00 5.44 9.01 26.53 12.92
45.68 801.30 1157.44 8.00 101.00 42.00 4.93 8.48 29.39 16.00
47.26 759.52 1054.90 7.00 99.00 56.00 4.81 7.47 29.39 21.39
47.43 767.80 1043.02 6.00 98.00 54.00 4.88 7.36 29.44 33.28
40.84 966.84 902.13 5.00 104.00 47.00 5.46 7.40 31.19 35.93
47.86 802.65 1049.06 7.00 97.00 57.00 5.15 7.34 30.12 31.13
54.00 675.50 1050.67 5.00 90.00 84.00 4.90 6.51 33.33 33.56
