45.75 1789.23 1886.56 20.00 58.00 46.00 7.90 9.90 8.53 7.35
44.22 1862.98 1825.50 19.00 57.00 44.00 7.99 9.90 8.58 7.57
40.26 1887.74 1634.36 18.00 72.00 43.00 7.55 9.74 11.13 7.72
40.78 1867.62 1603.75 17.00 74.00 43.00 7.54 9.43 12.40 8.02
39.67 1867.88 1564.86 16.00 81.00 42.00 7.40 9.46 12.30 6.00
37.61 1939.20 1556.61 17.00 84.00 30.00 7.43 9.94 11.40 6.24
37.61 1822.67 1556.61 17.00 99.00 30.00 6.98 9.94 12.20 6.24
33.33 1811.55 1404.02 14.00 121.00 26.00 6.49 10.12 16.52 6.38
33.63 1814.13 1356.35 14.00 119.00 29.00 6.53 9.68 16.87 6.49
34.87 1730.75 1416.72 14.00 123.00 29.00 6.35 9.75 16.73 6.17
32.83 1791.73 1308.27 13.00 128.00 27.00 6.37 9.57 16.73 6.22
33.53 1798.45 1337.28 14.00 128.00 28.00 6.46 9.57 16.87 6.29
36.16 1686.54 1440.50 13.00 129.00 32.00 6.31 9.55 17.47 7.51
38.09 1623.50 1491.25 13.00 127.00 34.00 6.27 9.38 17.49 12.25
41.57 1488.98 1580.18 13.00 120.00 42.00 6.09 9.10 18.28 11.75
40.60 1511.30 1531.02 12.00 122.00 42.00 6.08 9.03 17.43 11.90
43.35 1503.60 1636.10 14.00 111.00 45.00 6.35 9.04 17.16 11.46
42.86 1517.24 1645.91 14.00 113.00 45.00 6.35 9.20 17.26 11.38
40.16 1450.59 1538.96 13.00 134.00 41.00 5.79 9.18 17.77 11.76
35.39 1421.98 1352.13 12.00 161.00 38.00 5.26 9.14 18.17 12.23
37.40 1438.05 1433.04 13.00 149.00 38.00 5.49 9.16 23.24 11.79
44.55 1345.27 1629.17 13.00 124.00 52.00 5.80 8.74 23.24 13.65
47.30 1250.12 1615.75 12.00 120.00 68.00 5.67 8.17 24.27 19.78
51.25 1176.59 1695.73 10.00 111.00 75.00 5.76 7.91 24.58 28.28
48.83 1253.99 1617.40 10.00 114.00 72.00 5.85 7.92 25.46 28.28
51.35 1120.74 1672.25 10.00 113.00 80.00 5.50 7.78 27.06 27.86
52.48 1078.97 1531.58 9.00 111.00 103.00 5.42 6.97 27.06 27.78
