65.03 765.94 1538.14 6.00 6.00 14.00 12.45 13.46 5.50 12.01
53.44 973.42 1291.56 7.00 8.00 9.00 11.87 13.79 4.70 11.53
51.71 913.72 1202.21 7.00 12.00 9.00 10.73 13.26 7.81 11.62
55.85 845.65 1267.25 7.00 10.00 9.00 10.85 12.93 8.38 12.57
52.56 945.29 1153.07 6.00 9.00 11.00 11.17 12.32 7.74 13.39
53.83 892.45 1124.48 8.00 10.00 16.00 10.84 11.71 8.62 6.60
45.35 1095.98 1005.93 9.00 11.00 9.00 11.24 12.43 8.49 6.54
51.26 970.75 1081.78 10.00 11.00 13.00 11.16 11.81 5.27 6.66
58.59 866.97 1200.59 11.00 6.00 16.00 11.75 11.47 5.00 6.10
55.24 852.21 1136.19 12.00 11.00 15.00 10.68 11.50 5.03 6.61
60.63 751.43 1242.03 12.00 10.00 17.00 10.71 11.45 4.34 7.56
55.74 820.98 1138.46 12.00 13.00 15.00 10.41 11.42 3.82 7.25
58.89 714.33 1131.41 11.00 13.00 21.00 9.75 10.75 2.80 9.04
57.35 723.09 1161.32 12.00 14.00 18.00 9.50 11.35 3.41 8.01
52.19 808.69 1068.76 11.00 18.00 18.00 9.46 11.53 4.36 8.26
57.00 737.92 1196.10 9.00 14.00 21.00 9.60 11.83 4.14 8.42
54.94 768.56 1152.78 9.00 14.00 18.00 9.54 11.86 4.40 7.55
60.61 700.37 1299.67 6.00 12.00 15.00 9.93 12.12 4.09 8.93
53.80 877.28 1231.01 7.00 12.00 9.00 10.64 12.94 9.20 8.68
53.11 917.64 1229.88 5.00 11.00 8.00 10.98 13.08 8.46 8.78
54.78 870.07 1275.23 7.00 9.00 6.00 10.81 13.12 8.27 8.59
52.33 906.20 1183.37 6.00 10.00 5.00 10.67 12.78 8.12 10.24
43.96 1030.36 1004.68 7.00 11.00 3.00 10.31 12.91 9.77 7.65
42.63 1084.92 939.22 8.00 9.00 7.00 10.61 12.42 7.23 6.70
46.96 903.26 1021.49 9.00 14.00 7.00 9.54 12.26 7.17 7.20
48.37 859.35 1006.87 10.00 15.00 8.00 9.33 11.73 7.04 6.94
47.80 828.12 931.10 9.00 19.00 12.00 8.88 10.97 6.63 4.46
52.50 753.94 974.15 9.00 19.00 18.00 8.89 10.44 2.96 9.27
55.13 676.63 1037.81 8.00 23.00 18.00 8.45 10.60 3.34 9.42
47.43 733.83 902.98 8.00 30.00 14.00 7.81 10.75 5.19 9.37
49.93 710.20 925.60 8.00 28.00 16.00 7.94 10.46 5.49 9.11
45.69 797.36 854.31 7.00 28.00 14.00 8.21 10.56 5.60 9.40
51.28 749.08 973.71 6.00 23.00 16.00 8.61 10.71 7.04 7.19
36.69 933.65 728.97 6.00 31.00 8.00 8.25 11.17 8.48 7.19
35.43 963.50 703.09 6.00 32.00 9.00 8.34 11.14 9.21 7.38
