56.98 2316.71 3370.25 23.00 25.00 35.00 11.38 12.50 6.54 9.20
53.76 2413.85 3162.82 26.00 29.00 33.00 11.03 12.44 6.03 8.94
55.29 2268.35 3126.43 25.00 29.00 39.00 10.71 11.95 6.04 9.56
55.66 2201.25 3145.13 26.00 30.00 40.00 10.47 11.94 6.03 9.52
54.57 2278.49 3047.06 25.00 32.00 41.00 10.54 11.75 6.25 9.74
55.47 2201.64 3090.23 25.00 32.00 44.00 10.39 11.72 6.21 7.89
53.23 2319.72 2984.89 26.00 33.00 39.00 10.42 11.81 5.94 7.53
56.45 2140.72 3171.06 25.00 33.00 39.00 10.33 11.83 4.51 8.68
56.06 2231.98 3154.91 25.00 29.00 39.00 10.68 11.86 6.43 8.39
54.63 2273.03 3108.18 24.00 31.00 39.00 10.53 11.98 6.49 8.31
55.40 2203.20 3169.45 26.00 31.00 36.00 10.39 12.06 6.23 8.18
54.91 2215.39 3148.97 23.00 32.00 33.00 10.33 12.11 6.11 8.83
52.71 2253.66 2984.19 24.00 33.00 33.00 10.01 11.96 7.19 9.01
53.22 2254.89 3028.30 23.00 31.00 32.00 10.13 12.02 7.08 8.54
51.69 2268.53 2974.53 23.00 37.00 30.00 9.86 12.16 6.97 8.76
52.06 2280.25 2978.42 22.00 35.00 32.00 10.00 12.09 7.04 8.26
50.59 2278.81 2859.06 23.00 40.00 31.00 9.69 11.95 6.88 8.02
53.69 2148.86 2984.52 20.00 38.00 36.00 9.75 11.76 7.02 9.00
51.30 2215.89 2890.72 21.00 43.00 30.00 9.56 11.93 6.86 8.82
49.49 2265.63 2769.88 19.00 47.00 28.00 9.42 11.85 7.12 9.23
50.85 2170.04 2831.61 20.00 47.00 28.00 9.27 11.78 7.23 8.81
47.81 2339.79 2636.41 20.00 49.00 25.00 9.42 11.66 7.14 8.87
49.22 2259.32 2679.44 20.00 49.00 29.00 9.35 11.50 7.64 8.29
44.72 2382.24 2413.82 20.00 58.00 29.00 9.05 11.40 7.52 8.29
44.41 2301.92 2362.80 20.00 64.00 30.00 8.69 11.24 8.10 8.33
