54.77 1565.21 2128.22 11.00 14.00 18.00 11.73 13.20 6.86 10.44
52.57 1592.87 2023.99 14.00 16.00 18.00 11.37 13.09 7.20 9.83
53.11 1553.59 1995.02 14.00 16.00 18.00 11.23 12.76 7.54 9.89
54.64 1478.16 1983.59 14.00 16.00 21.00 11.03 12.32 7.26 9.97
56.00 1469.80 1977.02 14.00 14.00 23.00 11.24 11.87 7.33 10.41
54.56 1463.72 1893.68 16.00 18.00 23.00 10.84 11.66 7.12 6.93
52.20 1550.08 1832.11 17.00 19.00 21.00 10.91 11.78 6.69 7.45
53.96 1440.35 1871.25 19.00 21.00 24.00 10.53 11.64 4.25 7.32
57.41 1354.63 1923.90 18.00 17.00 30.00 10.70 11.26 4.22 7.84
55.54 1355.40 1877.88 19.00 20.00 31.00 10.25 11.36 4.47 7.69
55.78 1333.12 1893.99 19.00 22.00 30.00 10.13 11.43 4.65 7.73
56.46 1309.19 1965.37 17.00 22.00 28.00 10.10 11.73 4.42 8.32
57.96 1223.31 1978.95 17.00 22.00 30.00 9.78 11.52 4.13 7.98
59.57 1169.97 2089.07 15.00 22.00 25.00 9.72 11.85 4.01 9.31
54.53 1365.01 1953.04 14.00 23.00 23.00 10.09 12.11 7.15 9.56
54.27 1420.82 1971.55 12.00 20.00 24.00 10.45 12.28 7.05 8.92
52.27 1450.68 1927.42 14.00 21.00 19.00 10.22 12.48 7.04 8.55
54.41 1394.42 2010.37 11.00 19.00 18.00 10.28 12.53 6.99 8.60
49.00 1539.26 1852.77 13.00 20.00 12.00 10.14 12.83 8.31 8.91
50.73 1531.80 1866.54 11.00 17.00 14.00 10.45 12.47 8.14 8.88
51.40 1459.84 1905.55 12.00 19.00 12.00 10.10 12.54 8.17 8.68
49.09 1542.33 1782.10 13.00 21.00 11.00 10.20 12.27 8.26 8.54
47.98 1510.25 1705.73 14.00 26.00 13.00 9.77 12.01 7.88 5.99
49.54 1448.50 1684.85 14.00 26.00 21.00 9.66 11.50 5.96 8.72
49.80 1338.36 1659.71 14.00 31.00 21.00 8.96 11.28 5.83 8.70
47.32 1347.93 1540.00 14.00 36.00 20.00 8.59 11.02 6.37 8.78
48.49 1299.96 1555.85 13.00 38.00 22.00 8.47 10.86 6.60 8.05
45.10 1433.09 1453.04 14.00 39.00 20.00 8.77 10.88 4.90 7.83
52.37 1228.97 1674.62 13.00 38.00 26.00 8.68 10.79 5.82 8.82
45.98 1297.33 1474.24 12.00 49.00 22.00 8.06 10.83 7.66 9.06
42.88 1398.66 1340.84 11.00 50.00 23.00 8.22 10.57 8.28 9.11
