55.28 2898.40 4022.21 30.00 37.00 48.00 10.93 12.30 6.09 8.99
54.52 2902.06 3989.73 31.00 38.00 46.00 10.76 12.39 5.88 9.09
55.54 2777.33 3973.97 31.00 38.00 48.00 10.54 12.11 5.90 8.91
57.11 2648.13 4072.87 29.00 38.00 47.00 10.41 12.07 5.85 9.81
55.27 2834.81 3931.34 28.00 37.00 46.00 10.65 11.99 7.24 10.00
54.41 2884.55 3865.68 28.00 38.00 47.00 10.64 11.97 7.16 8.28
52.23 3001.85 3759.53 31.00 40.00 40.00 10.57 12.13 6.87 8.03
54.18 2834.77 3881.76 30.00 40.00 42.00 10.40 12.09 6.01 8.51
53.21 2893.96 3776.67 31.00 37.00 42.00 10.40 11.98 6.80 8.39
53.14 2887.19 3744.85 30.00 37.00 45.00 10.36 11.89 6.87 8.19
53.59 2792.96 3799.77 31.00 41.00 42.00 10.12 11.96 6.76 8.29
52.77 2851.52 3747.69 30.00 43.00 39.00 10.15 11.98 6.64 8.25
52.97 2733.55 3685.24 31.00 48.00 43.00 9.77 11.74 6.47 8.12
54.56 2618.46 3773.92 29.00 48.00 46.00 9.69 11.69 6.46 9.04
52.17 2703.62 3612.75 28.00 54.00 44.00 9.50 11.71 6.38 9.14
50.79 2768.82 3511.55 26.00 56.00 44.00 9.45 11.69 6.67 8.90
50.38 2750.65 3483.81 27.00 59.00 41.00 9.31 11.70 6.86 8.73
49.76 2828.01 3463.41 25.00 58.00 38.00 9.46 11.78 6.78 8.35
50.68 2768.23 3527.53 26.00 58.00 38.00 9.44 11.77 7.16 8.62
48.36 2829.12 3341.14 23.00 66.00 36.00 9.20 11.69 7.90 9.03
47.14 2858.50 3246.86 23.00 69.00 35.00 9.08 11.64 8.29 8.85
