55.13 1862.61 2544.07 15.00 17.00 23.00 11.71 13.04 7.32 9.56
52.34 1944.25 2373.35 17.00 19.00 22.00 11.50 12.82 6.84 9.24
55.17 1780.69 2403.12 18.00 18.00 25.00 11.21 12.30 6.93 9.38
55.54 1698.06 2403.43 19.00 21.00 24.00 10.77 12.21 6.74 9.63
56.59 1696.80 2395.10 18.00 20.00 28.00 10.96 11.85 6.82 10.24
54.79 1713.43 2263.32 20.00 23.00 31.00 10.63 11.56 6.47 7.15
52.12 1810.74 2137.35 20.00 24.00 30.00 10.60 11.48 6.08 8.02
54.31 1693.84 2243.31 22.00 25.00 32.00 10.39 11.57 4.34 7.87
55.39 1675.66 2270.63 22.00 24.00 34.00 10.52 11.50 4.72 7.41
56.12 1590.13 2332.73 21.00 25.00 36.00 10.15 11.67 4.74 7.90
57.79 1521.08 2394.80 21.00 24.00 35.00 10.09 11.64 4.52 7.61
58.18 1521.34 2438.27 18.00 25.00 30.00 10.19 11.78 4.26 9.14
56.34 1591.68 2362.42 18.00 25.00 30.00 10.22 11.79 6.85 9.13
55.23 1640.72 2391.63 17.00 25.00 26.00 10.27 12.18 6.68 8.81
53.48 1678.76 2344.21 18.00 27.00 24.00 10.12 12.34 6.45 8.73
54.67 1644.12 2379.69 15.00 24.00 26.00 10.16 12.28 6.46 9.06
49.45 1798.92 2158.01 16.00 25.00 21.00 9.96 12.33 7.83 9.27
51.62 1785.28 2238.89 14.00 21.00 22.00 10.33 12.24 7.73 8.17
50.38 1780.80 2252.50 16.00 26.00 16.00 10.05 12.62 7.75 8.18
50.74 1777.06 2236.75 15.00 26.00 16.00 10.11 12.44 7.90 8.46
51.29 1698.20 2206.87 16.00 28.00 18.00 9.77 12.12 7.42 7.77
52.42 1660.65 2157.51 15.00 29.00 23.00 9.78 11.60 7.59 9.84
49.55 1706.98 2042.62 15.00 34.00 21.00 9.48 11.62 7.44 8.44
45.03 1818.75 1842.56 16.00 39.00 21.00 9.27 11.54 6.19 8.27
48.44 1613.46 1947.56 17.00 42.00 23.00 8.76 11.33 6.41 8.14
47.03 1656.81 1861.18 17.00 43.00 22.00 8.76 11.16 6.24 8.18
49.54 1577.20 1904.81 15.00 42.00 28.00 8.75 10.83 6.89 8.50
44.59 1687.69 1703.12 15.00 51.00 26.00 8.52 10.74 7.15 8.50
45.28 1640.19 1740.90 14.00 56.00 27.00 8.38 10.81 7.91 8.61
