56.61 2089.72 2952.17 19.00 19.00 30.00 11.64 12.61 6.82 9.13
53.45 2164.15 2793.18 22.00 24.00 25.00 11.23 12.64 6.48 9.08
55.80 2007.69 2821.19 22.00 24.00 30.00 10.97 12.22 6.54 9.40
55.60 1947.76 2773.07 23.00 26.00 32.00 10.59 12.05 6.21 9.39
55.90 1957.46 2700.33 21.00 25.00 37.00 10.66 11.60 6.24 10.30
54.97 1966.91 2635.37 23.00 27.00 39.00 10.49 11.51 6.24 7.72
51.14 2131.77 2484.08 24.00 31.00 34.00 10.48 11.68 6.15 7.62
54.98 1928.57 2698.17 24.00 30.00 37.00 10.28 11.81 4.62 8.02
57.17 1863.61 2771.44 24.00 26.00 39.00 10.45 11.67 4.60 7.38
57.64 1802.28 2805.63 22.00 28.00 38.00 10.22 11.72 4.60 8.64
56.43 1889.45 2778.27 22.00 27.00 35.00 10.42 11.86 6.67 8.67
54.66 1992.10 2740.82 20.00 28.00 31.00 10.56 12.08 6.48 8.72
55.18 1905.43 2753.60 22.00 29.00 31.00 10.22 12.03 6.30 8.52
55.44 1864.02 2799.77 20.00 29.00 28.00 10.05 12.20 6.24 8.92
50.90 2027.00 2574.80 20.00 31.00 26.00 9.91 12.23 7.32 9.28
52.24 2034.99 2608.22 18.00 26.00 30.00 10.23 12.06 7.29 8.59
50.57 2040.45 2557.74 19.00 31.00 25.00 9.91 12.23 7.39 8.62
51.50 2030.54 2609.10 18.00 30.00 24.00 10.05 12.25 7.50 7.89
50.43 2019.15 2553.82 20.00 35.00 22.00 9.78 12.24 7.14 7.55
53.36 1895.38 2612.17 17.00 34.00 28.00 9.76 11.84 7.33 9.56
52.16 1894.93 2543.76 17.00 36.00 26.00 9.52 11.79 7.06 9.30
48.13 2030.90 2315.22 17.00 42.00 23.00 9.40 11.63 7.35 9.41
48.42 1982.09 2330.47 18.00 45.00 23.00 9.23 11.63 7.56 7.94
45.10 2127.64 2163.74 19.00 46.00 23.00 9.31 11.59 6.10 7.79
49.35 1890.70 2296.52 19.00 46.00 29.00 8.96 11.23 6.64 8.47
46.32 1911.42 2111.26 18.00 55.00 28.00 8.54 11.01 7.73 8.69
43.87 1988.43 1971.09 16.00 60.00 29.00 8.49 10.85 8.21 8.32
