55.10 1222.75 1751.27 8.00 13.00 14.00 11.56 13.52 7.14 10.88
52.09 1311.74 1657.00 10.00 13.00 10.00 11.62 13.56 7.56 10.95
52.15 1256.19 1579.17 10.00 13.00 13.00 11.14 12.90 7.19 10.95
55.50 1126.78 1634.23 11.00 13.00 17.00 10.73 12.53 7.76 10.82
53.65 1242.69 1568.92 10.00 12.00 16.00 11.27 12.30 8.13 11.38
53.18 1243.82 1473.84 11.00 13.00 20.00 11.17 11.64 7.81 6.41
50.36 1323.08 1414.04 13.00 13.00 16.00 11.21 11.79 7.41 6.75
53.46 1190.65 1501.62 15.00 16.00 16.00 10.76 11.79 4.72 7.14
58.83 1093.97 1618.66 15.00 12.00 21.00 11.19 11.55 4.63 7.12
55.42 1101.91 1505.82 16.00 16.00 23.00 10.40 11.40 4.41 6.97
58.40 1012.10 1547.26 15.00 15.00 26.00 10.23 11.12 3.94 8.28
55.82 1074.46 1510.52 15.00 17.00 23.00 10.22 11.37 4.02 8.10
55.49 1035.36 1478.14 15.00 20.00 25.00 9.77 11.22 4.25 8.20
57.76 957.82 1616.18 14.00 19.00 23.00 9.52 11.81 4.14 8.34
56.10 996.64 1569.57 13.00 20.00 23.00 9.53 11.83 4.13 8.10
59.44 950.07 1668.99 10.00 17.00 23.00 9.83 11.87 3.84 9.65
53.28 1136.94 1536.25 10.00 17.00 18.00 10.22 12.21 8.17 9.44
53.85 1171.12 1602.23 8.00 15.00 16.00 10.66 12.60 7.76 8.13
52.40 1191.03 1622.18 11.00 16.00 10.00 10.53 13.11 7.56 7.88
54.00 1140.93 1638.02 8.00 15.00 10.00 10.43 12.88 7.47 9.42
49.93 1218.31 1505.82 9.00 13.00 8.00 10.23 12.78 8.88 9.80
48.67 1297.07 1411.89 9.00 12.00 9.00 10.62 12.27 8.72 9.23
47.29 1271.89 1404.41 10.00 17.00 7.00 10.15 12.55 8.82 6.86
44.67 1330.18 1309.43 12.00 18.00 9.00 10.12 12.37 6.68 6.45
47.90 1141.62 1322.82 13.00 23.00 13.00 9.21 11.66 6.09 6.20
53.54 977.67 1382.29 12.00 23.00 20.00 8.84 10.92 6.17 9.35
50.19 1024.86 1268.00 10.00 27.00 20.00 8.64 10.70 6.15 8.82
44.99 1124.20 1131.86 11.00 32.00 18.00 8.57 10.62 4.70 8.53
51.76 951.73 1325.66 11.00 34.00 20.00 8.29 10.81 5.18 8.42
46.96 1042.72 1224.16 11.00 37.00 16.00 8.26 11.03 5.29 8.30
51.14 987.44 1274.56 10.00 32.00 22.00 8.50 10.53 6.22 9.36
44.78 1051.97 1104.39 8.00 40.00 20.00 7.99 10.43 8.15 9.86
40.92 1160.30 1039.98 7.00 41.00 17.00 8.23 10.75 8.10 6.89
