57.48 1755.73 2743.29 21.00 36.00 42.00 9.92 11.48 6.75 12.72
57.13 1751.05 2644.81 20.00 37.00 46.00 9.81 11.14 7.06 12.63
57.81 1683.70 2589.34 19.00 37.00 49.00 9.59 10.78 6.73 12.45
57.97 1601.55 2560.72 18.00 38.00 51.00 9.14 10.63 7.21 12.55
56.78 1675.86 2477.89 16.00 34.00 50.00 9.30 10.50 6.87 12.67
54.57 1728.67 2362.98 15.00 35.00 49.00 9.12 10.42 9.36 13.01
53.83 1722.26 2386.31 15.00 37.00 47.00 8.93 10.68 8.84 13.21
53.56 1663.40 2322.92 15.00 39.00 48.00 8.57 10.44 9.03 13.09
54.06 1637.36 2262.46 13.00 39.00 49.00 8.53 10.07 8.68 14.49
51.25 1711.39 2149.11 13.00 45.00 46.00 8.40 10.09 9.58 12.49
47.29 1842.57 1994.49 14.00 48.00 36.00 8.36 10.14 10.00 12.06
47.63 1879.70 2062.25 13.00 50.00 32.00 8.58 10.41 11.34 8.38
42.21 2142.70 1791.22 13.00 53.00 31.00 8.87 10.21 11.03 8.70
41.78 2097.59 1819.90 14.00 53.00 28.00 8.61 10.48 11.69 8.40
46.50 1973.38 1997.89 13.00 46.00 35.00 8.82 10.33 12.00 8.95
48.52 1830.16 2093.07 12.00 49.00 35.00 8.50 10.38 12.05 12.15
43.21 2016.32 1872.93 12.00 56.00 31.00 8.49 10.42 11.87 12.54
43.03 2018.25 1892.61 13.00 58.00 29.00 8.47 10.58 13.38 12.76
39.50 2205.88 1752.97 12.00 59.00 28.00 8.71 10.67 12.78 13.14
38.76 2231.81 1707.50 11.00 63.00 28.00 8.71 10.58 17.22 13.30
36.43 2290.98 1556.88 11.00 65.00 27.00 8.61 10.26 19.81 13.57
35.76 2338.32 1519.72 12.00 63.00 28.00 8.70 10.21 19.84 11.38
31.13 2477.95 1329.49 13.00 64.00 27.00 8.60 10.27 19.37 11.04
31.98 2415.16 1322.25 14.00 67.00 29.00 8.48 9.95 18.67 10.86
35.76 2258.13 1385.14 15.00 64.00 45.00 8.40 9.31 18.73 10.84
39.57 2090.12 1503.66 14.00 60.00 49.00 8.27 9.13 18.63 14.87
43.25 1886.96 1641.57 15.00 59.00 58.00 7.94 9.12 18.47 14.64
