53.64 2600.13 3553.32 28.00 54.00 58.00 9.42 11.16 8.49 11.24
54.45 2466.56 3534.80 27.00 57.00 61.00 9.09 10.94 8.36 11.17
54.65 2446.53 3470.72 25.00 57.00 60.00 9.05 10.70 8.11 12.15
54.39 2381.35 3475.23 24.00 60.00 59.00 8.75 10.76 9.07 12.25
52.70 2511.23 3356.23 22.00 58.00 56.00 8.90 10.73 9.03 12.32
52.92 2485.73 3343.01 21.00 60.00 59.00 8.85 10.64 10.46 12.31
50.63 2666.82 3196.25 19.00 60.00 58.00 9.05 10.63 10.24 12.92
49.57 2678.09 3114.11 19.00 62.00 57.00 8.89 10.58 10.98 12.79
50.30 2619.41 3063.02 18.00 61.00 63.00 8.82 10.25 10.66 12.96
50.33 2562.18 3016.79 17.00 67.00 65.00 8.63 10.09 10.67 13.17
46.39 2732.06 2781.33 18.00 74.00 56.00 8.53 10.09 10.66 13.12
45.63 2774.13 2785.18 18.00 78.00 49.00 8.54 10.27 11.97 11.21
40.75 3080.50 2448.44 18.00 81.00 47.00 8.70 10.11 11.92 11.16
38.64 3165.83 2347.65 18.00 83.00 43.00 8.63 10.23 15.22 11.16
38.91 3135.38 2367.01 18.00 83.00 43.00 8.58 10.25 17.61 11.31
39.49 3053.83 2409.84 19.00 83.00 42.00 8.44 10.27 17.55 11.11
35.98 3240.64 2210.87 19.00 84.00 38.00 8.47 10.35 17.48 11.22
36.20 3194.96 2236.08 20.00 89.00 37.00 8.38 10.40 17.07 11.09
37.99 3093.84 2263.48 21.00 88.00 51.00 8.35 10.03 17.12 11.04
42.42 2846.90 2484.82 20.00 85.00 59.00 8.27 9.85 17.47 13.88
43.22 2831.94 2450.88 19.00 82.00 69.00 8.34 9.53 17.37 14.20
