55.72 2276.54 3267.51 25.00 46.00 57.00 9.59 10.97 7.15 11.65
54.22 2317.40 3146.23 24.00 47.00 57.00 9.44 10.86 8.69 11.65
53.29 2299.60 3082.90 24.00 51.00 55.00 9.18 10.84 8.37 11.42
54.83 2117.48 3139.75 23.00 53.00 57.00 8.74 10.72 8.40 11.54
55.48 2146.38 3151.52 20.00 48.00 56.00 8.98 10.63 8.27 12.77
54.34 2141.71 3087.03 19.00 52.00 55.00 8.74 10.63 9.38 12.90
52.38 2234.04 2978.84 18.00 53.00 52.00 8.73 10.64 9.23 13.21
51.73 2271.29 2914.37 18.00 54.00 54.00 8.76 10.54 10.77 13.04
49.01 2434.99 2684.57 16.00 56.00 55.00 8.88 10.25 10.36 13.45
47.67 2462.21 2604.83 16.00 61.00 53.00 8.75 10.22 11.01 11.44
47.54 2459.77 2590.34 17.00 60.00 50.00 8.72 10.18 11.21 11.44
48.64 2386.46 2673.95 15.00 64.00 47.00 8.64 10.28 11.03 11.38
43.72 2599.41 2360.65 16.00 72.00 45.00 8.59 10.10 10.69 11.35
42.80 2585.23 2343.10 18.00 73.00 42.00 8.40 10.24 12.24 11.21
41.73 2726.76 2276.67 16.00 69.00 43.00 8.70 10.21 12.53 11.56
39.93 2798.44 2208.85 15.00 73.00 38.00 8.66 10.35 16.13 11.88
36.66 2906.03 2051.06 16.00 79.00 33.00 8.53 10.46 18.79 11.90
37.56 2854.24 2098.13 17.00 78.00 34.00 8.49 10.45 18.17 11.69
35.53 2949.11 2003.12 17.00 78.00 33.00 8.50 10.54 17.70 11.78
36.77 2827.92 2046.43 18.00 84.00 35.00 8.31 10.41 17.61 11.53
38.33 2770.32 1977.04 18.00 80.00 50.00 8.35 9.63 17.67 11.51
40.85 2698.01 2096.05 17.00 75.00 55.00 8.48 9.58 18.14 13.73
40.59 2684.30 2063.68 18.00 76.00 64.00 8.40 9.50 18.11 13.58
