60.01 1269.34 2151.36 17.00 21.00 27.00 10.69 12.09 5.49 10.91
60.36 1194.75 2063.53 17.00 22.00 35.00 10.15 11.52 5.51 10.36
62.73 1101.46 2101.33 15.00 21.00 35.00 9.96 11.29 4.67 11.90
64.36 1034.04 2111.04 13.00 23.00 38.00 9.76 11.04 5.28 14.27
59.67 1155.05 1953.67 12.00 24.00 35.00 9.63 11.03 6.37 14.74
58.79 1162.33 1861.56 11.00 25.00 38.00 9.47 10.67 7.01 14.96
60.37 1106.36 1892.75 10.00 23.00 41.00 9.37 10.56 7.19 15.07
57.46 1147.47 1743.89 10.00 24.00 42.00 9.04 10.23 7.52 14.92
55.32 1166.84 1588.83 9.00 25.00 43.00 8.75 9.67 6.84 14.95
50.34 1298.36 1425.07 9.00 28.00 40.00 8.76 9.54 9.97 12.43
47.28 1330.79 1401.97 11.00 32.00 31.00 8.45 9.99 9.89 11.59
48.54 1271.81 1470.80 10.00 35.00 26.00 8.27 10.21 9.60 5.54
46.57 1345.07 1369.10 10.00 36.00 25.00 8.43 9.90 9.56 9.36
44.43 1346.77 1364.19 11.00 37.00 21.00 8.11 10.35 10.26 9.12
45.73 1356.18 1402.04 10.00 34.00 21.00 8.36 10.33 10.71 9.07
47.06 1323.40 1481.38 10.00 35.00 20.00 8.36 10.61 12.67 8.92
40.89 1559.61 1303.49 9.00 37.00 17.00 8.83 10.73 12.71 9.71
41.69 1530.61 1369.41 9.00 38.00 15.00 8.78 11.06 13.06 9.71
45.28 1452.50 1474.19 9.00 36.00 20.00 8.88 10.95 12.14 10.35
50.31 1263.54 1591.72 8.00 39.00 25.00 8.51 10.64 12.08 13.45
45.51 1401.27 1378.74 7.00 42.00 25.00 8.61 10.18 10.75 14.45
42.71 1502.32 1314.19 8.00 43.00 23.00 8.77 10.34 13.68 13.15
34.93 1734.72 1079.34 8.00 45.00 22.00 8.92 10.39 13.64 13.07
32.86 1819.06 983.32 7.00 46.00 22.00 9.06 10.08 18.53 13.88
32.08 1778.79 964.97 8.00 49.00 22.00 8.76 10.13 22.33 13.58
31.93 1730.42 927.33 9.00 48.00 22.00 8.50 9.78 21.11 12.60
31.07 1680.62 907.37 10.00 47.00 21.00 8.15 9.84 20.39 12.06
30.71 1664.19 866.67 11.00 51.00 22.00 8.03 9.51 20.12 11.68
30.70 1641.34 789.22 12.00 52.00 31.00 7.92 8.67 19.75 4.77
34.53 1583.26 893.10 12.00 46.00 34.00 8.09 8.70 20.30 12.60
40.93 1430.57 1072.13 12.00 40.00 44.00 8.10 8.81 19.45 13.05
