52.03 600.68 789.56 9.00 12.00 7.00 10.54 12.78 6.13 7.19
52.97 588.66 783.24 9.00 12.00 8.00 10.56 12.44 5.65 3.72
51.42 577.34 696.16 9.00 14.00 8.00 10.03 11.40 4.76 3.85
59.25 452.92 816.83 8.00 14.00 9.00 9.37 11.60 4.79 5.87
60.42 509.02 889.06 7.00 9.00 7.00 10.85 12.41 4.70 6.43
65.14 430.31 937.35 6.00 7.00 8.00 10.41 12.13 4.63 6.68
70.19 391.47 984.35 4.00 4.00 16.00 11.05 11.84 4.32 16.22
66.11 391.59 851.65 5.00 4.00 22.00 9.71 10.87 4.57 15.38
72.81 292.29 893.08 3.00 3.00 24.00 9.01 10.33 2.41 14.95
68.31 364.08 784.93 2.00 8.00 25.00 9.63 9.66 4.03 18.92
51.17 486.39 591.94 4.00 14.00 15.00 8.35 9.70 6.66 18.04
49.06 556.30 580.80 3.00 15.00 11.00 9.14 9.96 2.72 3.43
45.50 582.24 487.72 4.00 16.00 14.00 8.95 9.03 9.25 5.22
42.00 566.98 449.68 5.00 15.00 13.00 8.19 9.03 7.07 4.74
49.56 520.81 523.70 4.00 10.00 15.00 8.64 8.92 7.77 4.04
44.03 566.35 501.35 4.00 10.00 10.00 8.47 9.62 12.75 4.53
37.47 615.05 493.56 5.00 14.00 6.00 8.23 11.16 12.58 5.12
43.83 515.93 578.22 5.00 15.00 6.00 7.68 11.16 11.26 5.66
50.92 470.45 673.63 4.00 14.00 6.00 8.02 11.13 3.86 13.16
53.53 412.75 724.04 4.00 17.00 6.00 7.43 11.36 10.48 12.48
47.31 511.78 591.90 3.00 16.00 5.00 8.12 10.48 10.22 12.77
45.33 607.89 591.26 3.00 15.00 6.00 9.30 10.96 14.78 2.62
31.31 796.92 422.11 3.00 17.00 6.00 9.71 11.34 13.89 5.98
35.14 750.82 455.58 3.00 16.00 7.00 9.69 10.92 14.39 5.70
48.42 616.79 595.85 3.00 12.00 14.00 10.01 10.34 9.47 6.42
52.17 506.76 610.57 2.00 14.00 15.00 8.87 9.84 9.31 16.85
49.03 456.30 569.44 3.00 19.00 14.00 7.49 9.77 4.11 17.88
46.39 487.48 523.20 4.00 20.00 14.00 7.60 9.49 14.75 17.80
25.06 753.38 278.71 3.00 23.00 8.00 8.41 9.41 13.36 2.12
9.89 968.18 115.78 3.00 24.00 3.00 8.98 9.84 22.46 2.12
13.72 889.61 178.13 4.00 23.00 2.00 8.62 10.91 31.41 1.94
18.39 835.99 204.74 4.00 20.00 4.00 8.57 9.41 26.86 2.57
21.64 742.95 250.15 5.00 19.00 5.00 7.92 9.76 5.30 2.32
29.78 596.04 338.93 7.00 21.00 7.00 7.10 9.61 6.65 2.55
44.97 479.34 419.77 7.00 15.00 23.00 7.29 7.86 7.22 5.67
58.67 359.21 576.33 5.00 12.00 27.00 7.28 8.25 8.50 17.92
73.69 206.25 734.19 5.00 12.00 37.00 6.58 8.37 6.02 17.47
