53.22 877.87 1166.58 13.00 17.00 11.00 10.54 12.30 5.84 6.23
56.52 802.01 1211.88 12.00 18.00 13.00 10.38 12.03 5.85 5.49
56.02 809.17 1208.26 12.00 18.00 11.00 10.35 12.12 4.63 6.07
61.72 669.95 1325.55 11.00 15.00 12.00 9.83 12.06 4.71 6.67
65.33 668.66 1361.73 8.00 9.00 20.00 10.83 11.72 4.67 12.77
65.28 606.03 1280.29 8.00 10.00 27.00 9.80 11.02 4.47 12.76
70.28 524.12 1404.75 6.00 7.00 27.00 9.88 11.23 3.93 15.17
67.76 579.96 1294.21 5.00 9.00 29.00 10.07 10.72 5.40 17.90
59.17 646.03 1064.61 5.00 15.00 28.00 8.84 10.09 5.46 19.82
54.56 732.01 923.65 5.00 18.00 29.00 9.00 9.50 5.64 16.33
53.81 714.89 908.40 6.00 18.00 25.00 8.65 9.46 8.70 14.19
51.69 755.88 891.77 5.00 20.00 20.00 8.74 9.68 7.08 4.74
43.67 874.55 695.47 6.00 22.00 19.00 8.67 8.95 7.77 4.84
38.37 933.74 640.14 7.00 20.00 15.00 8.46 9.40 11.07 5.26
44.69 844.40 809.51 7.00 18.00 16.00 8.51 10.22 10.94 5.36
48.20 715.51 889.92 7.00 20.00 14.00 7.70 10.39 10.66 5.32
47.28 761.98 881.38 6.00 20.00 11.00 8.06 10.47 10.65 11.07
46.06 779.80 913.69 6.00 22.00 8.00 8.06 11.14 11.92 11.41
43.19 835.30 878.34 6.00 24.00 6.00 8.20 11.40 9.40 11.24
49.07 756.78 980.02 6.00 25.00 10.00 8.29 11.20 13.40 10.35
43.17 944.56 809.31 4.00 23.00 11.00 9.27 10.49 11.91 11.17
40.26 1014.69 790.99 4.00 23.00 9.00 9.47 11.00 13.50 5.23
41.52 981.34 800.56 5.00 22.00 14.00 9.36 10.79 13.84 7.37
48.17 850.78 867.54 4.00 22.00 19.00 9.16 10.11 12.84 14.48
44.31 889.07 786.84 4.00 26.00 20.00 8.91 9.96 7.42 15.49
40.96 894.43 721.80 5.00 28.00 17.00 8.45 9.88 12.96 15.97
37.35 937.39 657.22 5.00 28.00 16.00 8.34 9.87 12.50 15.86
31.33 1068.08 527.74 4.00 30.00 15.00 8.67 9.45 21.19 17.67
21.19 1162.00 369.05 5.00 37.00 8.00 8.22 9.81 25.57 1.76
18.44 1223.57 316.77 7.00 34.00 7.00 8.36 9.65 24.61 2.49
19.09 1224.22 337.94 7.00 28.00 7.00 8.43 9.95 22.88 2.43
20.26 1176.71 342.69 7.00 31.00 7.00 8.22 9.53 21.77 2.55
34.46 887.68 510.51 9.00 29.00 23.00 7.55 8.31 6.77 5.17
50.96 615.02 777.31 9.00 22.00 31.00 7.00 8.55 6.97 14.15
59.07 540.96 893.60 8.00 17.00 42.00 7.37 8.48 6.78 15.09
