56.22 1109.70 1678.68 16.00 21.00 14.00 10.68 12.58 5.58 7.10
59.06 1019.04 1720.59 15.00 19.00 16.00 10.49 12.27 5.63 6.45
60.81 968.81 1680.93 13.00 18.00 24.00 10.42 11.65 4.64 11.22
62.68 845.67 1668.48 13.00 18.00 31.00 9.53 11.22 4.71 11.17
66.61 801.31 1782.13 10.00 12.00 31.00 10.10 11.27 4.55 13.00
66.72 794.40 1722.84 8.00 15.00 34.00 10.04 10.87 5.23 15.65
60.68 877.86 1576.29 8.00 19.00 31.00 9.37 10.94 6.26 17.22
57.58 947.89 1432.93 8.00 19.00 33.00 9.37 10.48 7.03 17.00
59.15 874.53 1381.08 7.00 19.00 38.00 8.97 9.83 7.54 16.39
55.15 931.60 1234.61 7.00 23.00 38.00 8.70 9.42 6.94 13.41
50.36 1007.20 1116.15 8.00 24.00 30.00 8.50 9.32 7.63 12.56
46.54 1122.64 1082.23 7.00 25.00 22.00 8.79 9.79 10.76 5.26
41.49 1198.14 981.28 9.00 30.00 20.00 8.57 9.99 10.11 5.22
42.92 1082.90 1028.71 10.00 30.00 19.00 7.94 10.12 9.69 5.54
50.24 991.33 1197.33 8.00 24.00 21.00 8.33 10.04 9.99 9.79
48.78 979.38 1225.40 8.00 27.00 16.00 8.00 10.58 11.35 9.98
42.39 1126.83 1086.09 8.00 30.00 11.00 8.18 10.78 11.53 9.92
44.58 1123.82 1169.67 8.00 30.00 12.00 8.48 11.05 13.33 9.87
41.11 1268.08 1095.74 7.00 31.00 12.00 9.01 11.21 11.76 10.77
44.33 1163.57 1179.76 7.00 33.00 13.00 8.74 11.18 12.97 9.96
47.86 1128.98 1187.75 6.00 28.00 19.00 9.06 10.41 12.20 10.16
48.75 1114.65 1202.95 5.00 29.00 21.00 9.10 10.37 12.43 13.79
40.17 1253.63 991.55 6.00 36.00 20.00 8.77 10.38 11.52 13.79
40.76 1238.45 978.78 7.00 36.00 21.00 8.74 10.10 14.24 13.97
36.74 1370.17 874.63 6.00 35.00 22.00 9.06 10.02 12.20 14.74
31.03 1475.04 726.35 5.00 38.00 18.00 8.94 9.84 18.46 15.86
31.37 1346.01 747.57 7.00 42.00 16.00 8.20 10.02 24.00 14.07
32.39 1323.47 728.73 8.00 40.00 19.00 8.18 9.47 23.08 13.36
23.35 1496.61 528.86 8.00 42.00 13.00 8.16 9.57 21.37 2.33
19.83 1564.28 454.71 10.00 45.00 10.00 8.16 9.67 21.08 2.49
29.35 1368.95 598.30 11.00 38.00 25.00 8.10 8.58 20.27 4.91
38.53 1195.69 781.07 9.00 32.00 31.00 8.13 8.53 20.55 14.15
47.67 949.30 984.34 10.00 31.00 42.00 7.58 8.68 6.40 13.94
