56.83 299.90 470.42 4.00 3.00 3.00 11.65 13.93 2.75 9.53
51.06 349.09 394.89 4.00 4.00 4.00 12.05 13.03 7.55 1.58
47.22 300.15 319.13 5.00 9.00 4.00 9.61 11.38 4.32 4.09
54.89 239.57 388.20 5.00 8.00 4.00 8.94 11.90 3.47 4.27
55.61 277.19 376.96 4.00 5.00 4.00 10.54 11.42 5.06 2.52
63.61 213.28 428.63 3.00 6.00 5.00 9.92 11.34 4.85 5.85
65.22 231.83 511.67 3.00 4.00 3.00 11.24 13.26 4.17 6.91
66.67 215.88 508.71 3.00 1.00 3.00 10.90 12.89 5.23 7.40
75.17 159.64 472.67 1.00 0.00 13.00 10.79 10.62 4.52 0.00
65.56 175.71 342.37 2.00 3.00 18.00 8.56 8.82 2.80 2.40
70.44 132.65 420.40 2.00 2.00 11.00 7.54 10.02 0.00 12.60
71.06 188.37 442.08 0.00 5.00 7.00 10.91 10.43 0.00 0.00
31.89 353.74 171.26 2.00 12.00 4.00 8.71 9.01 3.33 0.18
27.06 367.39 138.72 3.00 10.00 4.00 8.44 8.69 1.58 3.43
59.11 228.50 315.95 2.00 4.00 10.00 9.36 9.03 8.67 4.02
56.94 199.58 310.89 2.00 5.00 8.00 7.77 9.20 8.98 0.85
40.00 291.46 207.75 2.00 6.00 5.00 8.13 8.77 3.52 3.77
31.11 366.76 189.65 2.00 5.00 2.00 8.91 10.36 14.73 2.57
34.94 323.52 285.81 3.00 8.00 1.00 8.32 13.92 3.32 4.92
56.56 148.89 388.57 3.00 10.00 4.00 5.73 11.59 4.83 6.03
66.89 146.93 387.19 1.00 6.00 5.00 7.42 9.70 4.00 0.00
50.50 263.87 335.28 1.00 7.00 2.00 8.91 11.11 0.00 0.00
27.72 364.14 204.71 2.00 10.00 0.00 8.44 12.38 8.63 0.78
40.17 344.02 255.84 2.00 8.00 4.00 9.62 10.76 16.78 3.08
34.89 432.37 217.40 1.00 7.00 6.00 11.12 10.50 0.00 0.00
30.11 406.80 198.60 1.00 8.00 3.00 9.75 11.07 11.30 0.00
61.94 184.01 378.45 2.00 5.00 8.00 8.09 10.25 0.00 7.75
74.22 99.81 411.96 1.00 6.00 12.00 6.50 9.34 0.00 0.00
36.11 272.29 190.92 1.00 14.00 6.00 7.13 8.96 3.73 0.00
18.56 387.57 111.24 3.00 14.00 2.00 7.96 10.08 17.58 2.40
14.00 480.99 87.79 2.00 9.00 2.00 9.36 10.53 12.12 2.57
1.22 580.60 3.76 0.00 10.00 0.00 9.83 5.37 0.00 0.00
13.44 408.34 90.34 2.00 14.00 0.00 7.88 11.29 0.00 0.97
35.56 255.32 200.98 4.00 10.00 4.00 6.63 9.54 2.44 2.57
29.83 334.61 159.41 3.00 5.00 5.00 7.97 9.06 5.82 2.88
24.00 340.23 137.95 3.00 11.00 3.00 7.49 9.71 8.22 2.49
60.11 144.63 260.36 4.00 10.00 18.00 6.09 7.27 6.94 6.72
93.33 18.44 438.38 2.00 1.00 24.00 4.73 7.88 1.28 21.70
87.28 61.62 473.84 1.00 2.00 19.00 8.11 9.13 0.00 0.00
