57.69 1984.23 3059.76 23.00 40.00 52.00 9.85 11.17 7.03 12.10
57.10 1950.64 2955.77 22.00 42.00 55.00 9.55 10.89 7.34 12.00
55.58 1976.01 2797.09 21.00 43.00 54.00 9.34 10.60 6.82 11.90
54.61 1968.31 2751.18 20.00 43.00 53.00 9.10 10.61 8.80 12.13
54.05 1999.45 2763.70 19.00 42.00 51.00 9.12 10.78 8.58 12.13
54.82 1877.84 2751.55 18.00 45.00 53.00 8.71 10.57 8.74 12.22
55.46 1869.19 2774.13 16.00 43.00 52.00 8.79 10.53 8.48 13.78
53.18 1927.27 2658.39 16.00 46.00 50.00 8.62 10.52 9.62 13.77
50.77 2002.21 2467.17 15.00 49.00 49.00 8.51 10.23 9.39 13.84
49.87 2055.42 2405.09 15.00 53.00 50.00 8.58 10.15 10.84 11.65
45.74 2275.35 2211.90 15.00 55.00 42.00 8.77 10.17 10.94 11.77
45.44 2286.50 2261.98 14.00 58.00 35.00 8.77 10.47 11.42 8.40
44.67 2327.13 2169.66 15.00 58.00 39.00 8.80 10.21 11.29 8.81
45.83 2197.56 2231.86 15.00 59.00 40.00 8.49 10.25 11.26 11.38
45.20 2245.67 2188.88 14.00 60.00 41.00 8.57 10.20 11.27 11.71
44.77 2217.83 2204.31 15.00 63.00 37.00 8.40 10.36 13.01 11.93
39.56 2497.41 1960.72 14.00 65.00 33.00 8.64 10.43 13.19 12.26
37.81 2598.86 1897.15 13.00 68.00 30.00 8.74 10.56 16.64 12.71
36.24 2614.50 1843.31 14.00 73.00 28.00 8.57 10.70 19.23 12.64
38.36 2487.20 1908.49 15.00 73.00 32.00 8.44 10.46 18.97 12.21
35.60 2625.59 1716.68 14.00 70.00 32.00 8.52 10.13 18.27 12.48
34.29 2679.03 1657.66 15.00 74.00 31.00 8.52 10.17 18.26 10.49
34.76 2622.68 1589.85 17.00 74.00 45.00 8.41 9.62 18.49 10.20
39.65 2434.15 1760.64 16.00 68.00 53.00 8.43 9.34 18.42 14.14
42.20 2319.74 1858.97 16.00 66.00 64.00 8.39 9.26 18.28 14.33
