60.01 1269.34 2151.36 17.00 21.00 27.00 10.69 12.09 5.49 10.91
62.73 1101.46 2101.33 15.00 21.00 35.00 9.96 11.29 4.67 11.90
59.67 1155.05 1953.67 12.00 24.00 35.00 9.63 11.03 6.37 14.74
60.37 1106.36 1892.75 10.00 23.00 41.00 9.37 10.56 7.19 15.07
55.32 1166.84 1588.83 9.00 25.00 43.00 8.75 9.67 6.84 14.95
47.28 1330.79 1401.97 11.00 32.00 31.00 8.45 9.99 9.89 11.59
46.57 1345.07 1369.10 10.00 36.00 25.00 8.43 9.90 9.56 9.36
45.73 1356.18 1402.04 10.00 34.00 21.00 8.36 10.33 10.71 9.07
40.89 1559.61 1303.49 9.00 37.00 17.00 8.83 10.73 12.71 9.71
45.28 1452.50 1474.19 9.00 36.00 20.00 8.88 10.95 12.14 10.35
45.51 1401.27 1378.74 7.00 42.00 25.00 8.61 10.18 10.75 14.45
34.93 1734.72 1079.34 8.00 45.00 22.00 8.92 10.39 13.64 13.07
32.08 1778.79 964.97 8.00 49.00 22.00 8.76 10.13 22.33 13.58
31.07 1680.62 907.37 10.00 47.00 21.00 8.15 9.84 20.39 12.06
30.70 1641.34 789.22 12.00 52.00 31.00 7.92 8.67 19.75 4.77
40.93 1430.57 1072.13 12.00 40.00 44.00 8.10 8.81 19.45 13.05
