43.02 1776.12 1399.25 7.00 64.00 44.00 7.44 7.77 21.28 15.21
43.02 1755.28 1393.22 8.00 66.00 43.00 7.35 7.74 22.40 15.82
43.50 1671.69 1428.32 8.00 72.00 41.00 7.06 7.85 21.99 15.85
46.63 1579.58 1499.11 8.00 68.00 49.00 7.06 7.68 23.50 17.77
45.08 1590.19 1429.11 9.00 74.00 48.00 6.91 7.58 22.83 19.51
42.28 1708.13 1285.29 10.00 76.00 50.00 7.06 7.26 22.14 18.54
48.56 1623.02 1523.70 11.00 55.00 53.00 7.53 7.50 21.65 19.06
47.83 1620.14 1495.16 10.00 54.00 53.00 7.41 7.47 20.71 16.61
45.67 1678.00 1473.67 11.00 55.00 52.00 7.37 7.72 20.38 15.90
43.73 1741.80 1418.17 12.00 57.00 50.00 7.39 7.75 19.05 15.57
50.87 1539.35 1529.04 12.00 47.00 70.00 7.48 7.18 19.05 16.04
54.93 1365.68 1581.37 11.00 44.00 82.00 7.23 6.88 14.78 21.01
61.81 1165.93 1798.77 11.00 33.00 86.00 7.29 6.95 14.61 27.18
58.05 1226.61 1674.60 10.00 48.00 83.00 6.98 6.89 14.87 28.45
55.19 1333.51 1591.54 10.00 51.00 79.00 7.10 6.89 19.76 28.37
56.17 1325.45 1706.73 8.00 47.00 75.00 7.21 7.26 20.05 29.35
56.06 1316.74 1685.93 8.00 44.00 74.00 7.15 7.19 19.50 28.37
56.06 1316.74 1647.08 8.00 44.00 73.00 7.15 7.02 19.50 28.87
56.33 1310.75 1653.88 6.00 44.00 73.00 7.16 7.01 16.05 27.68
59.33 1198.04 1762.80 6.00 42.00 72.00 7.02 7.10 15.95 28.07
59.27 1183.76 1683.87 6.00 43.00 76.00 6.93 6.79 15.89 28.66
61.48 1107.96 1726.95 6.00 50.00 80.00 6.86 6.71 16.59 26.04
61.48 1093.54 1658.36 6.00 55.00 80.00 6.77 6.44 17.42 26.05
66.25 944.11 1765.47 6.00 52.00 84.00 6.67 6.36 17.86 16.51
65.56 957.34 1868.33 7.00 54.00 71.00 6.63 6.81 18.06 14.29
65.56 957.34 1857.54 7.00 54.00 69.00 6.63 6.77 18.06 13.97
60.95 1086.22 1681.21 8.00 60.00 71.00 6.63 6.59 9.91 16.23
