48.34 2277.71 2228.19 14.00 86.00 75.00 7.37 7.71 21.48 17.85
46.35 2363.97 2172.38 13.00 85.00 67.00 7.36 7.84 20.71 18.00
47.48 2260.47 2215.72 13.00 85.00 71.00 7.19 7.81 21.22 17.98
45.42 2339.25 2080.63 14.00 87.00 71.00 7.16 7.66 21.42 17.81
48.45 2186.91 2086.97 13.00 85.00 88.00 7.09 7.21 21.42 17.73
49.07 2162.11 2045.38 13.00 85.00 96.00 7.09 6.97 20.14 21.07
53.89 2055.36 2262.78 13.00 64.00 100.00 7.45 7.02 20.07 26.25
52.53 2035.59 2192.44 12.00 76.00 100.00 7.16 6.98 19.53 26.19
48.05 2253.86 2038.98 13.00 81.00 92.00 7.25 7.10 21.70 25.70
49.46 2229.89 2164.13 13.00 78.00 91.00 7.37 7.32 20.70 25.17
52.08 2096.42 2291.13 14.00 72.00 92.00 7.31 7.36 20.41 24.32
54.92 1922.76 2348.80 13.00 69.00 100.00 7.12 7.15 18.08 25.69
55.99 1874.75 2389.98 13.00 66.00 102.00 7.11 7.14 17.42 26.14
57.87 1783.96 2460.01 13.00 66.00 105.00 7.07 7.11 17.49 26.12
59.71 1685.25 2513.16 13.00 65.00 107.00 6.99 7.04 17.85 26.63
59.28 1716.80 2506.11 11.00 69.00 104.00 7.04 7.07 17.66 26.60
60.06 1682.39 2445.21 11.00 68.00 110.00 7.03 6.81 17.60 26.06
59.15 1703.78 2346.92 12.00 71.00 107.00 6.96 6.64 17.45 25.89
62.79 1553.97 2526.19 11.00 65.00 111.00 6.97 6.73 16.55 23.05
65.37 1411.32 2617.75 10.00 63.00 115.00 6.80 6.70 16.55 23.72
62.56 1518.65 2419.94 10.00 70.00 118.00 6.77 6.47 15.55 23.97
