51.89 273.40 209.47 2.00 4.00 12.00 9.51 6.74 0.00 15.27
51.72 253.40 273.37 1.00 5.00 6.00 8.78 8.89 1.35 0.00
47.78 244.45 265.65 1.00 6.00 5.00 7.82 9.35 0.00 0.00
63.44 177.07 333.52 1.00 2.00 8.00 8.10 8.78 0.00 0.00
43.78 136.85 229.00 0.00 21.00 5.00 4.06 8.75 0.00 0.00
13.56 313.22 70.34 1.00 24.00 0.00 6.05 8.68 0.00 0.00
63.56 201.17 246.97 1.00 3.00 9.00 9.23 6.50 0.00 0.00
71.06 107.02 258.60 0.00 3.00 13.00 6.17 6.09 0.00 0.00
21.06 309.39 81.61 0.00 14.00 4.00 6.54 6.51 0.00 0.00
21.61 376.12 135.07 1.00 12.00 1.00 8.03 10.44 0.00 0.00
21.61 378.64 135.07 1.00 14.00 1.00 8.08 10.44 0.00 0.00
26.33 325.78 123.76 1.00 11.00 3.00 7.38 7.87 0.00 0.00
51.50 232.00 230.75 2.00 2.00 8.00 8.01 7.49 7.28 13.55
53.39 202.46 198.15 3.00 7.00 12.00 7.28 6.21 10.22 3.27
55.22 168.87 238.83 3.00 12.00 9.00 6.32 7.23 8.45 3.80
77.00 77.70 379.26 1.00 7.00 12.00 5.64 8.23 0.00 0.00
58.83 162.94 265.97 2.00 8.00 12.00 6.62 7.58 11.60 0.02
33.00 305.69 119.56 3.00 10.00 9.00 7.62 6.08 18.90 6.81
68.17 169.59 323.59 2.00 2.00 10.00 8.91 7.94 0.00 16.75
52.39 225.23 280.11 1.00 2.00 3.00 7.90 8.96 10.68 0.00
43.28 256.15 196.95 1.00 3.00 8.00 7.54 7.63 11.95 0.00
42.39 228.53 181.61 2.00 7.00 10.00 6.62 7.19 0.00 8.22
57.50 170.82 136.98 1.00 6.00 22.00 6.71 3.98 0.00 0.00
100.00 0.00 298.21 0.00 0.00 32.00 0.00 4.98 0.00 0.00
98.17 5.30 404.81 0.00 0.00 17.00 4.97 6.89 0.00 0.00
48.17 186.70 217.18 0.00 15.00 4.00 6.01 7.54 0.00 0.00
5.17 399.57 23.52 1.00 19.00 1.00 7.03 7.67 0.00 0.00
40.28 300.75 230.29 1.00 6.00 4.00 8.41 9.58 0.00 0.00
61.33 152.10 333.48 1.00 5.00 4.00 6.57 9.10 0.00 0.00
76.22 68.71 319.75 1.00 4.00 10.00 4.83 7.02 0.00 0.00
60.72 157.05 233.85 0.00 8.00 11.00 6.67 6.45 0.00 0.00
55.83 186.99 235.31 1.00 8.00 7.00 7.06 7.05 0.00 0.00
88.72 42.28 353.93 2.00 1.00 13.00 6.31 6.66 0.00 21.88
67.50 135.37 244.19 1.00 10.00 11.00 6.97 6.06 5.92 0.00
58.72 166.01 171.43 1.00 15.00 12.00 6.71 4.89 0.00 0.00
75.72 64.68 220.20 2.00 8.00 15.00 4.46 4.86 0.00 16.68
86.11 34.61 346.95 2.00 5.00 13.00 4.19 6.73 1.30 0.42
95.22 13.23 390.18 1.00 2.00 17.00 4.67 6.85 0.00 0.00
65.89 134.28 217.62 1.00 7.00 16.00 6.57 5.52 0.00 0.00
