45.61 1165.25 1033.43 4.00 48.00 35.00 7.15 7.58 15.27 12.15
44.28 1227.03 1070.89 4.00 47.00 28.00 7.36 8.10 16.78 15.42
39.56 1270.66 958.73 3.00 58.00 24.00 7.02 8.12 8.93 15.71
39.20 1299.35 921.29 4.00 54.00 25.00 7.14 7.86 3.97 15.71
40.30 1258.28 923.76 4.00 54.00 27.00 7.04 7.67 23.82 18.38
37.19 1324.67 786.33 6.00 59.00 29.00 7.05 7.07 23.97 16.64
42.59 1290.40 933.59 7.00 45.00 31.00 7.51 7.33 22.61 15.43
49.88 1089.22 1095.26 6.00 42.00 41.00 7.26 7.35 22.61 15.20
41.64 1252.16 952.79 8.00 50.00 34.00 7.17 7.66 21.18 16.68
42.27 1287.82 956.35 9.00 48.00 37.00 7.46 7.57 20.94 15.72
51.07 1112.31 1194.76 10.00 38.00 40.00 7.60 7.83 20.23 16.89
48.42 1136.93 1101.49 9.00 37.00 39.00 7.37 7.61 14.07 17.48
55.40 989.75 1256.98 10.00 27.00 47.00 7.42 7.59 13.96 16.64
51.63 1039.90 1158.93 10.00 33.00 46.00 7.18 7.51 14.78 16.44
56.60 928.54 1163.21 9.00 31.00 61.00 7.15 6.88 15.30 17.24
60.96 837.37 1259.05 7.00 26.00 67.00 7.16 6.91 16.42 23.67
65.19 764.97 1328.64 6.00 19.00 69.00 7.34 6.82 16.21 32.50
55.19 946.37 1097.05 6.00 34.00 59.00 7.05 6.65 15.96 32.50
54.46 1001.60 1086.19 5.00 31.00 58.00 7.34 6.67 19.25 32.54
56.64 942.06 1207.67 4.00 30.00 54.00 7.25 7.13 19.22 33.18
53.09 984.11 1096.02 4.00 34.00 52.00 7.00 6.90 13.46 31.81
61.41 785.61 1247.31 4.00 32.00 61.00 6.79 6.79 14.97 28.95
56.58 884.94 1133.00 3.00 39.00 55.00 6.80 6.69 16.32 28.44
64.10 744.06 1301.01 3.00 33.00 58.00 6.92 6.79 15.69 12.57
62.82 756.72 1349.95 4.00 34.00 46.00 6.79 7.18 19.42 19.26
57.60 879.43 1246.85 4.00 43.00 37.00 6.92 7.24 18.05 14.53
54.93 917.33 1116.57 5.00 48.00 41.00 6.79 6.80 9.16 14.33
63.11 756.78 1249.87 6.00 37.00 48.00 6.85 6.62 9.95 16.51
71.12 552.37 1439.71 6.00 34.00 53.00 6.39 6.77 10.45 15.15
74.10 468.97 1410.08 6.00 33.00 61.00 6.05 6.36 10.62 14.28
72.03 534.54 1323.85 6.00 36.00 66.00 6.39 6.15 10.12 16.40
