45.61 1165.25 1033.43 4.00 48.00 35.00 7.15 7.58 15.27 12.15
39.56 1270.66 958.73 3.00 58.00 24.00 7.02 8.12 8.93 15.71
40.30 1258.28 923.76 4.00 54.00 27.00 7.04 7.67 23.82 18.38
42.59 1290.40 933.59 7.00 45.00 31.00 7.51 7.33 22.61 15.43
41.64 1252.16 952.79 8.00 50.00 34.00 7.17 7.66 21.18 16.68
51.07 1112.31 1194.76 10.00 38.00 40.00 7.60 7.83 20.23 16.89
55.40 989.75 1256.98 10.00 27.00 47.00 7.42 7.59 13.96 16.64
56.60 928.54 1163.21 9.00 31.00 61.00 7.15 6.88 15.30 17.24
65.19 764.97 1328.64 6.00 19.00 69.00 7.34 6.82 16.21 32.50
54.46 1001.60 1086.19 5.00 31.00 58.00 7.34 6.67 19.25 32.54
53.09 984.11 1096.02 4.00 34.00 52.00 7.00 6.90 13.46 31.81
56.58 884.94 1133.00 3.00 39.00 55.00 6.80 6.69 16.32 28.44
62.82 756.72 1349.95 4.00 34.00 46.00 6.79 7.18 19.42 19.26
54.93 917.33 1116.57 5.00 48.00 41.00 6.79 6.80 9.16 14.33
71.12 552.37 1439.71 6.00 34.00 53.00 6.39 6.77 10.45 15.15
72.03 534.54 1323.85 6.00 36.00 66.00 6.39 6.15 10.12 16.40
