44.55 1945.09 1638.08 10.00 76.00 53.00 7.33 7.69 21.18 14.56
47.26 1833.05 1772.48 9.00 73.00 55.00 7.26 7.84 21.18 16.91
45.42 1834.63 1694.83 10.00 80.00 53.00 7.02 7.81 21.90 19.45
44.92 1885.27 1618.81 11.00 78.00 58.00 7.15 7.53 23.40 18.61
47.97 1759.87 1752.70 11.00 76.00 58.00 7.06 7.64 23.12 19.06
43.54 1933.36 1565.49 11.00 78.00 53.00 7.15 7.52 20.71 18.75
47.90 1879.17 1720.99 12.00 58.00 61.00 7.53 7.51 20.38 17.96
47.15 1848.89 1676.77 12.00 61.00 63.00 7.30 7.44 20.14 15.57
47.15 1848.89 1610.65 12.00 61.00 74.00 7.30 7.14 20.14 16.04
50.76 1741.80 1716.45 12.00 57.00 83.00 7.39 7.07 19.05 20.23
56.78 1544.65 1933.84 12.00 47.00 87.00 7.47 7.12 18.86 26.19
54.08 1552.39 1798.77 11.00 59.00 86.00 7.06 6.95 14.87 27.18
54.73 1565.61 1822.29 12.00 53.00 87.00 7.22 6.96 18.84 26.64
55.83 1527.99 1904.88 11.00 54.00 87.00 7.22 7.13 18.22 27.13
55.96 1485.61 1925.31 11.00 56.00 83.00 7.04 7.19 18.77 26.43
58.68 1394.44 2026.47 9.00 51.00 85.00 7.04 7.22 19.50 28.14
56.65 1473.78 1919.85 8.00 52.00 85.00 7.09 7.09 18.39 29.42
56.03 1503.72 1882.46 9.00 52.00 81.00 7.14 7.02 18.42 27.75
60.38 1353.35 2007.81 8.00 45.00 86.00 7.13 6.95 17.10 26.93
60.35 1333.41 2007.06 7.00 52.00 83.00 7.02 6.95 16.29 26.93
59.20 1349.77 1855.31 7.00 58.00 88.00 6.90 6.55 14.77 25.32
63.26 1172.64 1947.15 8.00 59.00 95.00 6.66 6.43 16.71 25.61
64.56 1128.16 2005.31 8.00 60.00 93.00 6.64 6.49 18.06 24.61
69.87 957.34 2155.96 7.00 54.00 101.00 6.63 6.45 18.06 13.97
65.60 1091.61 2086.02 8.00 61.00 88.00 6.62 6.64 16.89 16.23
