46.14 2108.03 1904.60 12.00 84.00 65.00 7.27 7.67 21.08 18.03
45.68 2138.74 1892.18 12.00 83.00 64.00 7.31 7.70 21.60 17.83
47.94 2004.32 2018.42 12.00 82.00 63.00 7.15 7.83 22.26 19.03
45.75 2110.50 1899.01 12.00 80.00 61.00 7.22 7.71 22.14 18.71
47.44 2016.03 1949.99 12.00 79.00 66.00 7.12 7.64 21.87 17.96
43.41 2162.11 1747.11 13.00 85.00 63.00 7.09 7.48 20.14 17.69
48.97 2050.06 1857.97 13.00 64.00 83.00 7.46 7.05 20.14 17.73
53.02 1848.89 1975.05 12.00 61.00 96.00 7.30 6.92 20.14 20.23
52.81 1854.19 2015.46 12.00 61.00 91.00 7.30 7.09 20.07 26.19
50.48 1928.51 1933.84 12.00 72.00 87.00 7.23 7.12 18.56 26.19
51.05 1944.32 1957.36 13.00 67.00 88.00 7.37 7.12 21.24 25.70
52.55 1853.77 2029.05 12.00 65.00 90.00 7.25 7.17 18.22 26.03
55.46 1717.71 2156.06 13.00 58.00 91.00 7.16 7.22 18.08 25.09
58.09 1596.98 2224.63 12.00 58.00 97.00 7.07 7.12 18.08 26.72
56.49 1642.66 2159.23 11.00 64.00 94.00 7.00 7.10 17.93 27.40
58.36 1581.43 2261.86 10.00 59.00 93.00 7.04 7.20 18.42 27.15
60.21 1516.38 2273.78 10.00 53.00 98.00 7.07 7.02 18.44 28.10
57.31 1639.10 2126.72 10.00 62.00 92.00 7.12 6.90 17.66 27.18
60.20 1519.35 2179.24 9.00 60.00 98.00 7.08 6.73 16.00 24.36
62.06 1398.09 2227.26 9.00 61.00 98.00 6.83 6.67 16.28 25.83
62.19 1384.38 2202.26 9.00 63.00 101.00 6.79 6.58 16.37 23.87
66.81 1185.87 2337.64 9.00 61.00 112.00 6.63 6.50 17.21 22.95
64.70 1262.43 2223.00 9.00 67.00 110.00 6.63 6.38 16.89 24.62
