51.75 855.87 951.46 4.00 34.00 31.00 7.41 7.69 16.37 8.55
49.94 850.85 935.82 3.00 34.00 27.00 7.09 7.84 15.95 13.85
44.04 891.86 823.66 2.00 44.00 23.00 6.65 7.83 10.08 6.35
42.42 973.57 797.53 3.00 42.00 22.00 7.06 7.86 17.92 15.71
37.50 1026.21 693.01 2.00 52.00 19.00 6.85 7.73 4.38 18.90
33.14 1122.21 587.77 3.00 52.00 17.00 7.01 7.42 4.80 17.19
39.43 1121.43 694.76 4.00 33.00 22.00 7.73 7.37 24.22 18.38
43.10 1011.45 716.00 5.00 35.00 29.00 7.43 6.95 23.97 9.17
37.35 1089.22 686.27 6.00 42.00 22.00 7.26 7.68 22.61 8.50
44.58 982.14 836.66 6.00 38.00 28.00 7.41 7.84 21.68 15.20
46.79 942.62 871.17 8.00 36.00 30.00 7.41 7.79 19.43 16.68
47.43 911.70 821.28 8.00 35.00 36.00 7.25 7.24 14.84 16.67
58.43 733.59 1059.69 9.00 24.00 39.00 7.38 7.59 14.14 17.78
53.94 811.15 977.31 8.00 26.00 36.00 7.36 7.58 14.07 17.90
56.38 757.65 1026.23 8.00 25.00 39.00 7.26 7.62 14.37 17.32
51.19 837.37 960.77 7.00 26.00 34.00 7.16 7.85 16.42 18.53
56.94 759.67 923.83 6.00 19.00 52.00 7.37 6.79 16.42 15.13
56.94 759.67 879.65 6.00 19.00 55.00 7.37 6.46 16.42 23.01
66.78 601.93 1062.67 4.00 11.00 57.00 7.57 6.65 13.75 32.41
60.74 640.68 977.39 3.00 24.00 50.00 6.81 6.73 11.55 37.37
51.03 832.01 762.25 3.00 29.00 48.00 7.08 6.24 13.33 39.05
57.71 716.62 927.57 3.00 28.00 51.00 7.07 6.72 20.08 33.43
55.54 727.89 899.08 3.00 31.00 44.00 6.83 6.76 17.40 34.80
66.17 557.07 1065.63 2.00 25.00 50.00 6.87 6.73 17.40 10.78
56.35 714.12 996.02 2.00 33.00 33.00 6.82 7.39 16.32 14.00
55.12 744.06 1002.59 3.00 33.00 26.00 6.92 7.61 15.69 12.57
53.99 751.32 945.14 4.00 33.00 29.00 6.81 7.32 10.00 19.26
59.96 692.10 1029.67 4.00 28.00 33.00 7.21 7.18 8.71 14.53
67.38 517.75 1092.76 4.00 29.00 40.00 6.62 6.78 9.16 15.24
68.82 455.75 1019.58 5.00 31.00 44.00 6.10 6.19 10.53 17.72
73.57 400.27 1106.16 5.00 29.00 49.00 6.33 6.29 10.62 13.35
73.57 400.27 1090.26 5.00 29.00 50.00 6.33 6.19 10.62 13.78
74.86 377.18 1090.00 6.00 28.00 55.00 6.27 6.08 9.23 16.40
