47.81 654.69 704.49 3.00 31.00 22.00 6.99 8.22 7.93 8.67
42.91 743.83 677.22 3.00 31.00 14.00 7.25 8.81 16.37 12.54
51.70 582.47 741.69 2.00 30.00 19.00 6.71 8.01 12.13 0.03
49.35 597.38 662.46 2.00 29.00 21.00 6.56 7.48 19.12 6.35
42.80 647.41 557.94 1.00 38.00 18.00 6.29 7.27 4.12 0.00
35.41 796.43 464.01 2.00 40.00 14.00 6.87 7.31 17.30 18.90
35.41 889.36 464.01 2.00 31.00 14.00 7.67 7.31 2.30 18.90
39.67 808.99 517.43 2.00 28.00 17.00 7.47 7.28 4.80 1.42
31.39 920.25 447.44 3.00 30.00 13.00 7.47 7.95 24.22 11.13
33.78 904.37 457.40 5.00 31.00 16.00 7.61 7.55 22.76 9.17
42.78 779.68 604.66 6.00 28.00 18.00 7.60 7.88 21.68 8.50
52.24 606.02 701.58 5.00 25.00 27.00 7.07 7.48 10.67 16.48
55.19 563.91 736.10 7.00 22.00 29.00 7.02 7.44 11.13 17.82
54.46 585.92 697.11 7.00 24.00 33.00 7.17 7.14 14.84 16.79
60.74 501.50 828.94 7.00 22.00 31.00 7.12 7.61 14.69 18.82
54.13 608.62 779.16 5.00 19.00 24.00 7.39 8.03 16.13 20.99
56.76 588.78 786.85 5.00 13.00 30.00 7.58 7.74 15.70 14.15
42.59 759.67 581.38 6.00 19.00 22.00 7.37 7.63 16.42 13.34
56.31 596.63 657.87 4.00 11.00 40.00 7.60 6.51 12.35 11.40
64.93 453.98 760.00 3.00 9.00 46.00 7.20 6.53 12.35 23.94
66.31 432.34 738.73 2.00 9.00 47.00 7.14 6.21 13.53 36.23
63.52 415.24 697.28 2.00 22.00 47.00 6.33 6.11 0.27 36.23
53.61 575.79 565.31 2.00 26.00 40.00 6.90 5.87 0.00 45.15
62.81 488.08 745.89 1.00 21.00 40.00 7.30 6.61 24.53 0.00
54.89 557.07 762.10 2.00 25.00 22.00 6.87 7.74 17.40 4.22
54.89 557.07 767.21 2.00 25.00 18.00 6.87 7.80 17.40 10.78
42.41 708.72 591.21 2.00 32.00 16.00 6.84 7.78 0.18 14.00
57.44 556.73 785.41 3.00 18.00 22.00 7.28 7.63 1.65 12.57
70.26 351.75 921.33 3.00 14.00 28.00 6.58 7.31 10.00 21.55
66.52 391.07 799.38 3.00 22.00 29.00 6.50 6.70 9.26 14.82
69.39 365.65 759.21 3.00 24.00 36.00 6.65 6.10 10.30 13.46
66.35 387.04 699.77 4.00 27.00 33.00 6.40 5.88 10.53 16.68
77.85 242.91 872.31 5.00 21.00 38.00 6.12 6.24 9.02 13.35
79.48 213.28 854.88 4.00 21.00 43.00 5.80 5.99 9.02 13.11
70.24 334.90 736.07 4.00 27.00 42.00 6.27 5.84 9.39 16.85
