49.83 517.84 475.42 3.00 10.00 17.00 8.63 7.99 7.75 8.01
57.58 430.54 606.89 2.00 7.00 14.00 8.48 8.83 11.30 10.45
45.78 381.30 494.73 1.00 27.00 10.00 5.87 9.06 1.20 0.00
38.50 490.36 403.86 2.00 26.00 8.00 6.65 8.77 0.00 14.97
53.67 338.02 475.97 1.00 24.00 14.00 6.09 7.42 0.00 0.00
42.31 420.24 328.94 1.00 27.00 13.00 6.08 6.50 0.00 0.00
42.31 510.56 328.94 1.00 17.00 13.00 7.39 6.50 0.00 0.00
46.33 483.21 393.67 1.00 16.00 14.00 7.53 7.11 17.30 0.00
21.33 688.19 216.69 1.00 28.00 5.00 7.31 8.51 2.30 0.00
23.97 701.90 258.84 2.00 24.00 4.00 7.71 9.03 0.00 1.42
36.56 610.71 365.83 3.00 16.00 9.00 8.05 8.36 25.06 11.13
39.86 528.25 322.33 4.00 18.00 15.00 7.34 6.76 10.22 10.24
53.36 400.97 469.58 5.00 14.00 17.00 7.19 7.36 10.67 9.31
65.19 280.24 577.41 4.00 14.00 24.00 6.74 7.41 10.67 17.52
57.03 331.81 505.35 5.00 20.00 21.00 6.46 7.41 10.45 19.25
55.00 383.39 498.96 4.00 17.00 21.00 7.12 7.59 18.90 21.00
63.50 332.63 589.56 4.00 10.00 22.00 7.62 7.77 16.91 15.63
42.69 530.92 399.77 4.00 12.00 12.00 7.74 7.84 16.13 15.25
55.72 425.74 520.89 3.00 5.00 18.00 8.03 7.83 11.63 11.66
47.39 453.98 461.72 3.00 9.00 13.00 7.20 8.17 12.35 6.97
50.39 427.04 333.93 2.00 9.00 30.00 7.18 5.54 0.80 6.78
71.19 228.53 479.89 2.00 7.00 43.00 6.62 5.63 0.00 21.78
77.83 176.12 541.79 1.00 6.00 39.00 6.64 5.81 0.00 0.00
74.08 186.70 515.60 0.00 15.00 36.00 6.01 5.81 0.00 0.00
51.67 404.97 428.33 1.00 20.00 18.00 6.99 6.93 0.00 0.00
44.22 488.08 447.46 1.00 21.00 8.00 7.30 8.47 24.53 0.00
33.25 551.68 357.29 2.00 24.00 5.00 6.89 8.99 0.00 4.22
58.25 369.74 550.03 2.00 10.00 14.00 7.39 7.91 0.00 10.78
61.03 309.15 567.39 1.00 13.00 15.00 6.62 7.78 0.18 0.00
66.03 255.69 555.13 2.00 12.00 18.00 6.28 7.03 0.00 12.55
74.72 199.64 587.78 2.00 9.00 24.00 6.60 6.58 11.33 21.88
61.67 322.36 479.57 2.00 18.00 18.00 7.02 6.50 9.26 14.72
73.72 208.29 525.36 3.00 16.00 25.00 6.63 5.96 10.47 13.46
71.61 200.05 464.39 3.00 19.00 26.00 5.89 5.42 9.51 13.73
72.42 200.62 518.38 3.00 20.00 25.00 6.08 5.99 9.77 10.76
85.47 77.91 610.69 3.00 10.00 32.00 4.49 5.97 1.30 13.12
76.00 168.89 564.64 3.00 12.00 30.00 5.88 6.21 7.76 17.92
