35.32 2902.68 2047.78 26.00 81.00 12.00 9.41 12.20 15.70 4.03
35.68 2849.00 2012.53 23.00 84.00 13.00 9.28 11.86 16.32 4.52
32.92 2869.88 1852.62 23.00 87.00 13.00 8.95 11.83 16.50 4.79
30.72 2943.28 1733.04 23.00 85.00 13.00 8.89 11.86 16.20 4.86
29.72 2962.14 1633.51 21.00 86.00 14.00 8.82 11.55 16.25 5.25
30.07 2899.19 1650.16 22.00 85.00 15.00 8.67 11.54 16.71 5.20
32.41 2780.51 1675.39 22.00 85.00 20.00 8.61 10.85 16.82 5.42
31.65 2728.34 1627.21 20.00 87.00 20.00 8.34 10.79 17.68 5.43
34.35 2574.65 1658.22 19.00 85.00 37.00 8.19 10.13 17.83 6.61
36.85 2416.51 1599.90 18.00 82.00 62.00 7.99 9.10 18.52 11.94
40.49 2233.61 1635.06 17.00 81.00 86.00 7.84 8.47 9.26 18.87
46.74 2035.95 1832.89 17.00 66.00 102.00 7.99 8.22 9.26 25.72
51.91 2004.00 2133.94 18.00 42.00 104.00 8.71 8.62 9.16 25.88
55.29 1902.56 2236.41 18.00 33.00 109.00 8.90 8.48 9.15 25.78
55.39 1888.04 2238.32 16.00 33.00 110.00 8.85 8.47 9.15 27.60
55.17 1824.18 2230.31 16.00 35.00 110.00 8.50 8.47 11.28 27.63
57.15 1773.36 2225.66 14.00 31.00 116.00 8.65 8.16 10.99 28.91
59.08 1685.50 2268.50 15.00 28.00 119.00 8.61 8.04 11.17 28.02
59.37 1674.69 2257.00 14.00 27.00 119.00 8.62 7.96 10.83 28.50
64.17 1475.65 2478.73 13.00 24.00 121.00 8.61 8.09 10.99 29.16
64.68 1431.27 2470.82 13.00 26.00 123.00 8.47 8.01 10.29 29.80
65.74 1395.36 2517.24 12.00 28.00 124.00 8.52 8.03 10.70 30.08
62.84 1543.01 2439.60 11.00 28.00 120.00 8.68 8.14 11.16 31.10
62.92 1482.63 2431.25 12.00 31.00 120.00 8.36 8.11 10.58 30.78
61.90 1538.90 2448.16 11.00 31.00 106.00 8.44 8.30 10.29 12.70
