36.56 2478.15 1834.45 22.00 73.00 12.00 9.36 12.06 16.36 4.13
34.29 2576.00 1660.82 20.00 75.00 11.00 9.39 11.63 17.07 4.10
33.35 2504.95 1644.65 21.00 80.00 11.00 8.99 11.84 17.15 4.22
33.21 2517.89 1611.43 19.00 78.00 13.00 9.02 11.66 16.99 4.87
29.13 2608.52 1399.05 19.00 82.00 11.00 8.80 11.54 17.21 4.96
28.33 2594.94 1400.82 20.00 82.00 10.00 8.66 11.88 17.30 4.97
30.11 2527.87 1433.69 18.00 80.00 13.00 8.65 11.42 17.67 5.56
30.30 2446.12 1417.05 17.00 80.00 14.00 8.38 11.22 18.41 5.56
32.10 2350.07 1428.03 17.00 80.00 18.00 8.27 10.67 18.15 5.85
29.06 2389.04 1297.18 17.00 81.00 16.00 8.04 10.71 18.84 5.51
31.99 2233.61 1335.51 17.00 81.00 33.00 7.84 10.02 9.26 6.66
39.13 2035.95 1469.80 17.00 66.00 61.00 7.99 9.00 9.26 12.26
46.28 1943.93 1635.06 17.00 41.00 86.00 8.64 8.47 9.26 18.87
52.88 1729.38 1805.06 16.00 31.00 102.00 8.77 8.18 9.53 26.36
54.33 1679.30 1926.08 15.00 30.00 102.00 8.79 8.49 9.77 28.05
57.94 1485.11 2029.99 15.00 29.00 107.00 8.44 8.39 9.41 27.92
59.50 1464.60 2023.46 12.00 25.00 110.00 8.64 8.14 9.01 31.10
56.56 1551.44 1878.61 13.00 26.00 108.00 8.53 7.95 11.56 30.24
61.03 1408.43 2018.96 12.00 24.00 114.00 8.64 7.91 11.54 30.35
65.61 1260.26 2146.32 11.00 21.00 119.00 8.76 7.83 11.67 31.19
63.02 1320.91 2022.80 12.00 23.00 116.00 8.53 7.68 10.79 30.31
67.31 1171.40 2229.54 11.00 21.00 116.00 8.56 7.93 11.11 30.66
66.99 1178.20 2229.12 9.00 21.00 116.00 8.53 7.97 10.20 33.11
69.26 1113.15 2306.64 9.00 21.00 118.00 8.65 7.98 10.31 32.49
64.67 1319.02 2209.34 9.00 23.00 100.00 8.92 8.19 11.21 13.11
58.87 1455.15 2129.31 11.00 30.00 73.00 8.45 8.68 10.62 13.66
56.45 1538.90 2148.61 11.00 31.00 54.00 8.44 9.13 10.29 12.70
