49.11 397.66 403.13 5.00 1.00 1.00 13.24 13.93 3.64 2.75
53.00 331.11 400.75 4.00 6.00 0.00 11.87 12.74 9.76 2.73
59.44 261.37 452.83 4.00 5.00 2.00 10.83 12.82 2.80 2.43
47.44 347.98 332.22 3.00 3.00 3.00 11.12 11.79 8.09 3.20
27.00 433.58 199.82 3.00 6.00 1.00 9.94 12.57 5.91 0.41
28.44 453.07 233.11 5.00 4.00 1.00 10.68 13.90 3.61 1.04
34.56 430.44 247.20 5.00 5.00 2.00 11.11 12.04 5.69 1.69
49.78 339.23 330.04 3.00 5.00 4.00 11.36 11.10 3.13 4.20
50.83 340.68 322.71 2.00 4.00 4.00 11.63 10.62 9.44 1.67
20.83 380.41 130.10 1.00 16.00 1.00 8.03 10.44 0.00 0.00
0.00 289.58 0.00 0.00 39.00 0.00 4.83 0.00 0.00 0.00
3.78 305.79 27.84 1.00 35.00 0.00 5.30 12.46 0.00 0.00
35.00 323.62 207.86 3.00 12.00 2.00 8.33 9.95 2.78 5.24
36.72 417.04 206.42 3.00 4.00 2.00 11.04 9.41 5.45 4.94
26.61 423.44 213.33 4.00 8.00 0.00 9.66 13.50 9.09 2.28
45.44 272.58 351.71 3.00 9.00 2.00 8.36 13.06 5.98 6.44
29.94 364.93 206.45 2.00 7.00 2.00 8.70 11.71 0.05 0.58
13.33 425.24 121.61 4.00 7.00 0.00 8.20 15.53 8.36 0.80
33.83 353.63 234.21 2.00 4.00 3.00 8.95 11.63 7.40 6.77
42.22 304.25 248.78 2.00 3.00 5.00 8.80 9.91 9.30 2.87
48.50 252.49 241.70 4.00 5.00 7.00 8.22 8.37 2.32 4.72
41.11 282.21 209.75 3.00 7.00 6.00 8.02 8.56 11.84 4.54
50.06 224.00 230.19 2.00 5.00 19.00 7.50 7.69 0.00 8.82
91.33 27.48 301.87 1.00 1.00 46.00 5.32 5.52 0.00 0.00
100.00 0.00 299.48 0.00 0.00 52.00 0.00 5.02 0.00 0.00
100.00 0.00 363.03 0.00 0.00 40.00 0.00 6.08 0.00 0.00
91.33 60.07 498.81 1.00 1.00 18.00 11.70 9.14 0.00 0.00
72.17 173.19 431.21 2.00 2.00 7.00 10.45 10.03 3.15 4.68
62.83 208.74 312.23 1.00 3.00 8.00 9.40 8.31 0.35 0.00
35.72 339.07 199.88 1.00 6.00 2.00 8.80 9.37 0.00 0.00
40.67 308.67 202.21 2.00 5.00 6.00 8.69 8.32 0.00 0.57
76.72 134.06 389.29 2.00 2.00 11.00 9.69 8.51 2.70 7.85
47.72 266.27 238.04 2.00 3.00 5.00 8.53 8.38 6.76 2.57
54.11 214.95 332.41 2.00 3.00 2.00 7.83 10.33 0.00 11.47
76.33 110.29 448.03 1.00 3.00 7.00 7.80 9.96 0.00 0.00
54.78 223.96 286.70 1.00 7.00 8.00 8.28 8.90 7.97 0.00
33.78 364.60 210.47 2.00 7.00 4.00 9.21 10.45 0.00 4.63
18.56 369.18 124.61 3.00 10.00 2.00 7.58 11.36 6.32 3.64
42.50 219.88 238.75 2.00 8.00 6.00 6.39 9.41 5.25 9.45
