42.53 1523.81 1303.72 17.00 17.00 6.00 11.16 12.94 6.58 3.07
44.67 1471.75 1296.47 15.00 19.00 8.00 11.19 12.21 6.67 3.74
42.96 1466.76 1223.46 14.00 20.00 9.00 10.80 11.97 6.85 4.10
36.62 1521.12 1025.47 12.00 30.00 9.00 10.07 11.77 8.99 4.26
28.10 1495.34 769.89 10.00 54.00 7.00 8.71 11.51 16.28 4.28
25.71 1478.72 721.08 10.00 62.00 6.00 8.33 11.78 22.29 4.41
30.10 1384.79 777.92 10.00 61.00 8.00 8.30 10.82 22.68 4.93
27.78 1443.48 694.39 8.00 61.00 7.00 8.36 10.46 23.80 4.89
28.11 1378.87 743.90 9.00 64.00 6.00 8.02 11.09 23.47 5.24
26.69 1377.18 716.06 8.00 64.00 5.00 7.85 11.26 24.25 5.65
22.89 1402.75 629.17 9.00 67.00 4.00 7.60 11.57 7.99 5.61
24.82 1422.01 707.57 11.00 55.00 4.00 7.90 12.01 8.21 5.30
31.35 1466.70 863.63 11.00 31.00 7.00 8.93 11.59 7.84 5.99
34.43 1419.69 929.08 12.00 23.00 9.00 9.05 11.35 8.85 5.76
34.72 1394.64 897.46 12.00 24.00 12.00 8.93 10.88 9.34 5.79
35.53 1284.44 932.82 12.00 26.00 13.00 8.33 11.05 10.16 5.71
40.58 1195.79 912.79 10.00 21.00 31.00 8.41 9.45 9.86 7.20
47.00 1039.18 883.84 10.00 18.00 57.00 8.20 7.88 10.12 15.04
58.10 830.85 1005.64 8.00 14.00 82.00 8.29 7.25 10.36 25.60
68.67 613.94 1124.76 6.00 11.00 98.00 8.19 6.86 10.76 39.98
72.47 537.14 1270.32 7.00 11.00 97.00 8.17 7.34 8.88 38.30
76.15 482.88 1306.92 6.00 10.00 100.00 8.48 7.18 8.92 39.56
76.06 492.81 1340.85 4.00 9.00 98.00 8.62 7.37 2.99 42.70
74.81 539.74 1296.64 4.00 9.00 97.00 8.96 7.25 13.78 43.64
73.71 577.58 1312.80 4.00 10.00 84.00 9.18 7.45 13.35 9.29
71.15 646.32 1384.59 5.00 10.00 61.00 9.38 8.15 12.48 8.96
60.64 843.84 1251.29 6.00 13.00 37.00 8.96 8.64 11.33 10.27
59.68 861.71 1353.84 7.00 13.00 23.00 8.94 9.51 11.15 10.02
56.89 894.13 1200.51 6.00 15.00 26.00 8.67 8.88 10.65 14.49
55.33 912.48 1209.88 6.00 18.00 23.00 8.54 9.20 11.35 13.56
49.62 1050.11 1098.74 7.00 18.00 22.00 8.71 9.32 9.00 13.41
51.04 942.89 1134.01 8.00 22.00 23.00 8.05 9.36 8.53 14.17
50.08 961.32 1135.35 7.00 21.00 22.00 8.05 9.55 8.33 13.77
