54.28 659.10 855.96 9.00 6.00 3.00 12.16 13.32 6.47 3.23
50.22 679.08 733.32 7.00 9.00 3.00 11.47 12.29 8.87 2.50
43.22 694.95 653.39 7.00 11.00 3.00 10.26 12.75 5.87 3.26
37.94 801.41 565.33 8.00 7.00 4.00 10.86 12.58 5.60 3.29
30.78 864.71 447.02 8.00 11.00 3.00 10.50 12.27 5.92 1.36
39.11 792.30 563.14 8.00 10.00 5.00 10.95 12.11 4.60 4.16
42.69 771.12 570.06 7.00 9.00 6.00 11.33 11.18 7.54 4.80
35.31 719.71 460.14 4.00 22.00 5.00 9.31 10.90 11.12 3.80
25.42 630.63 322.71 2.00 43.00 4.00 7.06 10.62 24.57 1.67
12.31 686.35 157.94 2.00 51.00 1.00 6.53 10.74 36.52 5.12
17.50 613.30 207.86 3.00 52.00 2.00 6.21 9.95 2.78 5.24
20.25 723.62 234.25 4.00 39.00 2.00 7.58 9.69 4.81 4.81
30.81 748.14 421.20 7.00 20.00 2.00 9.04 11.48 7.64 4.11
41.08 690.04 558.13 6.00 13.00 4.00 9.80 11.42 7.83 5.81
28.28 788.38 421.31 6.00 15.00 2.00 9.19 12.59 9.11 5.74
29.39 697.98 473.32 7.00 16.00 2.00 8.26 13.61 9.09 5.52
31.89 718.56 440.90 4.00 11.00 5.00 8.82 11.66 6.89 6.25
27.78 729.49 370.96 6.00 10.00 5.00 8.44 11.25 8.79 5.39
41.17 606.27 475.90 6.00 9.00 10.00 8.62 9.71 9.18 5.63
41.67 586.46 458.94 5.00 10.00 11.00 8.41 9.25 11.23 4.30
49.28 477.07 471.89 6.00 10.00 26.00 7.87 8.03 9.56 7.35
66.22 309.69 512.47 4.00 8.00 52.00 7.67 6.47 10.64 20.12
75.03 224.00 529.74 2.00 5.00 72.00 7.50 5.91 0.00 38.82
95.67 27.48 664.97 1.00 1.00 87.00 5.32 5.81 0.00 0.00
95.67 60.07 798.36 1.00 1.00 70.00 11.70 6.98 0.00 0.00
86.08 173.19 794.37 2.00 2.00 47.00 10.45 7.73 3.15 4.68
77.08 268.81 811.05 2.00 4.00 26.00 9.83 8.80 2.82 4.92
53.94 512.26 631.54 3.00 8.00 10.00 9.30 9.81 14.47 13.43
51.75 517.50 514.44 3.00 9.00 14.00 8.96 8.32 13.71 10.44
56.22 473.13 589.77 3.00 8.00 13.00 9.04 8.79 14.87 6.83
44.19 574.93 440.25 4.00 8.00 11.00 8.61 8.35 5.96 7.68
65.42 349.45 721.70 4.00 5.00 13.00 8.45 9.26 5.72 9.86
62.03 376.63 686.06 3.00 6.00 12.00 8.30 9.35 5.54 18.25
54.44 438.91 620.11 3.00 10.00 10.00 8.05 9.63 6.88 17.47
55.06 475.10 658.50 3.00 10.00 11.00 8.84 10.12 4.28 17.23
36.67 593.44 411.31 4.00 17.00 10.00 7.83 9.53 8.69 5.73
38.14 584.48 449.29 4.00 15.00 10.00 7.90 9.87 9.25 7.01
