44.19 1864.49 1626.59 19.00 21.00 10.00 11.24 12.40 7.11 3.92
34.37 1756.71 1223.46 14.00 59.00 9.00 8.97 11.97 15.24 4.10
29.48 1819.06 977.75 13.00 67.00 9.00 8.64 11.14 19.52 4.53
29.40 1809.31 991.26 14.00 69.00 8.00 8.58 11.31 20.35 4.58
28.48 1743.80 951.88 11.00 71.00 8.00 8.15 11.23 21.24 6.00
25.08 1756.38 863.63 11.00 71.00 7.00 7.83 11.59 7.84 5.99
34.78 1719.34 1105.32 15.00 36.00 14.00 8.82 10.69 8.71 5.68
37.79 1619.23 1127.65 14.00 29.00 31.00 8.71 10.03 9.92 6.91
52.47 1195.79 1212.34 10.00 21.00 84.00 8.41 7.76 9.86 23.72
64.74 890.93 1504.52 9.00 15.00 100.00 8.46 7.78 10.03 34.49
70.54 745.88 1582.55 8.00 14.00 105.00 8.48 7.51 7.75 35.93
68.98 801.57 1543.06 6.00 15.00 104.00 8.64 7.49 12.67 38.26
68.51 843.84 1550.84 6.00 13.00 89.00 8.96 7.58 11.33 10.27
63.78 954.20 1699.32 7.00 16.00 44.00 8.81 8.95 10.45 13.44
52.27 1258.94 1410.98 8.00 22.00 30.00 8.82 9.08 11.11 13.79
48.20 1269.99 1337.56 9.00 26.00 28.00 8.20 9.34 8.17 12.62
