45.19 1092.68 1056.52 12.00 12.00 4.00 11.17 13.17 6.69 3.26
42.96 1132.52 966.43 12.00 13.00 4.00 11.14 12.64 6.89 3.27
40.33 1126.08 900.59 12.00 16.00 5.00 10.57 12.54 5.93 3.16
41.89 1140.64 895.37 11.00 13.00 8.00 11.00 11.99 5.64 4.11
37.46 1205.39 769.89 10.00 15.00 7.00 10.79 11.51 7.06 4.28
33.02 1172.78 693.24 9.00 27.00 6.00 9.79 11.76 9.43 4.44
28.46 1061.07 570.06 7.00 48.00 6.00 8.29 11.18 19.63 4.80
24.80 1025.65 487.97 5.00 57.00 5.00 7.60 10.98 28.74 4.76
28.61 954.34 530.57 5.00 56.00 6.00 7.45 10.34 27.79 5.47
20.44 1104.18 364.35 5.00 55.00 3.00 7.73 9.95 28.35 5.01
20.54 1037.82 421.20 7.00 60.00 2.00 7.27 11.48 7.64 4.11
28.65 996.61 585.96 7.00 48.00 4.00 7.78 11.47 7.27 5.77
30.52 1113.08 629.17 9.00 27.00 4.00 8.93 11.57 7.99 5.61
31.83 1115.44 679.74 10.00 20.00 4.00 9.12 11.99 8.59 5.46
30.13 1142.00 655.76 8.00 19.00 5.00 9.11 12.23 8.51 6.25
33.67 1002.23 722.66 9.00 19.00 7.00 8.42 12.06 9.41 6.00
37.43 971.20 682.60 8.00 16.00 12.00 8.65 10.24 9.28 5.58
32.22 1011.70 581.11 9.00 17.00 11.00 8.32 10.11 10.27 5.28
44.13 830.85 706.09 8.00 14.00 29.00 8.29 8.95 10.36 7.21
58.22 613.94 761.66 6.00 11.00 57.00 8.19 7.30 10.76 17.86
66.19 477.07 771.43 6.00 10.00 79.00 7.87 6.51 9.56 28.87
77.48 309.69 875.57 4.00 8.00 93.00 7.67 6.30 10.64 45.90
80.46 284.07 1028.62 3.00 6.00 90.00 8.12 7.13 0.00 49.33
87.83 200.66 1096.31 3.00 3.00 94.00 9.23 6.96 2.97 46.21
84.72 268.81 1110.60 2.00 4.00 78.00 9.83 7.31 2.82 4.92
69.30 512.26 994.70 3.00 8.00 50.00 9.30 8.02 14.47 13.43
64.94 577.58 1013.25 4.00 10.00 32.00 9.18 8.70 13.35 9.29
61.54 646.32 1021.43 5.00 10.00 21.00 9.38 9.27 12.48 8.96
50.41 783.77 752.48 5.00 12.00 19.00 8.81 8.33 11.68 10.87
55.52 688.53 922.18 5.00 11.00 15.00 8.62 9.29 12.38 8.98
54.91 685.29 888.27 5.00 11.00 18.00 8.47 9.09 5.15 14.72
61.87 573.41 1009.40 5.00 12.00 21.00 8.39 9.16 6.73 14.55
52.61 741.44 896.54 5.00 13.00 16.00 8.72 9.59 9.11 15.25
42.48 808.39 744.72 6.00 20.00 12.00 7.83 9.88 8.78 15.52
50.87 694.98 897.31 5.00 18.00 17.00 7.89 9.92 8.55 15.11
