34.63 3621.24 2490.21 30.00 92.00 17.00 9.28 12.11 14.73 4.78
34.10 3578.64 2383.48 29.00 94.00 18.00 9.09 11.76 15.34 4.78
34.57 3476.15 2328.78 29.00 96.00 23.00 8.89 11.32 15.16 4.98
32.91 3529.75 2192.54 28.00 95.00 24.00 8.81 11.20 15.43 5.02
33.63 3439.37 2105.40 27.00 96.00 40.00 8.67 10.52 15.56 5.94
37.30 3208.88 2163.04 26.00 93.00 67.00 8.56 9.73 16.03 10.36
40.93 3005.10 2205.12 24.00 90.00 92.00 8.51 9.04 16.64 16.20
44.46 2755.81 2293.03 21.00 88.00 107.00 8.30 8.65 17.42 23.22
46.61 2634.73 2456.65 20.00 86.00 108.00 8.25 8.83 17.56 24.55
46.69 2589.70 2394.34 20.00 84.00 110.00 8.12 8.60 17.74 24.61
47.81 2502.42 2446.18 19.00 85.00 112.00 8.02 8.58 8.68 25.65
48.18 2548.21 2464.57 20.00 74.00 112.00 8.22 8.57 10.45 25.16
51.88 2521.50 2648.38 21.00 51.00 118.00 8.76 8.56 10.27 24.42
55.48 2375.70 2826.62 21.00 41.00 123.00 8.93 8.54 10.48 24.37
53.15 2463.07 2678.56 20.00 42.00 121.00 8.79 8.45 10.43 24.96
57.22 2173.63 2952.61 20.00 40.00 123.00 8.50 8.65 10.44 24.91
58.12 2149.99 2911.73 17.00 37.00 128.00 8.58 8.41 10.13 27.32
58.15 2124.85 2888.61 18.00 38.00 129.00 8.49 8.34 10.33 26.58
58.51 2149.87 2915.50 17.00 37.00 130.00 8.67 8.36 10.99 26.86
58.67 2069.09 2891.04 17.00 41.00 131.00 8.37 8.27 10.78 27.23
59.37 2015.97 2920.11 17.00 41.00 133.00 8.30 8.25 10.39 26.81
