36.82 2154.44 1626.59 19.00 60.00 10.00 9.54 12.40 13.69 3.92
33.88 2158.17 1454.40 17.00 71.00 9.00 9.12 12.03 18.37 3.93
34.47 2080.42 1431.32 17.00 72.00 11.00 8.87 11.62 18.23 4.32
31.17 2244.89 1259.72 16.00 69.00 11.00 9.10 11.32 17.93 4.42
29.00 2243.58 1191.08 17.00 75.00 9.00 8.82 11.50 18.09 4.25
30.83 2169.54 1279.21 16.00 75.00 10.00 8.75 11.62 18.45 5.08
29.49 2174.24 1199.23 16.00 76.00 10.00 8.60 11.39 19.02 5.31
28.31 2141.87 1167.71 15.00 77.00 9.00 8.33 11.55 19.37 5.45
29.37 2097.43 1186.33 13.00 75.00 11.00 8.27 11.31 19.31 6.14
27.06 2106.83 1087.02 14.00 74.00 10.00 8.04 11.26 19.87 5.67
28.98 2009.02 1105.32 15.00 76.00 14.00 7.88 10.69 8.71 5.68
30.44 2008.47 1167.08 16.00 65.00 15.00 8.04 10.75 9.34 5.52
37.32 1943.93 1335.51 17.00 41.00 33.00 8.64 10.02 9.26 6.66
45.03 1729.38 1441.96 16.00 31.00 61.00 8.77 8.95 9.53 12.50
48.16 1619.23 1427.20 14.00 29.00 84.00 8.71 8.29 9.92 20.53
55.57 1311.92 1598.64 13.00 27.00 100.00 8.23 8.04 9.97 28.94
58.94 1255.86 1711.22 11.00 22.00 102.00 8.53 8.11 9.75 32.11
60.03 1212.37 1678.28 12.00 20.00 105.00 8.46 7.81 9.47 30.79
64.43 1099.66 1816.76 10.00 18.00 108.00 8.62 7.87 9.08 32.95
63.76 1126.20 1756.43 9.00 19.00 108.00 8.66 7.69 12.44 34.72
65.56 1054.65 1784.76 10.00 20.00 111.00 8.54 7.59 11.79 32.64
69.51 956.01 1897.13 9.00 18.00 114.00 8.75 7.61 11.80 33.10
65.44 1067.84 1781.10 8.00 18.00 109.00 8.61 7.59 10.94 34.69
71.68 889.19 2018.94 8.00 14.00 110.00 8.75 7.86 10.81 33.60
69.81 954.20 1998.87 7.00 16.00 96.00 8.81 8.01 10.45 13.44
65.58 1085.67 2004.70 8.00 20.00 71.00 8.79 8.56 10.53 12.83
58.78 1319.02 1909.79 9.00 23.00 48.00 8.92 9.09 11.21 13.11
52.01 1455.15 1766.15 11.00 30.00 33.00 8.45 9.52 10.62 13.66
50.64 1478.82 1649.79 10.00 30.00 36.00 8.35 9.12 10.27 13.17
