44.19 1864.49 1626.59 19.00 21.00 10.00 11.24 12.40 7.11 3.92
39.90 1852.23 1426.57 16.00 36.00 9.00 10.35 12.03 9.19 3.85
34.37 1756.71 1223.46 14.00 59.00 9.00 8.97 11.97 15.24 4.10
30.06 1827.06 1053.30 13.00 65.00 9.00 8.75 11.79 19.59 4.29
29.48 1819.06 977.75 13.00 67.00 9.00 8.64 11.14 19.52 4.53
27.91 1896.55 927.50 13.00 66.00 8.00 8.81 11.16 19.80 4.57
29.40 1809.31 991.26 14.00 69.00 8.00 8.58 11.31 20.35 4.58
31.31 1716.48 1046.10 11.00 70.00 9.00 8.36 11.21 21.36 5.37
28.48 1743.80 951.88 11.00 71.00 8.00 8.15 11.23 21.24 6.00
24.02 1802.57 837.67 12.00 71.00 5.00 7.93 11.73 21.22 5.44
25.08 1756.38 863.63 11.00 71.00 7.00 7.83 11.59 7.84 5.99
28.30 1726.26 956.92 13.00 58.00 9.00 8.05 11.38 8.55 5.67
34.78 1719.34 1105.32 15.00 36.00 14.00 8.82 10.69 8.71 5.68
35.77 1701.90 1139.24 15.00 30.00 15.00 8.86 10.71 9.62 5.56
37.79 1619.23 1127.65 14.00 29.00 31.00 8.71 10.03 9.92 6.91
46.69 1311.92 1235.55 13.00 27.00 59.00 8.23 8.88 9.97 13.58
52.47 1195.79 1212.34 10.00 21.00 84.00 8.41 7.76 9.86 23.72
57.60 1039.18 1246.93 10.00 18.00 98.00 8.20 7.25 10.12 32.57
64.74 890.93 1504.52 9.00 15.00 100.00 8.46 7.78 10.03 34.49
69.37 787.13 1556.10 8.00 13.00 105.00 8.60 7.51 9.63 35.96
70.54 745.88 1582.55 8.00 14.00 105.00 8.48 7.51 7.75 35.93
68.07 821.95 1507.24 7.00 16.00 103.00 8.61 7.41 13.09 37.71
68.98 801.57 1543.06 6.00 15.00 104.00 8.64 7.49 12.67 38.26
75.19 673.80 1686.53 6.00 11.00 108.00 9.09 7.51 11.77 36.73
68.51 843.84 1550.84 6.00 13.00 89.00 8.96 7.58 11.33 10.27
67.74 861.71 1717.00 7.00 13.00 63.00 8.94 8.50 11.15 10.02
63.78 954.20 1699.32 7.00 16.00 44.00 8.81 8.95 10.45 13.44
58.70 1085.67 1641.54 8.00 20.00 31.00 8.79 9.40 10.53 12.83
52.27 1258.94 1410.98 8.00 22.00 30.00 8.82 9.08 11.11 13.79
47.98 1281.96 1334.49 9.00 28.00 25.00 8.24 9.36 11.00 13.36
48.20 1269.99 1337.56 9.00 26.00 28.00 8.20 9.34 8.17 12.62
