49.22 1457.07 1723.40 14.00 33.00 23.00 9.64 11.80 7.65 6.96
46.52 1442.16 1532.39 13.00 36.00 26.00 9.05 11.09 9.45 7.50
42.36 1537.94 1379.62 11.00 38.00 23.00 8.94 10.96 14.34 8.08
39.73 1580.44 1194.33 10.00 38.00 28.00 8.78 10.10 13.98 7.69
40.01 1630.74 1125.00 7.00 32.00 30.00 9.09 9.44 13.53 11.66
36.58 1704.54 1009.53 8.00 31.00 27.00 8.99 9.26 18.05 11.32
42.76 1516.89 1265.15 8.00 29.00 23.00 8.87 9.94 15.10 13.41
44.82 1452.20 1343.14 7.00 30.00 24.00 8.82 10.06 16.34 19.44
44.14 1463.41 1399.48 8.00 33.00 18.00 8.79 10.66 16.80 16.48
54.02 1147.60 1513.27 8.00 32.00 31.00 8.38 9.39 11.71 23.70
58.20 1098.95 1634.95 7.00 28.00 33.00 8.84 9.42 11.29 29.88
52.78 1289.23 1442.52 7.00 27.00 34.00 9.17 9.16 16.76 27.31
59.11 1082.60 1561.90 10.00 25.00 47.00 8.89 8.86 13.88 23.45
61.48 1054.93 1539.03 7.00 20.00 59.00 9.18 8.38 15.99 15.43
51.42 1249.79 1418.52 9.00 29.00 44.00 8.63 9.25 15.01 13.68
50.76 1244.09 1441.99 9.00 32.00 44.00 8.47 9.53 11.79 13.79
