42.90 3161.61 2732.93 22.00 64.00 50.00 9.28 10.71 14.17 8.93
42.41 3141.50 2639.54 22.00 65.00 49.00 9.14 10.46 14.08 8.93
44.64 2959.52 2797.54 21.00 65.00 49.00 8.96 10.54 14.49 10.49
45.91 2887.08 2879.83 19.00 64.00 49.00 8.94 10.54 14.54 13.41
43.59 2990.14 2722.76 18.00 68.00 47.00 8.88 10.50 15.63 14.02
41.99 3109.68 2634.94 17.00 68.00 44.00 8.98 10.55 15.41 14.20
41.94 3043.85 2593.87 18.00 71.00 46.00 8.79 10.39 15.44 13.98
45.84 2846.36 2676.86 16.00 65.00 57.00 8.81 9.80 15.43 14.86
47.02 2778.63 2638.27 15.00 64.00 61.00 8.79 9.41 15.85 19.12
47.73 2790.69 2670.57 15.00 61.00 61.00 8.95 9.38 15.69 22.94
47.39 2803.72 2644.48 15.00 59.00 60.00 8.93 9.36 15.51 22.72
44.64 2988.34 2562.44 15.00 60.00 52.00 9.05 9.63 17.11 23.03
47.77 2806.12 2708.25 15.00 56.00 57.00 9.00 9.51 15.95 22.76
50.44 2657.68 2861.79 17.00 54.00 64.00 8.99 9.52 15.84 21.94
51.97 2534.80 2906.41 17.00 55.00 71.00 8.85 9.38 15.96 21.79
55.39 2371.13 3052.69 16.00 51.00 84.00 8.91 9.24 16.40 23.59
52.81 2518.35 2938.51 15.00 53.00 77.00 8.95 9.33 16.72 23.76
50.77 2589.43 2794.79 16.00 57.00 73.00 8.82 9.23 16.70 23.01
52.72 2397.38 2932.52 17.00 61.00 75.00 8.51 9.33 13.77 22.38
53.01 2451.23 2962.18 17.00 59.00 74.00 8.75 9.37 14.36 22.51
54.48 2343.14 3076.94 16.00 60.00 77.00 8.64 9.47 14.42 22.66
