47.99 1757.07 1913.15 16.00 39.00 33.00 9.45 11.18 8.91 7.10
44.22 1852.45 1731.47 15.00 42.00 30.00 9.28 10.98 12.94 7.33
42.83 1883.30 1710.08 15.00 44.00 26.00 9.21 11.20 13.18 7.19
42.27 1857.77 1625.13 14.00 45.00 27.00 8.99 10.78 13.27 7.14
42.18 1834.69 1561.79 13.00 45.00 32.00 8.86 10.38 13.26 7.22
45.70 1740.04 1681.78 11.00 40.00 35.00 8.94 10.31 13.58 10.93
41.55 1895.96 1504.48 10.00 39.00 34.00 9.05 10.14 13.71 11.50
41.10 1875.89 1445.38 9.00 40.00 35.00 8.88 9.84 16.80 11.20
37.47 1981.87 1274.77 9.00 41.00 32.00 8.83 9.52 17.20 11.26
36.36 2020.54 1234.28 10.00 41.00 30.00 8.85 9.50 16.66 10.49
42.60 1817.36 1454.90 10.00 35.00 33.00 8.83 9.55 17.36 12.56
42.22 1855.00 1564.71 9.00 36.00 25.00 8.96 10.37 16.66 17.34
41.42 1892.86 1520.83 9.00 38.00 24.00 9.03 10.28 15.39 17.59
42.73 1879.22 1579.11 9.00 37.00 24.00 9.17 10.35 14.92 17.67
43.67 1760.16 1581.72 10.00 40.00 27.00 8.73 10.14 15.15 17.00
49.42 1594.56 1701.78 9.00 36.00 36.00 8.81 9.63 15.97 18.45
53.45 1463.41 1823.35 8.00 33.00 37.00 8.79 9.54 16.80 23.70
51.21 1549.62 1717.53 9.00 34.00 35.00 8.88 9.37 16.35 27.76
52.63 1450.02 1784.71 9.00 37.00 35.00 8.56 9.48 11.03 27.43
52.32 1538.56 1781.33 9.00 32.00 35.00 9.03 9.52 15.42 27.84
56.10 1401.83 1888.48 9.00 31.00 40.00 8.94 9.40 15.99 27.12
57.61 1368.63 1953.53 10.00 31.00 45.00 9.04 9.48 15.97 23.77
55.05 1458.57 1818.36 11.00 34.00 48.00 9.08 9.23 15.32 22.67
58.06 1341.53 1798.70 11.00 32.00 62.00 8.96 8.65 13.68 24.60
57.55 1362.90 1776.25 10.00 30.00 62.00 8.97 8.62 14.20 25.34
60.32 1218.78 1842.44 10.00 29.00 64.00 8.59 8.53 15.56 24.86
59.52 1249.79 1843.12 9.00 29.00 63.00 8.63 8.64 15.01 13.68
53.04 1480.76 1730.17 10.00 34.00 52.00 8.81 9.11 15.94 13.21
49.91 1546.61 1712.70 10.00 37.00 48.00 8.63 9.60 15.29 13.34
