44.62 2198.21 2090.84 18.00 47.00 33.00 9.52 11.27 12.41 6.88
42.89 2230.89 1936.10 17.00 48.00 32.00 9.36 10.85 12.32 6.79
42.61 2180.04 1892.25 17.00 51.00 35.00 9.10 10.67 12.42 6.60
47.06 1988.91 2046.52 15.00 48.00 40.00 9.00 10.45 12.79 9.90
43.38 2150.21 1871.95 13.00 46.00 38.00 9.08 10.36 13.25 10.62
40.44 2232.99 1731.39 12.00 48.00 36.00 8.96 10.28 16.53 10.88
39.15 2247.09 1654.24 12.00 48.00 36.00 8.83 10.14 16.53 11.03
40.83 2162.42 1677.83 12.00 46.00 38.00 8.74 9.85 16.09 10.54
42.51 2094.69 1720.14 11.00 45.00 38.00 8.71 9.71 16.66 12.31
42.83 2139.24 1785.53 10.00 43.00 35.00 8.95 10.00 16.25 16.48
41.48 2193.33 1710.58 11.00 44.00 34.00 8.97 9.89 17.25 16.32
38.48 2326.47 1684.56 11.00 48.00 25.00 9.05 10.51 16.53 16.36
40.91 2200.82 1759.41 12.00 48.00 27.00 8.92 10.32 14.46 15.69
47.34 1972.99 1907.04 11.00 42.00 38.00 8.97 9.66 14.46 17.14
51.71 1760.16 2005.60 10.00 40.00 46.00 8.73 9.29 15.15 22.35
54.72 1680.77 2139.03 10.00 37.00 48.00 8.89 9.36 15.58 27.03
52.34 1765.84 2094.80 9.00 38.00 41.00 8.88 9.59 15.59 27.43
46.12 2031.51 1830.23 10.00 40.00 36.00 9.03 9.51 18.11 26.52
51.63 1752.89 2038.24 11.00 40.00 42.00 8.68 9.46 15.11 25.28
54.98 1655.15 2186.14 13.00 37.00 48.00 8.82 9.53 14.55 23.97
57.57 1571.17 2264.32 13.00 38.00 54.00 8.89 9.42 14.71 23.59
61.43 1460.51 2349.69 11.00 34.00 67.00 9.09 9.16 15.21 24.60
54.29 1738.87 2032.71 11.00 39.00 63.00 9.12 8.96 15.28 24.60
53.99 1690.98 1962.30 12.00 41.00 64.00 8.81 8.70 14.31 23.56
56.43 1557.75 2080.34 12.00 39.00 66.00 8.57 8.83 13.66 23.25
56.17 1573.53 2058.73 12.00 39.00 66.00 8.60 8.77 15.79 23.18
57.06 1546.61 2137.31 10.00 37.00 67.00 8.63 8.97 15.29 13.34
