51.04 1179.60 1458.17 13.00 23.00 18.00 10.14 12.03 7.22 5.87
51.49 1120.96 1404.53 12.00 24.00 19.00 9.71 11.48 7.25 6.10
47.69 1142.16 1342.64 11.00 30.00 16.00 9.16 11.86 8.16 7.40
51.44 1032.08 1315.12 10.00 28.00 24.00 8.92 10.76 9.91 7.84
46.85 1096.80 1201.93 9.00 30.00 23.00 8.65 10.79 10.25 8.56
40.89 1230.46 1055.77 8.00 31.00 20.00 8.71 10.86 15.85 9.00
39.35 1283.69 1012.15 8.00 31.00 19.00 8.87 10.81 15.76 8.91
40.49 1251.80 974.38 7.00 29.00 21.00 8.80 10.10 14.43 8.06
37.36 1315.22 814.85 7.00 31.00 24.00 8.78 9.15 14.39 6.70
42.51 1241.07 952.22 6.00 27.00 26.00 9.03 9.40 14.39 11.97
39.53 1353.40 859.77 6.00 22.00 25.00 9.36 9.12 14.31 12.09
33.12 1449.78 781.01 6.00 28.00 17.00 9.07 9.89 17.03 12.48
35.26 1404.07 819.78 6.00 25.00 17.00 9.07 9.76 15.84 12.25
39.69 1289.05 908.00 7.00 23.00 19.00 8.94 9.61 15.10 11.81
47.35 1076.23 1087.47 6.00 21.00 23.00 8.55 9.64 16.27 14.80
51.38 1029.31 1253.99 5.00 19.00 22.00 8.86 10.25 16.70 20.84
45.71 1155.45 1160.90 5.00 23.00 15.00 8.92 10.67 18.70 20.27
36.43 1369.64 952.35 6.00 28.00 9.00 9.03 10.99 17.63 18.67
42.53 1147.60 1089.39 8.00 32.00 12.00 8.38 10.77 11.71 16.48
52.96 970.47 1231.39 7.00 25.00 22.00 8.67 9.76 11.71 18.98
61.33 796.53 1363.51 6.00 23.00 29.00 8.67 9.32 12.29 25.86
64.79 770.15 1436.03 5.00 20.00 31.00 9.20 9.29 12.61 32.00
54.57 986.36 1189.00 5.00 24.00 27.00 9.12 9.13 11.86 31.43
48.28 1133.06 997.73 6.00 24.00 27.00 9.19 8.66 16.81 29.51
57.29 913.26 1186.06 6.00 18.00 33.00 8.96 8.67 16.06 28.69
62.01 777.45 1282.68 8.00 17.00 40.00 8.58 8.66 16.26 25.85
64.42 774.63 1324.68 7.00 15.00 44.00 9.13 8.61 15.87 7.38
64.35 776.57 1350.29 7.00 15.00 48.00 9.14 8.79 15.37 15.43
51.85 1054.93 1114.43 7.00 20.00 40.00 9.18 9.01 15.99 15.43
50.10 1039.81 1076.78 7.00 23.00 38.00 8.73 9.01 16.76 15.18
52.86 947.27 1147.80 8.00 24.00 40.00 8.43 9.10 9.99 14.27
54.03 912.67 1179.56 8.00 27.00 39.00 8.33 9.16 12.48 14.27
52.04 941.31 1188.46 7.00 29.00 36.00 8.23 9.59 12.23 14.74
