55.33 314.71 380.76 3.00 3.00 7.00 11.89 11.59 4.72 4.98
46.61 373.12 310.96 3.00 2.00 5.00 11.73 11.21 5.42 1.17
45.22 345.36 330.11 4.00 6.00 3.00 10.62 12.30 5.52 1.74
55.17 248.87 364.64 4.00 8.00 4.00 9.39 11.14 4.79 3.34
54.39 253.95 367.47 3.00 7.00 4.00 9.36 11.40 3.38 4.88
36.50 357.02 286.01 3.00 8.00 1.00 9.44 13.30 10.96 3.87
49.22 265.08 379.48 3.00 7.00 4.00 8.79 13.00 2.14 9.28
67.67 141.88 442.81 2.00 5.00 8.00 7.36 10.99 0.00 2.67
41.94 277.34 265.24 1.00 10.00 5.00 7.98 10.64 0.00 0.00
46.44 284.24 220.82 1.00 7.00 10.00 8.86 7.98 14.53 0.00
41.83 300.00 189.75 2.00 6.00 10.00 8.64 7.59 9.48 7.78
12.94 447.25 105.39 2.00 11.00 1.00 8.60 13.69 0.00 0.88
24.39 440.66 177.69 2.00 8.00 0.00 9.78 12.28 0.00 3.45
34.89 378.43 204.56 2.00 6.00 2.00 9.75 9.87 1.17 1.32
41.28 296.75 182.18 2.00 7.00 9.00 8.45 7.40 3.08 0.07
75.78 131.14 420.68 1.00 3.00 13.00 9.04 9.32 0.00 0.00
50.61 315.52 310.09 0.00 1.00 6.00 10.66 10.30 0.00 0.00
8.89 492.95 48.80 1.00 8.00 1.00 9.03 9.27 0.00 0.00
24.78 350.84 149.76 2.00 9.00 2.00 7.80 10.14 6.52 4.60
39.22 286.53 232.35 3.00 6.00 3.00 7.91 9.97 7.72 1.88
72.72 112.59 445.38 2.00 4.00 6.00 6.96 10.30 0.00 14.98
81.61 118.69 550.99 0.00 2.00 5.00 10.89 11.34 0.00 0.00
34.72 375.97 255.10 1.00 9.00 1.00 9.71 12.32 0.00 0.00
16.00 471.19 119.86 2.00 12.00 0.00 9.44 12.71 7.33 0.47
37.89 307.97 237.22 3.00 10.00 3.00 8.32 10.59 7.33 1.70
75.00 92.76 327.93 2.00 5.00 14.00 6.24 7.32 0.00 13.37
100.00 0.00 423.87 0.00 0.00 19.00 0.00 7.08 0.00 0.00
86.56 86.21 436.63 1.00 1.00 12.00 10.82 8.43 0.00 0.00
45.67 302.42 270.72 1.00 5.00 4.00 9.32 9.97 8.23 0.00
15.56 481.89 112.21 1.00 6.00 1.00 9.54 12.24 0.00 0.00
45.61 302.77 253.53 2.00 3.00 7.00 9.33 9.30 0.00 9.32
70.94 116.59 403.52 4.00 5.00 13.00 6.75 9.56 1.76 3.43
66.39 169.34 375.84 4.00 7.00 13.00 8.51 9.53 2.72 6.81
84.33 91.88 396.06 1.00 3.00 22.00 9.95 7.86 4.53 0.00
49.72 280.30 214.34 0.00 5.00 15.00 9.31 7.21 0.00 0.00
29.56 348.89 163.60 1.00 9.00 2.00 8.30 9.28 0.00 0.00
49.72 194.30 304.09 2.00 9.00 4.00 6.51 10.25 2.23 2.82
31.28 354.67 216.29 2.00 9.00 2.00 8.65 11.65 0.00 2.72
42.33 296.75 294.19 1.00 8.00 4.00 8.62 11.74 0.00 0.00
