50.28 660.27 710.88 7.00 9.00 10.00 11.18 11.91 4.99 4.11
50.89 621.99 675.60 7.00 11.00 9.00 10.66 11.17 5.02 2.93
49.81 599.30 697.93 7.00 13.00 7.00 10.04 11.81 4.69 3.80
45.83 605.89 650.75 7.00 16.00 6.00 9.42 11.99 8.86 4.35
51.81 519.34 746.94 6.00 14.00 8.00 9.06 12.16 8.69 7.42
52.08 498.97 728.82 5.00 13.00 9.00 8.73 11.79 9.23 7.80
45.58 542.56 644.71 4.00 17.00 9.00 8.36 11.91 7.45 10.42
57.06 426.12 664.37 3.00 12.00 18.00 8.30 9.77 11.90 1.98
41.89 577.33 454.99 3.00 16.00 15.00 8.31 9.11 11.22 8.70
29.69 731.49 326.21 3.00 18.00 11.00 8.70 9.22 18.85 7.79
33.11 741.13 367.44 4.00 14.00 10.00 9.28 9.31 19.19 6.56
23.92 825.68 310.01 4.00 17.00 3.00 9.09 10.89 14.33 2.39
32.83 737.41 359.86 4.00 15.00 9.00 9.19 9.20 2.54 1.14
55.33 509.57 625.94 3.00 9.00 15.00 9.55 9.50 2.54 14.71
45.94 612.27 492.33 2.00 8.00 15.00 9.46 8.99 6.20 15.12
42.33 624.09 470.29 2.00 11.00 14.00 9.04 9.33 20.07 17.85
37.69 666.66 459.85 2.00 10.00 8.00 8.94 10.25 21.70 4.60
24.06 779.48 281.25 4.00 14.00 4.00 8.58 9.83 19.58 3.27
48.75 463.66 595.14 4.00 13.00 8.00 7.58 10.26 7.72 13.21
60.42 405.22 783.60 3.00 8.00 8.00 8.60 10.89 6.70 24.07
53.72 488.57 701.05 3.00 13.00 7.00 8.90 10.96 14.25 24.32
48.81 590.17 670.85 2.00 14.00 5.00 9.70 11.56 14.51 0.47
36.31 683.94 493.68 4.00 19.00 4.00 9.03 11.45 13.21 1.81
45.50 564.96 447.79 4.00 17.00 14.00 8.72 8.26 7.33 12.95
68.94 307.97 661.09 3.00 10.00 22.00 8.32 8.03 7.33 27.70
80.78 178.97 765.18 3.00 6.00 26.00 7.84 7.92 2.98 37.47
72.83 302.42 695.32 1.00 5.00 23.00 9.32 7.98 8.23 0.00
51.06 568.10 549.32 2.00 7.00 13.00 9.72 9.01 21.30 2.12
45.64 605.30 524.24 3.00 8.00 11.00 9.32 9.63 20.46 8.05
43.25 598.48 517.02 5.00 11.00 14.00 8.83 10.06 18.59 7.51
56.00 472.11 629.37 6.00 10.00 21.00 9.02 9.43 2.50 7.88
77.64 208.47 799.68 5.00 8.00 35.00 7.87 8.63 2.99 17.64
58.06 449.64 590.18 4.00 12.00 28.00 8.99 8.53 10.34 18.91
56.94 441.33 559.66 2.00 12.00 24.00 8.60 8.23 12.84 15.82
49.72 475.15 518.44 2.00 14.00 19.00 7.92 8.73 10.92 2.82
30.42 703.63 379.89 3.00 19.00 4.00 8.47 10.49 9.43 4.52
46.03 491.12 598.28 3.00 17.00 8.00 7.63 10.93 9.81 5.45
