44.20 2494.95 2273.01 20.00 54.00 42.00 9.37 10.81 11.86 6.38
47.00 2362.03 2357.48 18.00 51.00 45.00 9.34 10.54 11.97 9.47
43.61 2495.57 2202.41 17.00 52.00 41.00 9.27 10.61 12.54 9.68
42.28 2481.86 2096.13 16.00 56.00 41.00 9.00 10.42 15.71 9.85
41.06 2501.34 2021.71 15.00 55.00 40.00 8.88 10.35 15.59 10.25
40.29 2519.51 1963.84 15.00 54.00 39.00 8.83 10.24 15.57 10.14
43.35 2359.91 2099.62 14.00 52.00 42.00 8.72 10.17 16.07 12.01
45.93 2281.12 2229.08 12.00 48.00 43.00 8.83 10.18 15.70 15.27
41.53 2470.66 1975.82 12.00 54.00 39.00 8.85 9.98 16.56 15.84
39.47 2610.71 1905.39 12.00 55.00 35.00 9.03 10.14 16.22 15.74
41.03 2501.29 1949.16 14.00 54.00 37.00 8.89 9.97 16.25 14.83
43.04 2420.24 2012.49 13.00 53.00 39.00 8.90 9.81 16.10 16.19
48.30 2200.82 2183.28 12.00 48.00 46.00 8.92 9.48 14.46 20.90
52.24 2059.20 2344.29 12.00 43.00 50.00 9.04 9.41 14.24 25.17
50.96 2062.59 2277.04 11.00 45.00 50.00 8.81 9.37 14.31 25.69
49.83 2162.65 2251.72 11.00 43.00 49.00 9.03 9.48 17.42 26.02
51.50 2068.71 2348.33 11.00 41.00 48.00 8.94 9.56 17.88 25.28
49.22 2148.10 2235.03 14.00 45.00 49.00 8.87 9.52 17.42 23.14
53.47 1922.23 2414.08 15.00 47.00 56.00 8.67 9.47 14.08 22.35
58.65 1747.03 2582.30 14.00 40.00 70.00 8.87 9.23 14.05 24.51
56.59 1851.46 2478.66 13.00 43.00 69.00 8.95 9.18 14.75 24.98
57.44 1809.96 2513.29 12.00 43.00 69.00 8.93 9.17 15.33 23.56
53.72 1933.73 2336.80 13.00 48.00 67.00 8.77 9.11 14.66 22.70
51.15 2045.73 2178.58 14.00 51.00 66.00 8.78 8.92 14.54 22.09
54.67 1854.57 2374.53 13.00 47.00 70.00 8.57 9.11 14.06 22.39
