44.91 2810.48 2583.17 20.00 55.00 48.00 9.50 10.75 12.07 9.14
42.77 2854.98 2407.09 19.00 59.00 46.00 9.29 10.51 14.75 9.41
41.52 2846.70 2352.17 19.00 61.00 43.00 9.06 10.58 14.75 9.40
41.94 2768.39 2328.58 19.00 62.00 44.00 8.88 10.37 14.86 9.31
44.57 2614.16 2467.09 17.00 59.00 46.00 8.78 10.34 15.26 11.29
44.88 2638.21 2515.09 15.00 56.00 44.00 8.90 10.46 15.20 14.62
42.39 2735.88 2355.29 15.00 61.00 43.00 8.84 10.37 16.29 15.01
42.60 2752.59 2348.93 14.00 60.00 43.00 8.93 10.29 15.78 14.91
41.13 2778.63 2214.40 15.00 64.00 42.00 8.79 10.05 15.85 14.60
43.42 2704.48 2233.32 14.00 60.00 49.00 8.90 9.59 15.85 15.64
47.58 2501.29 2373.03 14.00 54.00 56.00 8.89 9.29 16.25 19.71
47.88 2506.45 2449.75 14.00 54.00 51.00 8.96 9.53 15.95 23.74
48.01 2503.25 2454.73 13.00 53.00 50.00 8.97 9.53 13.75 24.07
48.17 2541.09 2456.98 13.00 49.00 51.00 9.13 9.51 16.06 24.34
50.36 2365.46 2530.57 13.00 48.00 57.00 8.87 9.36 16.54 24.09
52.17 2279.25 2656.53 15.00 48.00 62.00 8.88 9.49 16.84 23.13
53.15 2238.05 2724.17 15.00 48.00 62.00 8.90 9.55 16.95 22.35
53.12 2239.98 2631.19 15.00 48.00 71.00 8.91 9.23 16.90 23.76
53.06 2202.53 2628.42 15.00 52.00 71.00 8.75 9.23 14.18 23.76
55.42 2096.49 2745.90 15.00 49.00 72.00 8.77 9.23 14.28 23.69
55.83 2046.32 2782.75 15.00 52.00 73.00 8.64 9.29 14.22 23.36
54.54 2164.70 2729.58 14.00 53.00 71.00 8.88 9.33 15.24 22.09
52.45 2230.55 2630.99 14.00 56.00 71.00 8.75 9.35 14.81 21.95
