40.64 754.52 651.44 6.00 9.00 5.00 10.66 13.49 7.72 3.07
31.64 849.68 512.52 5.00 10.00 3.00 10.41 13.67 18.56 3.02
32.36 692.28 478.91 5.00 21.00 5.00 8.57 12.44 19.17 2.34
19.50 898.73 282.14 3.00 23.00 2.00 9.34 12.14 22.55 1.93
15.69 875.16 220.84 3.00 26.00 2.00 8.68 11.81 15.83 1.93
28.25 709.01 393.71 5.00 25.00 4.00 8.27 11.69 16.10 1.59
22.42 845.75 327.17 5.00 18.00 2.00 9.12 12.27 13.61 1.67
25.81 763.18 371.12 5.00 19.00 3.00 8.60 12.08 10.45 1.89
33.83 643.42 476.18 5.00 18.00 4.00 8.14 11.81 9.68 3.58
27.39 674.33 367.01 4.00 19.00 3.00 7.76 11.26 11.72 4.19
27.28 659.64 370.42 4.00 18.00 3.00 7.58 11.42 10.20 4.54
27.78 650.92 369.61 4.00 16.00 4.00 7.54 11.20 10.53 2.72
23.39 706.05 313.16 5.00 19.00 4.00 7.71 11.28 7.05 2.51
18.00 718.37 225.30 4.00 28.00 4.00 7.33 10.54 15.63 2.32
30.69 599.56 372.26 4.00 25.00 9.00 7.24 10.18 17.56 5.55
22.86 614.67 268.79 3.00 28.00 7.00 6.66 9.86 18.81 6.41
43.28 442.21 353.83 3.00 19.00 28.00 6.52 6.84 17.77 9.82
57.36 312.62 470.14 3.00 13.00 39.00 6.14 6.85 15.19 14.50
50.89 338.62 373.00 3.00 19.00 38.00 5.76 6.12 5.47 15.47
73.08 191.13 638.14 3.00 13.00 42.00 5.95 7.30 6.68 15.52
49.03 392.97 504.81 2.00 21.00 19.00 6.44 8.61 10.20 15.40
36.72 562.29 422.46 3.00 23.00 9.00 7.42 9.63 28.72 16.79
41.33 521.67 488.51 3.00 20.00 10.00 7.43 9.91 24.61 5.35
31.83 620.42 383.86 4.00 21.00 8.00 7.60 10.13 6.55 6.25
35.47 599.82 425.20 4.00 23.00 10.00 7.77 10.07 9.09 6.42
33.92 583.31 429.87 3.00 25.00 9.00 7.38 10.65 17.84 5.60
35.19 590.78 383.59 3.00 22.00 10.00 7.62 9.14 18.23 8.15
36.97 554.04 373.52 5.00 22.00 11.00 7.36 8.48 17.76 6.89
33.33 603.46 332.50 5.00 18.00 9.00 7.58 8.36 11.52 6.89
34.97 630.03 353.09 5.00 13.00 9.00 8.11 8.47 14.81 1.99
42.97 565.01 441.94 5.00 11.00 10.00 8.29 8.63 16.19 9.70
30.92 661.98 308.93 2.00 19.00 9.00 8.01 8.36 6.72 12.58
32.67 507.41 333.43 3.00 35.00 9.00 6.30 8.55 7.26 12.87
27.69 420.45 255.96 2.00 51.00 9.00 4.86 7.73 11.10 14.52
4.17 561.14 41.79 1.00 66.00 1.00 4.89 8.47 26.10 0.00
1.75 426.83 24.50 1.00 86.00 0.00 3.62 11.85 0.00 0.00
0.00 398.50 0.00 0.00 94.00 0.00 3.32 0.00 0.00 0.00
