30.06 2273.92 1348.45 14.00 54.00 11.00 9.07 12.56 15.16 3.16
29.09 2233.17 1273.47 14.00 54.00 10.00 8.78 12.27 15.81 3.09
27.35 2197.73 1177.38 14.00 58.00 10.00 8.43 12.06 16.05 3.09
24.36 2312.96 1023.28 12.00 58.00 9.00 8.52 11.76 15.45 3.12
24.31 2224.77 1010.17 13.00 64.00 10.00 8.19 11.64 12.10 3.08
24.55 2102.08 986.03 13.00 72.00 11.00 7.76 11.25 14.23 3.10
26.80 2105.02 1070.73 13.00 61.00 14.00 8.02 11.19 13.47 4.33
25.48 2028.87 1009.93 12.00 63.00 14.00 7.59 11.09 13.98 4.44
33.50 1792.16 1143.17 13.00 56.00 36.00 7.52 9.54 14.11 7.08
34.25 1705.54 1062.73 11.00 60.00 46.00 7.23 8.67 14.47 10.72
36.29 1598.50 1115.68 11.00 62.00 50.00 6.99 8.59 13.28 10.68
41.24 1457.78 1276.55 10.00 57.00 53.00 6.92 8.64 14.19 13.79
38.56 1541.64 1171.90 10.00 59.00 52.00 6.99 8.48 14.07 13.79
37.36 1593.38 1118.18 10.00 64.00 52.00 7.09 8.35 19.26 14.11
40.97 1460.47 1233.84 10.00 64.00 57.00 6.90 8.40 19.52 13.55
42.59 1427.19 1290.80 10.00 63.00 57.00 6.93 8.46 19.20 13.53
42.59 1435.00 1283.93 9.00 63.00 58.00 6.96 8.41 17.25 13.53
42.67 1458.32 1322.55 9.00 61.00 57.00 7.09 8.65 19.92 13.62
42.47 1451.07 1245.25 9.00 61.00 59.00 7.03 8.18 19.55 13.98
47.30 1365.59 1395.84 12.00 57.00 61.00 7.23 8.24 18.29 13.06
39.28 1596.40 1262.51 11.00 62.00 38.00 7.33 8.98 18.40 10.43
35.20 1775.63 1205.59 11.00 61.00 27.00 7.64 9.57 20.20 10.49
39.83 1677.46 1314.41 11.00 53.00 31.00 7.77 9.22 20.14 8.36
33.24 1836.94 1066.63 11.00 62.00 28.00 7.67 8.97 16.54 8.94
33.82 1710.83 1091.13 12.00 77.00 28.00 7.21 9.02 16.20 8.89
32.19 1634.15 1039.02 10.00 89.00 27.00 6.72 9.02 18.75 9.16
27.44 1716.93 867.62 9.00 99.00 21.00 6.59 8.84 25.32 9.39
23.21 1643.86 706.95 8.00 127.00 20.00 5.96 8.51 34.06 9.89
22.00 1509.59 665.93 8.00 148.00 18.00 5.39 8.45 44.54 9.89
