34.93 1116.94 811.47 8.00 24.00 7.00 9.59 13.02 15.32 2.87
29.96 1183.58 691.54 7.00 28.00 5.00 9.43 12.96 18.32 2.48
24.20 1205.76 539.71 6.00 32.00 5.00 8.87 12.50 20.05 2.42
22.96 1273.84 497.05 6.00 30.00 4.00 9.23 12.10 20.02 1.93
22.78 1207.49 487.20 7.00 34.00 4.00 8.72 11.97 15.55 1.91
26.07 1097.22 549.92 7.00 37.00 5.00 8.27 11.81 14.42 1.70
25.19 1156.91 536.98 6.00 29.00 4.00 8.62 11.93 11.24 3.50
28.22 1049.46 581.93 7.00 26.00 5.00 8.15 11.54 11.60 3.58
30.50 991.90 637.67 8.00 25.00 5.00 7.96 11.71 10.90 3.51
25.76 1038.97 526.22 6.00 28.00 5.00 7.80 11.46 9.72 3.81
25.83 1017.28 522.09 6.00 30.00 6.00 7.64 11.33 8.04 3.99
23.02 1004.86 435.70 6.00 35.00 6.00 7.28 10.62 13.67 2.40
28.41 948.04 533.75 7.00 32.00 10.00 7.39 10.53 14.21 4.94
22.74 979.20 428.00 5.00 37.00 9.00 7.07 10.54 16.51 5.37
36.50 800.19 505.50 5.00 31.00 31.00 7.03 7.73 18.64 9.30
42.74 666.46 536.51 5.00 32.00 41.00 6.49 7.00 19.24 14.26
46.74 580.81 593.59 5.00 32.00 44.00 6.08 7.08 13.60 13.42
59.46 452.92 840.57 4.00 22.00 47.00 6.23 7.88 13.40 14.26
48.72 592.99 638.14 3.00 27.00 42.00 6.44 7.30 10.20 15.52
51.98 613.21 690.17 5.00 27.00 43.00 7.12 7.40 21.96 17.71
45.44 660.28 728.25 5.00 33.00 25.00 6.74 8.95 19.93 12.93
42.44 760.62 754.29 5.00 31.00 16.00 7.36 9.93 21.64 12.75
38.44 854.18 690.27 4.00 31.00 14.00 7.73 10.04 19.44 6.42
25.87 1005.39 481.98 5.00 38.00 10.00 7.56 10.43 19.22 6.33
36.22 858.08 607.10 6.00 34.00 17.00 7.50 9.37 17.52 7.77
42.61 752.38 705.59 7.00 30.00 18.00 7.32 9.26 15.40 6.79
33.11 936.12 534.19 6.00 29.00 12.00 7.81 9.03 17.15 6.59
27.96 1015.00 451.00 6.00 30.00 11.00 7.86 9.03 19.25 6.34
41.22 823.12 624.14 7.00 22.00 17.00 7.81 8.46 14.80 9.29
40.61 831.55 584.55 6.00 24.00 18.00 7.81 8.04 14.53 9.93
31.43 852.75 483.73 6.00 43.00 11.00 6.93 8.61 15.18 10.29
21.78 881.27 333.43 3.00 59.00 9.00 6.27 8.55 16.34 12.87
21.78 780.81 333.43 3.00 69.00 9.00 5.56 8.55 29.68 12.87
18.46 628.50 255.96 2.00 97.00 9.00 4.29 7.73 41.10 14.52
2.78 686.47 41.79 1.00 126.00 1.00 3.93 8.47 56.10 0.00
