29.17 2622.39 1509.95 17.00 61.00 12.00 8.85 12.43 14.79 3.21
28.15 2597.81 1432.68 16.00 63.00 12.00 8.64 12.23 14.86 3.04
26.72 2555.38 1329.05 16.00 70.00 13.00 8.33 11.94 14.85 3.03
22.81 2666.91 1089.37 14.00 77.00 11.00 8.25 11.46 15.95 3.07
26.33 2466.76 1230.77 15.00 77.00 16.00 8.00 11.22 14.29 4.10
25.64 2362.90 1188.73 14.00 81.00 16.00 7.59 11.12 14.66 4.22
29.84 2305.65 1203.97 14.00 67.00 36.00 7.85 9.67 14.08 6.92
33.63 2080.66 1277.65 14.00 67.00 48.00 7.49 9.10 14.15 9.78
36.38 1930.77 1382.93 15.00 69.00 52.00 7.25 9.10 13.38 9.46
38.45 1845.84 1433.16 12.00 69.00 54.00 7.16 8.92 13.60 12.69
37.44 1852.87 1380.82 11.00 70.00 54.00 7.07 8.83 13.18 13.15
36.75 1879.87 1328.58 12.00 71.00 54.00 7.10 8.65 17.54 13.29
38.52 1808.95 1395.34 13.00 71.00 58.00 7.03 8.67 17.46 12.64
39.72 1791.71 1450.01 12.00 72.00 59.00 7.10 8.74 17.77 12.80
39.79 1792.98 1435.60 11.00 75.00 61.00 7.11 8.63 17.82 12.89
38.50 1812.16 1388.91 11.00 80.00 59.00 7.04 8.63 20.21 13.20
41.90 1693.26 1465.84 11.00 74.00 65.00 6.96 8.37 19.21 13.13
45.14 1627.38 1598.27 13.00 66.00 66.00 7.09 8.47 18.31 12.59
40.54 1796.41 1395.84 12.00 68.00 61.00 7.22 8.24 18.40 13.06
41.96 1826.55 1473.31 13.00 65.00 61.00 7.52 8.40 18.81 12.74
41.81 1816.06 1554.15 13.00 66.00 46.00 7.46 8.90 18.77 10.72
37.59 1977.15 1437.05 12.00 72.00 36.00 7.57 9.15 19.39 11.41
35.33 1965.20 1356.20 12.00 85.00 32.00 7.26 9.19 18.81 8.89
28.99 2056.23 1091.13 12.00 102.00 28.00 6.92 9.02 18.97 8.89
28.99 1984.23 1091.13 12.00 111.00 28.00 6.67 9.02 24.39 8.89
27.60 1842.20 1039.02 10.00 135.00 27.00 6.07 9.02 31.49 9.16
23.52 1842.25 867.62 9.00 159.00 21.00 5.75 8.84 40.68 9.39
