29.51 3222.02 1882.21 21.00 86.00 21.00 8.50 11.91 15.15 3.85
26.98 3212.58 1701.47 19.00 91.00 19.00 8.18 11.78 15.84 3.86
30.40 2997.99 1682.88 19.00 89.00 41.00 8.01 10.32 16.48 6.09
30.49 2979.53 1559.79 17.00 90.00 50.00 7.97 9.53 16.36 9.03
31.78 2805.99 1603.77 18.00 96.00 54.00 7.64 9.40 14.16 8.79
36.19 2555.00 1826.87 17.00 94.00 58.00 7.44 9.40 14.28 11.29
34.10 2698.62 1708.88 16.00 88.00 56.00 7.61 9.33 13.44 11.53
34.31 2643.05 1700.10 17.00 90.00 57.00 7.48 9.22 16.44 11.47
37.48 2452.44 1871.51 18.00 89.00 62.00 7.29 9.30 16.04 11.08
36.98 2466.26 1817.02 16.00 91.00 62.00 7.27 9.15 15.94 11.55
37.01 2452.68 1806.02 15.00 93.00 64.00 7.23 9.09 15.48 11.83
36.12 2463.18 1758.52 15.00 96.00 63.00 7.16 9.07 17.69 12.04
37.78 2399.72 1779.00 16.00 93.00 69.00 7.17 8.76 17.75 11.99
39.11 2345.75 1823.84 17.00 94.00 70.00 7.16 8.68 18.23 11.68
38.35 2396.59 1768.10 16.00 93.00 70.00 7.22 8.58 18.66 11.84
37.72 2442.19 1742.10 16.00 93.00 68.00 7.29 8.60 19.32 11.93
42.14 2258.27 1908.07 16.00 85.00 75.00 7.25 8.43 18.65 12.28
41.98 2289.87 1907.20 15.00 85.00 75.00 7.33 8.45 18.16 12.66
38.79 2303.82 1729.27 15.00 104.00 70.00 6.99 8.30 17.78 13.03
38.79 2247.36 1729.27 15.00 116.00 70.00 6.82 8.30 19.66 13.03
33.44 2377.21 1595.93 14.00 132.00 47.00 6.63 8.89 23.86 11.01
29.62 2404.49 1461.55 13.00 158.00 36.00 6.34 9.19 31.08 11.35
27.48 2363.93 1356.20 12.00 179.00 32.00 6.05 9.19 37.76 8.89
