28.39 2980.04 1661.61 19.00 73.00 15.00 8.71 12.30 13.89 3.14
26.32 2951.76 1498.77 18.00 82.00 14.00 8.38 11.97 15.68 3.01
28.19 2797.37 1549.64 18.00 83.00 19.00 8.15 11.55 16.14 3.89
23.99 2927.73 1292.07 15.00 86.00 16.00 8.05 11.31 16.14 4.10
29.05 2667.39 1364.00 16.00 83.00 38.00 7.86 9.84 14.75 6.54
32.75 2414.70 1456.44 16.00 85.00 50.00 7.51 9.32 14.86 9.31
32.82 2444.25 1443.73 16.00 80.00 52.00 7.61 9.22 13.46 9.25
37.38 2220.97 1648.07 15.00 76.00 56.00 7.41 9.23 13.49 11.77
37.38 2185.13 1648.07 15.00 77.00 56.00 7.30 9.23 13.42 11.77
34.87 2267.92 1485.19 14.00 83.00 55.00 7.28 8.92 16.86 12.36
37.55 2120.17 1604.26 14.00 82.00 60.00 7.09 8.95 16.42 12.19
38.89 2078.20 1660.41 14.00 79.00 61.00 7.11 8.94 16.50 12.29
37.79 2141.46 1597.09 14.00 82.00 62.00 7.19 8.85 16.30 12.24
36.50 2176.69 1548.12 13.00 89.00 61.00 7.16 8.88 18.98 12.52
39.53 2051.24 1617.51 13.00 86.00 68.00 7.09 8.57 19.29 12.56
41.19 1981.23 1664.63 15.00 85.00 68.00 7.04 8.46 19.25 12.19
40.28 2038.61 1616.43 14.00 81.00 67.00 7.14 8.40 18.34 12.38
40.74 2088.34 1675.74 14.00 74.00 66.00 7.37 8.61 18.69 12.33
42.60 2016.08 1687.48 14.00 72.00 69.00 7.34 8.29 18.77 12.84
43.20 2028.07 1704.77 14.00 76.00 70.00 7.47 8.26 18.21 13.08
37.62 2103.81 1595.93 14.00 98.00 47.00 7.05 8.89 17.78 11.01
33.33 2196.44 1461.55 13.00 112.00 36.00 6.88 9.19 20.74 11.35
30.92 2238.60 1356.20 12.00 119.00 32.00 6.77 9.19 25.18 8.89
25.37 2264.28 1091.13 12.00 148.00 28.00 6.34 9.02 31.10 8.89
25.37 2109.56 1091.13 12.00 171.00 28.00 5.90 9.02 38.44 8.89
