28.17 1630.42 872.28 9.00 35.00 7.00 9.50 13.02 17.09 2.88
29.94 1558.69 906.46 10.00 35.00 7.00 9.31 12.73 17.29 2.36
27.39 1538.10 806.08 10.00 40.00 7.00 8.86 12.37 18.49 2.36
22.65 1662.05 653.26 8.00 42.00 5.00 8.99 12.10 17.47 1.91
24.76 1518.65 697.01 8.00 45.00 6.00 8.44 11.81 13.50 3.19
27.82 1383.49 760.72 9.00 44.00 7.00 8.01 11.48 14.23 3.31
24.85 1505.39 698.47 9.00 36.00 5.00 8.37 11.81 11.84 3.38
26.79 1414.10 741.14 9.00 35.00 7.00 8.08 11.62 10.62 3.40
28.61 1349.54 789.34 10.00 37.00 8.00 7.91 11.59 9.68 3.33
22.69 1392.92 592.32 8.00 47.00 7.00 7.53 10.98 12.67 3.67
28.99 1259.27 742.68 8.00 43.00 12.00 7.41 10.76 13.38 5.17
25.32 1265.69 638.40 7.00 44.00 11.00 7.09 10.59 14.68 4.94
33.33 1148.67 666.99 8.00 38.00 32.00 7.21 8.39 15.43 8.49
37.68 1030.99 695.72 7.00 41.00 43.00 6.92 7.73 16.71 12.75
40.79 938.79 745.26 7.00 44.00 47.00 6.63 7.64 16.32 12.27
47.97 806.77 906.94 6.00 41.00 49.00 6.49 7.90 17.15 15.55
46.15 835.18 858.74 5.00 40.00 48.00 6.48 7.78 13.74 15.41
47.04 875.01 892.60 6.00 36.00 48.00 6.90 7.94 20.66 16.17
46.11 860.29 861.58 6.00 39.00 48.00 6.67 7.81 19.93 15.85
52.46 811.54 1022.01 7.00 35.00 50.00 7.13 8.15 18.29 14.85
42.25 992.79 930.01 6.00 44.00 29.00 7.18 9.22 17.10 11.81
35.32 1145.60 852.40 6.00 48.00 18.00 7.40 10.12 22.85 12.22
38.26 1112.45 872.17 6.00 42.00 21.00 7.53 9.55 21.69 7.77
34.40 1174.46 757.70 9.00 43.00 19.00 7.49 9.24 15.07 6.82
34.40 1203.43 757.70 9.00 41.00 19.00 7.67 9.24 16.06 6.82
34.44 1213.34 783.06 8.00 38.00 18.00 7.74 9.54 17.10 6.50
39.08 1155.78 825.83 8.00 33.00 20.00 7.94 8.86 17.99 8.73
33.94 1216.53 682.46 7.00 41.00 20.00 7.70 8.43 18.15 10.09
33.00 1110.87 665.93 8.00 54.00 18.00 6.94 8.45 14.35 9.89
31.33 1050.84 609.05 7.00 64.00 18.00 6.40 8.15 18.84 9.53
23.57 1126.15 483.73 6.00 77.00 11.00 6.15 8.61 27.81 10.29
16.33 1089.32 333.43 3.00 105.00 9.00 5.43 8.55 43.54 12.87
16.33 906.13 333.43 3.00 129.00 9.00 4.52 8.55 57.53 12.87
