29.92 1962.76 1138.64 13.00 43.00 9.00 9.38 12.79 16.33 2.76
28.30 1946.90 1062.66 12.00 47.00 8.00 9.09 12.64 16.33 2.27
28.06 1849.26 1015.89 11.00 51.00 9.00 8.60 12.17 16.74 3.03
24.73 1948.32 864.07 10.00 49.00 7.00 8.66 11.73 16.94 3.21
24.58 1867.13 858.51 11.00 52.00 7.00 8.28 11.73 13.40 3.17
26.76 1748.13 919.93 11.00 53.00 9.00 7.98 11.56 12.97 3.20
24.47 1863.03 850.14 11.00 48.00 8.00 8.25 11.68 10.45 3.24
24.13 1768.04 807.23 11.00 54.00 9.00 7.79 11.24 13.24 3.30
30.58 1591.53 1009.93 12.00 50.00 14.00 7.67 11.09 13.22 4.44
24.60 1653.74 795.02 9.00 56.00 12.00 7.33 10.86 13.85 4.88
32.81 1459.90 875.92 9.00 49.00 34.00 7.27 8.95 13.99 8.13
36.76 1317.48 906.12 9.00 48.00 45.00 6.97 8.26 15.16 11.77
37.40 1287.27 906.75 10.00 51.00 48.00 6.88 8.12 14.18 11.16
42.88 1171.29 1066.15 8.00 50.00 51.00 6.86 8.32 15.30 14.57
41.51 1193.16 1010.40 7.00 52.00 51.00 6.82 8.15 15.72 14.80
40.33 1228.85 958.97 8.00 55.00 50.00 6.89 7.96 21.13 15.26
44.58 1102.49 1082.18 8.00 52.00 54.00 6.65 8.12 19.35 14.44
48.41 1073.34 1224.44 8.00 44.00 55.00 6.95 8.47 18.18 13.89
43.42 1192.80 1063.34 7.00 50.00 52.00 7.05 8.20 17.10 14.54
44.76 1196.52 1120.12 8.00 52.00 52.00 7.24 8.38 20.45 14.44
41.34 1251.05 1111.91 8.00 55.00 36.00 7.13 9.01 19.55 11.46
40.26 1314.67 1128.12 10.00 53.00 27.00 7.36 9.40 19.87 10.85
36.40 1457.79 1022.77 9.00 49.00 23.00 7.67 9.43 19.90 6.82
29.51 1635.42 835.17 10.00 51.00 19.00 7.76 9.50 17.04 6.54
38.92 1423.09 1049.34 11.00 45.00 27.00 7.80 9.04 17.01 8.36
37.93 1414.86 1014.52 9.00 49.00 27.00 7.63 8.97 16.41 9.13
32.93 1443.53 867.62 9.00 65.00 21.00 7.20 8.84 16.60 9.39
27.86 1435.81 706.95 8.00 81.00 20.00 6.66 8.51 20.26 9.89
26.40 1384.26 665.93 8.00 88.00 18.00 6.29 8.45 26.47 9.89
25.07 1258.89 609.05 7.00 110.00 18.00 5.61 8.15 35.27 9.53
18.86 1251.48 483.73 6.00 137.00 11.00 5.15 8.61 46.89 10.29
