29.92 1962.76 1138.64 13.00 43.00 9.00 9.38 12.79 16.33 2.76
28.06 1849.26 1015.89 11.00 51.00 9.00 8.60 12.17 16.74 3.03
24.58 1867.13 858.51 11.00 52.00 7.00 8.28 11.73 13.40 3.17
24.47 1863.03 850.14 11.00 48.00 8.00 8.25 11.68 10.45 3.24
30.58 1591.53 1009.93 12.00 50.00 14.00 7.67 11.09 13.22 4.44
32.81 1459.90 875.92 9.00 49.00 34.00 7.27 8.95 13.99 8.13
37.40 1287.27 906.75 10.00 51.00 48.00 6.88 8.12 14.18 11.16
41.51 1193.16 1010.40 7.00 52.00 51.00 6.82 8.15 15.72 14.80
44.58 1102.49 1082.18 8.00 52.00 54.00 6.65 8.12 19.35 14.44
43.42 1192.80 1063.34 7.00 50.00 52.00 7.05 8.20 17.10 14.54
41.34 1251.05 1111.91 8.00 55.00 36.00 7.13 9.01 19.55 11.46
36.40 1457.79 1022.77 9.00 49.00 23.00 7.67 9.43 19.90 6.82
38.92 1423.09 1049.34 11.00 45.00 27.00 7.80 9.04 17.01 8.36
32.93 1443.53 867.62 9.00 65.00 21.00 7.20 8.84 16.60 9.39
26.40 1384.26 665.93 8.00 88.00 18.00 6.29 8.45 26.47 9.89
18.86 1251.48 483.73 6.00 137.00 11.00 5.15 8.61 46.89 10.29
