44.09 1233.30 1275.88 6.00 44.00 21.00 7.37 9.68 16.30 12.77
42.46 1188.92 1215.31 5.00 52.00 21.00 6.90 9.57 15.70 12.04
46.30 1144.67 1285.93 5.00 45.00 24.00 7.12 9.28 17.03 12.28
43.12 1141.27 1181.35 5.00 54.00 24.00 6.70 9.15 15.75 11.70
42.81 1162.09 1088.82 5.00 54.00 29.00 6.79 8.50 16.90 11.68
48.99 992.36 1224.26 6.00 52.00 31.00 6.50 8.35 17.43 13.51
51.94 935.92 1238.75 5.00 47.00 40.00 6.50 7.97 17.43 13.10
47.11 1031.81 1096.94 5.00 52.00 41.00 6.51 7.78 12.34 15.10
54.81 819.15 1303.33 5.00 50.00 46.00 6.05 7.95 13.78 9.74
51.00 885.03 1180.43 4.00 55.00 45.00 6.03 7.74 11.66 9.37
41.00 1048.32 959.98 4.00 68.00 37.00 5.93 7.83 19.23 9.37
45.22 983.61 1067.11 5.00 59.00 41.00 6.00 7.89 23.02 10.64
42.36 1008.16 1001.73 5.00 66.00 39.00 5.84 7.92 20.82 13.64
50.66 864.17 1165.20 5.00 54.00 45.00 5.85 7.69 24.73 9.27
46.78 879.88 1091.30 5.00 63.00 38.00 5.52 7.81 22.00 10.40
50.60 820.62 1141.17 4.00 58.00 45.00 5.54 7.55 21.77 11.01
43.40 946.63 964.94 4.00 68.00 38.00 5.58 7.45 20.43 14.04
47.84 857.20 1027.16 4.00 64.00 41.00 5.48 7.19 20.68 14.89
50.14 824.09 986.75 4.00 61.00 49.00 5.51 6.58 7.75 15.71
59.62 635.79 1097.99 4.00 52.00 69.00 5.26 6.15 13.20 24.13
63.51 575.22 1179.23 5.00 47.00 72.00 5.26 6.20 7.54 25.31
68.83 502.12 1124.52 4.00 43.00 95.00 5.38 5.46 6.02 17.36
77.30 367.68 1182.66 3.00 30.00 123.00 5.41 5.11 6.02 10.87
77.92 348.12 1101.83 3.00 30.00 139.00 5.26 4.72 5.58 19.83
83.01 292.41 1083.70 2.00 21.00 157.00 5.74 4.36 5.58 26.35
76.47 416.32 987.02 2.00 28.00 147.00 5.91 4.31 5.33 31.53
73.67 446.16 947.44 2.00 33.00 141.00 5.65 4.30 14.87 31.53
69.21 528.52 865.78 2.00 38.00 136.00 5.73 4.18 26.28 67.43
69.21 528.52 904.82 2.00 38.00 138.00 5.73 4.37 26.28 52.43
69.73 514.59 963.48 2.00 38.00 130.00 5.67 4.62 0.00 37.43
72.38 459.91 1006.43 1.00 33.00 135.00 5.56 4.65 31.03 0.00
