42.01 1684.71 1611.14 8.00 75.00 35.00 6.93 9.16 14.67 11.64
44.93 1562.65 1676.14 8.00 75.00 37.00 6.77 8.91 16.09 12.23
51.67 1407.49 1864.21 7.00 62.00 50.00 6.95 8.61 16.09 11.19
50.35 1380.49 1799.93 8.00 67.00 52.00 6.63 8.53 15.63 13.58
49.35 1394.10 1713.93 7.00 68.00 52.00 6.57 8.29 16.58 11.52
49.35 1366.72 1713.93 7.00 71.00 52.00 6.43 8.29 15.21 11.52
44.32 1473.57 1512.75 6.00 79.00 48.00 6.31 8.15 20.21 12.35
42.49 1502.94 1419.94 6.00 81.00 50.00 6.23 7.98 21.83 11.33
43.59 1391.74 1453.28 7.00 90.00 51.00 5.88 7.96 19.43 13.69
47.56 1275.50 1520.66 6.00 85.00 57.00 5.80 7.64 21.67 9.93
43.93 1331.29 1426.52 7.00 94.00 52.00 5.66 7.76 19.21 10.31
50.75 1193.32 1602.15 7.00 81.00 62.00 5.78 7.55 20.09 10.89
49.60 1209.45 1543.08 6.00 85.00 65.00 5.72 7.44 18.93 11.97
53.72 1096.32 1645.97 7.00 76.00 69.00 5.65 7.32 20.08 12.07
54.59 1056.24 1611.50 6.00 76.00 72.00 5.54 7.05 20.08 13.47
56.94 1010.54 1587.51 5.00 71.00 89.00 5.59 6.66 22.00 22.63
52.58 1113.02 1452.88 6.00 79.00 79.00 5.59 6.60 18.87 23.43
58.01 973.25 1447.29 5.00 72.00 104.00 5.52 5.96 20.03 21.62
59.65 940.13 1332.61 5.00 69.00 128.00 5.55 5.33 7.54 24.12
66.79 738.27 1442.06 5.00 60.00 151.00 5.30 5.15 7.54 31.38
73.94 575.22 1551.48 5.00 47.00 172.00 5.26 5.01 7.54 40.93
73.06 626.04 1522.13 4.00 50.00 168.00 5.54 4.97 5.38 41.12
71.97 647.44 1488.79 3.00 52.00 167.00 5.51 4.94 12.78 37.34
66.98 760.60 1346.70 4.00 60.00 161.00 5.49 4.80 22.61 48.74
70.61 704.88 1423.86 3.00 51.00 173.00 5.72 4.81 22.61 43.10
70.61 704.88 1409.75 3.00 51.00 174.00 5.72 4.77 22.61 32.87
73.28 626.30 1494.37 3.00 44.00 177.00 5.59 4.87 27.30 28.07
