40.00 522.07 522.32 3.00 21.00 6.00 7.27 10.93 15.30 8.66
34.78 569.85 451.88 2.00 23.00 6.00 7.30 10.87 7.67 6.43
51.00 471.57 624.85 2.00 15.00 10.00 8.04 10.24 12.10 3.08
58.44 348.54 702.99 3.00 15.00 11.00 7.02 10.05 17.74 9.83
35.69 574.89 410.60 2.00 18.00 6.00 7.47 9.62 12.38 11.55
45.22 481.69 533.25 3.00 16.00 7.00 7.34 9.86 21.67 10.54
52.61 425.25 552.38 2.00 11.00 11.00 7.49 8.77 21.67 15.78
35.67 518.31 352.83 1.00 22.00 9.00 6.72 8.25 0.00 0.00
46.67 383.57 451.05 2.00 24.00 12.00 6.00 8.06 0.00 14.80
39.83 411.23 355.46 1.00 30.00 12.00 5.70 7.45 9.33 0.00
36.81 451.41 334.87 2.00 31.00 14.00 5.96 7.60 7.52 4.97
51.11 372.70 460.83 3.00 23.00 16.00 6.37 7.53 9.47 11.90
65.11 262.82 577.79 2.00 17.00 26.00 6.29 7.41 9.47 0.85
68.42 239.12 618.58 3.00 12.00 28.00 6.33 7.55 5.67 16.19
65.69 232.02 624.76 2.00 14.00 23.00 5.65 7.96 6.68 6.60
50.25 374.36 489.52 1.00 19.00 20.00 6.28 8.16 7.05 0.00
25.25 537.65 273.65 1.00 32.00 7.00 6.00 9.11 22.05 0.00
30.94 471.13 322.77 1.00 29.00 9.00 5.69 8.76 31.57 0.00
15.53 572.46 149.95 2.00 39.00 5.00 5.65 8.09 0.00 4.72
38.97 390.08 340.23 2.00 30.00 12.00 5.33 7.30 16.70 9.35
51.25 282.81 466.54 3.00 26.00 15.00 4.84 7.61 9.07 8.65
64.56 209.71 535.04 2.00 22.00 21.00 4.94 6.93 0.00 6.00
67.72 201.28 541.35 1.00 19.00 26.00 5.21 6.69 2.23 0.00
61.39 232.08 480.77 2.00 22.00 24.00 5.02 6.55 0.00 16.30
74.11 176.36 518.96 1.00 13.00 34.00 5.68 5.85 0.00 0.00
72.81 189.92 446.27 1.00 13.00 44.00 5.83 5.11 14.75 0.00
75.53 166.39 487.94 2.00 11.00 41.00 5.68 5.39 0.00 33.65
83.42 116.04 419.98 1.00 8.00 62.00 5.84 4.20 0.00 0.00
83.42 116.04 345.79 1.00 8.00 78.00 5.84 3.46 0.00 0.00
84.72 102.11 344.07 1.00 8.00 82.00 5.58 3.39 0.00 0.00
100.00 0.00 372.25 0.00 0.00 99.00 0.00 3.11 0.00 0.00
83.64 123.92 397.51 0.00 7.00 72.00 6.32 3.98 0.00 0.00
58.64 279.77 306.13 0.00 22.00 43.00 5.64 4.38 0.00 0.00
39.61 412.48 244.77 1.00 30.00 21.00 5.70 5.21 0.00 0.00
39.61 412.48 340.06 1.00 30.00 16.00 5.70 7.20 0.00 0.00
55.97 288.56 422.73 1.00 23.00 27.00 5.47 6.33 0.00 0.00
72.31 180.07 546.93 1.00 11.00 36.00 5.43 6.33 0.00 0.00
