40.79 1481.16 1383.97 7.00 63.00 24.00 6.96 9.45 15.81 12.55
39.94 1463.21 1340.85 6.00 69.00 25.00 6.78 9.35 15.68 11.50
46.81 1348.23 1513.09 6.00 57.00 35.00 7.05 9.00 15.57 10.68
48.41 1240.71 1516.64 7.00 60.00 36.00 6.69 8.72 16.60 12.54
49.16 1221.35 1439.94 6.00 59.00 44.00 6.68 8.15 17.43 12.06
51.16 1132.13 1507.54 7.00 59.00 47.00 6.45 8.21 16.07 14.51
51.70 1108.68 1512.75 6.00 56.00 48.00 6.39 8.15 16.58 12.35
45.68 1266.40 1303.33 5.00 64.00 46.00 6.48 7.95 11.66 9.74
45.68 1184.04 1303.33 5.00 73.00 46.00 6.06 7.95 19.23 9.74
46.40 1121.57 1297.03 5.00 72.00 49.00 5.82 7.79 21.83 10.64
39.34 1256.02 1109.93 6.00 85.00 42.00 5.76 7.87 19.43 12.84
46.78 1137.54 1290.74 6.00 72.00 49.00 5.95 7.69 22.58 9.93
47.20 1083.43 1318.32 6.00 75.00 49.00 5.71 7.79 20.09 10.28
54.64 919.96 1476.61 6.00 63.00 58.00 5.64 7.54 22.00 10.01
49.65 1005.89 1316.05 5.00 73.00 54.00 5.56 7.39 20.44 13.06
50.20 996.98 1310.52 5.00 71.00 56.00 5.57 7.28 19.62 13.35
50.20 996.98 1260.39 5.00 71.00 56.00 5.57 7.00 19.62 14.60
56.10 870.76 1304.15 4.00 64.00 74.00 5.52 6.48 23.83 24.13
52.93 940.13 1179.23 5.00 69.00 72.00 5.55 6.20 7.54 25.31
61.26 738.27 1241.13 5.00 60.00 99.00 5.30 5.64 7.54 21.62
69.59 575.22 1332.61 5.00 47.00 128.00 5.26 5.33 7.54 24.12
74.03 502.12 1325.45 4.00 43.00 147.00 5.38 4.98 6.02 26.03
81.08 367.68 1401.53 3.00 30.00 167.00 5.41 4.81 6.02 32.68
76.15 472.04 1298.51 3.00 37.00 160.00 5.51 4.75 5.33 37.34
72.06 572.17 1170.95 2.00 43.00 157.00 5.69 4.53 12.26 31.53
65.71 704.88 1035.22 3.00 51.00 148.00 5.72 4.39 22.61 55.10
71.71 578.87 1200.34 3.00 41.00 157.00 5.69 4.66 26.28 43.10
74.34 528.52 1240.32 2.00 38.00 162.00 5.73 4.65 26.28 37.43
71.45 575.95 1198.85 2.00 41.00 158.00 5.61 4.68 27.30 27.63
