44.09 1233.30 1275.88 6.00 44.00 21.00 7.37 9.68 16.30 12.77
46.30 1144.67 1285.93 5.00 45.00 24.00 7.12 9.28 17.03 12.28
42.81 1162.09 1088.82 5.00 54.00 29.00 6.79 8.50 16.90 11.68
51.94 935.92 1238.75 5.00 47.00 40.00 6.50 7.97 17.43 13.10
54.81 819.15 1303.33 5.00 50.00 46.00 6.05 7.95 13.78 9.74
41.00 1048.32 959.98 4.00 68.00 37.00 5.93 7.83 19.23 9.37
42.36 1008.16 1001.73 5.00 66.00 39.00 5.84 7.92 20.82 13.64
46.78 879.88 1091.30 5.00 63.00 38.00 5.52 7.81 22.00 10.40
43.40 946.63 964.94 4.00 68.00 38.00 5.58 7.45 20.43 14.04
50.14 824.09 986.75 4.00 61.00 49.00 5.51 6.58 7.75 15.71
63.51 575.22 1179.23 5.00 47.00 72.00 5.26 6.20 7.54 25.31
77.30 367.68 1182.66 3.00 30.00 123.00 5.41 5.11 6.02 10.87
83.01 292.41 1083.70 2.00 21.00 157.00 5.74 4.36 5.58 26.35
73.67 446.16 947.44 2.00 33.00 141.00 5.65 4.30 14.87 31.53
69.21 528.52 904.82 2.00 38.00 138.00 5.73 4.37 26.28 52.43
72.38 459.91 1006.43 1.00 33.00 135.00 5.56 4.65 31.03 0.00
