47.27 1916.73 2236.25 10.00 89.00 58.00 6.74 8.79 15.57 12.42
46.11 1937.01 2165.81 9.00 94.00 58.00 6.67 8.72 14.58 11.21
45.80 1945.14 2138.20 8.00 94.00 58.00 6.66 8.67 18.78 10.80
46.04 1851.62 2122.92 9.00 96.00 61.00 6.36 8.56 20.85 11.26
41.83 1966.69 1863.88 9.00 108.00 57.00 6.27 8.28 20.31 13.39
47.04 1757.19 2054.16 9.00 101.00 64.00 6.15 8.11 21.71 11.37
45.86 1756.54 1979.28 9.00 105.00 63.00 6.02 8.02 19.90 11.96
47.40 1712.65 1954.98 8.00 103.00 71.00 6.04 7.66 19.21 10.97
48.95 1593.02 1994.62 8.00 109.00 77.00 5.79 7.57 18.41 12.45
50.64 1507.65 2001.43 8.00 107.00 81.00 5.66 7.34 17.99 12.44
50.64 1507.65 1946.72 8.00 107.00 86.00 5.66 7.14 17.99 13.43
55.65 1383.24 2048.49 8.00 94.00 106.00 5.78 6.84 20.03 19.65
55.36 1375.84 2031.02 8.00 96.00 106.00 5.72 6.81 17.82 20.34
60.32 1212.36 2066.09 8.00 84.00 132.00 5.67 6.36 19.05 17.96
60.99 1172.28 1957.37 7.00 84.00 151.00 5.57 5.96 19.05 21.89
63.12 1113.02 1931.58 6.00 79.00 171.00 5.59 5.68 18.87 30.54
63.12 1113.02 1825.12 6.00 79.00 179.00 5.59 5.37 18.87 39.50
63.70 1097.17 1844.90 5.00 79.00 177.00 5.60 5.38 19.19 44.51
59.43 1219.90 1638.74 5.00 91.00 172.00 5.57 5.12 11.66 44.51
60.75 1150.75 1686.94 6.00 90.00 173.00 5.44 5.16 19.83 45.85
66.31 987.69 1891.64 6.00 77.00 188.00 5.44 5.30 19.83 41.86
69.27 914.60 1944.86 5.00 73.00 195.00 5.52 5.22 22.17 36.97
72.04 827.58 2035.71 4.00 63.00 203.00 5.49 5.25 22.16 32.40
