38.41 808.06 722.89 4.00 33.00 10.00 7.30 10.50 11.04 7.82
46.98 670.47 862.48 4.00 30.00 12.00 7.05 10.24 15.36 9.35
46.06 761.03 834.87 3.00 21.00 12.00 7.85 10.11 13.27 9.83
45.31 730.04 825.64 4.00 24.00 12.00 7.43 10.15 18.73 9.96
46.81 710.68 753.56 3.00 23.00 15.00 7.44 8.96 21.67 13.34
47.57 618.63 763.43 3.00 29.00 15.00 6.56 8.93 17.69 13.80
43.17 673.10 660.47 3.00 30.00 14.00 6.59 8.52 19.42 14.80
32.91 792.60 478.36 2.00 39.00 13.00 6.57 8.09 9.33 13.18
47.56 587.13 678.22 3.00 36.00 23.00 6.23 7.94 7.52 10.87
51.50 510.67 690.76 3.00 36.00 24.00 5.86 7.47 13.90 11.90
51.50 510.67 685.99 3.00 36.00 29.00 5.86 7.42 13.90 9.93
54.74 512.48 744.12 4.00 30.00 32.00 6.31 7.57 7.78 14.80
60.24 435.57 851.78 3.00 26.00 34.00 6.10 7.89 9.26 5.50
58.44 473.70 824.97 3.00 24.00 33.00 6.35 7.87 10.40 5.50
43.80 596.91 624.76 2.00 37.00 23.00 5.91 7.96 23.91 6.60
41.30 610.90 606.13 2.00 36.00 24.00 5.79 8.19 27.23 6.83
27.19 745.35 423.60 3.00 49.00 12.00 5.69 8.72 21.34 9.48
38.81 625.06 546.39 2.00 42.00 17.00 5.68 7.86 29.06 9.35
34.17 647.73 466.54 3.00 48.00 15.00 5.47 7.61 9.07 8.65
50.83 445.87 651.65 3.00 39.00 25.00 5.04 7.15 9.07 12.63
55.50 408.82 691.30 3.00 36.00 31.00 5.11 6.95 7.71 15.97
59.11 386.07 704.39 3.00 35.00 32.00 5.25 6.64 6.97 13.45
73.22 251.63 836.80 2.00 22.00 44.00 5.23 6.37 6.97 1.30
73.39 245.64 757.76 2.00 22.00 57.00 5.14 5.75 14.75 12.92
71.69 292.41 711.45 2.00 21.00 57.00 5.74 5.53 5.58 33.65
71.69 292.41 589.41 2.00 21.00 74.00 5.74 4.57 5.58 18.65
83.69 166.39 641.31 2.00 11.00 97.00 5.68 4.26 0.00 3.65
88.94 116.04 620.91 1.00 8.00 114.00 5.84 3.88 0.00 0.00
88.94 116.04 564.66 1.00 8.00 122.00 5.84 3.53 0.00 0.00
78.91 226.03 540.75 1.00 15.00 103.00 5.96 3.82 0.00 0.00
72.43 279.77 459.51 0.00 22.00 99.00 5.64 3.54 0.00 0.00
59.74 412.48 445.71 1.00 30.00 73.00 5.70 4.17 0.00 0.00
59.74 412.48 559.03 1.00 30.00 59.00 5.70 5.22 0.00 0.00
59.74 412.48 619.31 1.00 30.00 47.00 5.70 5.81 0.00 0.00
53.96 459.91 634.09 1.00 33.00 36.00 5.56 6.57 31.03 0.00
