37.85 1097.51 932.92 5.00 39.00 12.00 7.37 10.31 13.40 10.27
40.00 1051.98 985.14 5.00 39.00 13.00 7.32 10.30 17.55 9.22
51.81 896.82 1177.83 4.00 26.00 21.00 7.77 9.50 17.55 11.56
47.06 866.99 1055.81 4.00 37.00 20.00 6.84 9.37 16.32 11.97
41.18 958.53 861.65 4.00 42.00 18.00 6.80 8.74 19.42 13.68
42.53 892.92 888.96 4.00 46.00 19.00 6.48 8.73 17.12 13.05
44.71 876.66 887.64 4.00 42.00 25.00 6.62 8.29 16.90 12.41
43.39 892.04 813.66 4.00 45.00 25.00 6.58 7.83 13.90 14.14
55.89 646.39 1029.34 4.00 41.00 38.00 6.12 7.69 13.90 10.13
54.12 650.44 974.04 4.00 43.00 40.00 5.92 7.52 12.34 14.80
51.25 683.43 959.98 4.00 45.00 37.00 5.85 7.83 13.78 9.37
50.68 747.06 950.50 4.00 42.00 37.00 6.32 7.84 9.46 9.37
45.18 800.47 851.78 3.00 49.00 34.00 6.09 7.89 20.76 5.50
49.68 710.24 941.57 4.00 41.00 37.00 5.89 7.93 25.73 10.28
40.61 804.61 774.71 4.00 54.00 28.00 5.65 7.99 23.16 13.75
44.61 764.83 829.75 3.00 49.00 32.00 5.76 7.78 25.88 7.90
38.25 820.62 740.18 4.00 58.00 22.00 5.54 8.10 21.77 8.12
47.75 680.84 857.81 3.00 51.00 30.00 5.43 7.52 23.27 12.63
41.62 773.74 691.30 3.00 58.00 31.00 5.53 6.95 7.71 15.97
50.18 622.23 821.00 4.00 52.00 36.00 5.21 6.84 7.75 14.89
62.68 459.17 986.75 4.00 39.00 49.00 5.13 6.58 7.75 15.71
68.68 399.63 981.38 3.00 35.00 65.00 5.33 5.97 12.05 18.92
71.62 367.68 1029.28 3.00 30.00 67.00 5.41 6.00 6.02 27.72
72.40 348.12 900.90 3.00 30.00 87.00 5.26 5.19 5.58 15.60
78.76 292.41 864.82 2.00 21.00 113.00 5.74 4.58 5.58 3.65
78.76 292.41 790.35 2.00 21.00 126.00 5.74 4.18 5.58 11.35
87.76 166.39 860.18 2.00 11.00 141.00 5.68 4.09 0.00 26.35
83.53 239.96 817.59 1.00 15.00 135.00 6.08 4.09 0.13 0.00
71.03 395.81 651.92 1.00 30.00 122.00 5.70 3.84 14.87 0.00
62.17 514.59 588.95 2.00 38.00 104.00 5.67 3.96 0.00 67.43
69.81 412.48 712.41 1.00 30.00 115.00 5.70 4.27 0.00 0.00
69.81 412.48 820.24 1.00 30.00 99.00 5.70 4.92 0.00 0.00
65.47 459.91 853.06 1.00 33.00 79.00 5.56 5.46 31.03 0.00
