46.87 1743.97 1962.26 9.00 80.00 50.00 6.85 8.75 15.47 12.75
47.06 1702.42 1959.43 9.00 82.00 53.00 6.71 8.70 15.19 13.35
51.53 1580.25 2138.20 8.00 71.00 58.00 6.80 8.67 15.81 10.80
48.87 1615.07 2006.31 8.00 79.00 57.00 6.59 8.58 14.81 10.80
43.18 1759.00 1713.93 7.00 91.00 52.00 6.46 8.29 20.21 11.52
46.10 1603.26 1830.54 8.00 88.00 56.00 6.21 8.30 21.85 11.94
42.66 1681.27 1662.70 8.00 96.00 53.00 6.12 8.15 20.31 13.89
44.00 1656.87 1643.56 7.00 94.00 58.00 6.17 7.80 21.67 10.54
47.07 1467.01 1769.87 8.00 99.00 61.00 5.78 7.86 19.21 11.10
50.94 1331.29 1832.08 7.00 94.00 70.00 5.66 7.52 19.21 10.89
46.44 1457.30 1651.27 7.00 104.00 68.00 5.68 7.44 18.41 12.71
50.43 1369.68 1771.50 8.00 94.00 73.00 5.76 7.34 18.60 12.44
53.93 1259.80 1838.53 7.00 88.00 83.00 5.70 7.13 18.60 12.47
59.18 1109.88 1922.96 7.00 76.00 102.00 5.67 6.79 21.39 19.20
56.12 1172.28 1803.99 7.00 84.00 95.00 5.57 6.72 19.05 21.75
58.51 1113.02 1730.65 6.00 79.00 119.00 5.59 6.18 18.87 20.66
58.51 1113.02 1606.25 6.00 79.00 135.00 5.59 5.73 18.87 23.55
63.26 973.25 1648.23 5.00 72.00 156.00 5.52 5.44 20.03 31.38
64.69 940.13 1551.48 5.00 69.00 172.00 5.55 5.01 7.54 40.93
66.85 862.19 1638.74 5.00 67.00 172.00 5.43 5.12 7.18 44.51
66.85 854.98 1638.74 5.00 69.00 172.00 5.38 5.12 11.66 44.51
65.42 914.60 1570.33 5.00 73.00 169.00 5.52 5.01 22.17 46.11
70.72 780.15 1741.69 4.00 60.00 183.00 5.56 5.14 22.17 39.96
71.10 760.60 1721.24 4.00 60.00 187.00 5.49 5.06 22.61 33.99
72.12 752.31 1717.88 3.00 54.00 193.00 5.63 4.98 23.68 28.07
