13.22 336.49 98.05 2.00 18.00 0.00 6.48 12.52 0.00 2.30
24.06 321.78 159.50 1.00 15.00 1.00 7.08 11.15 0.00 0.00
66.78 185.59 424.27 1.00 3.00 6.00 9.34 10.63 7.33 0.00
45.50 247.91 292.39 1.00 8.00 5.00 7.61 10.72 0.00 0.00
35.22 285.43 200.57 1.00 12.00 4.00 7.36 9.51 0.00 0.00
71.39 100.18 410.60 2.00 7.00 6.00 5.87 9.62 2.62 11.55
36.17 289.46 209.42 1.00 6.00 2.00 7.57 9.71 12.38 0.00
19.06 381.37 122.65 1.00 9.00 1.00 7.86 10.76 0.00 0.00
69.06 135.72 342.96 1.00 5.00 9.00 7.32 8.28 0.00 0.00
52.28 136.94 229.92 0.00 13.00 8.00 4.79 7.34 0.00 0.00
24.28 247.85 107.70 1.00 19.00 3.00 5.46 7.43 0.00 0.00
27.39 273.26 125.54 1.00 17.00 4.00 6.29 7.67 0.00 0.00
49.33 203.56 226.68 1.00 12.00 11.00 6.71 7.68 0.00 0.00
74.83 99.34 335.30 2.00 5.00 12.00 6.62 7.48 0.00 14.15
80.89 59.26 350.77 1.00 5.00 15.00 5.18 7.25 0.00 0.00
62.00 139.77 283.13 1.00 7.00 15.00 6.14 7.64 0.00 0.00
50.50 172.76 273.65 1.00 9.00 7.00 5.83 9.11 7.95 0.00
38.50 234.59 206.16 0.00 12.00 5.00 6.36 9.00 0.00 0.00
0.00 364.76 0.00 0.00 22.00 0.00 6.08 0.00 0.00 0.00
23.39 236.15 116.61 1.00 17.00 4.00 5.14 8.35 0.00 0.00
31.06 207.54 149.95 2.00 17.00 5.00 5.03 8.09 0.00 4.72
54.56 153.93 223.62 1.00 13.00 8.00 5.66 6.85 0.00 0.00
71.44 75.27 316.59 1.00 9.00 10.00 4.40 7.40 0.00 0.00
74.56 55.72 311.42 1.00 9.00 13.00 3.66 7.00 0.00 0.00
64.00 126.01 223.51 0.00 10.00 16.00 5.84 5.86 0.00 0.00
48.22 176.36 169.28 1.00 13.00 11.00 5.68 5.86 0.00 0.00
84.22 50.35 295.45 1.00 3.00 18.00 5.34 5.85 0.00 0.00
97.39 13.56 276.84 0.00 0.00 32.00 8.84 4.74 0.00 0.00
66.83 116.04 192.42 1.00 8.00 22.00 5.84 4.81 0.00 0.00
69.44 102.11 143.14 1.00 8.00 30.00 5.58 3.44 0.00 0.00
100.00 0.00 153.38 0.00 0.00 55.00 0.00 2.56 0.00 0.00
100.00 0.00 200.84 0.00 0.00 51.00 0.00 3.35 0.00 0.00
100.00 0.00 218.87 0.00 0.00 43.00 0.00 3.66 0.00 0.00
67.28 123.92 196.58 0.00 7.00 20.00 6.32 4.93 0.00 0.00
17.28 279.77 87.16 0.00 22.00 0.00 5.64 8.63 0.00 0.00
11.94 288.56 48.20 1.00 23.00 1.00 5.47 6.76 0.00 0.00
61.94 132.64 252.90 1.00 8.00 16.00 5.83 6.81 0.00 0.00
100.00 0.00 374.46 0.00 0.00 25.00 0.00 6.28 0.00 0.00
82.67 47.43 293.93 0.00 3.00 19.00 4.57 5.97 0.00 0.00
