38.31 1460.23 1289.46 14.00 94.00 21.00 6.59 9.44 10.57 6.66
38.75 1388.54 1233.43 13.00 99.00 26.00 6.31 8.91 10.58 6.99
43.69 1234.76 1368.11 11.00 93.00 33.00 6.10 8.75 9.48 7.36
41.39 1268.62 1229.24 11.00 96.00 35.00 6.03 8.30 9.40 7.90
41.19 1244.36 1187.76 10.00 101.00 40.00 5.89 8.05 9.11 7.98
44.48 1135.15 1224.38 10.00 99.00 51.00 5.69 7.68 9.26 8.34
46.96 1053.28 1288.18 10.00 95.00 52.00 5.53 7.65 6.88 10.41
43.56 1114.26 1182.45 9.00 104.00 49.00 5.50 7.57 7.02 10.68
46.92 1010.68 1273.77 10.00 100.00 55.00 5.30 7.58 6.16 10.14
49.09 1011.60 1291.60 10.00 93.00 62.00 5.53 7.34 5.28 10.51
50.61 1051.64 1360.00 10.00 83.00 60.00 5.93 7.50 6.52 10.14
47.70 1091.25 1277.32 10.00 87.00 56.00 5.81 7.47 6.81 11.15
53.70 957.18 1361.81 9.00 77.00 71.00 5.76 7.08 7.22 10.55
55.27 889.77 1470.76 9.00 75.00 69.00 5.54 7.43 8.12 15.67
51.21 924.36 1296.94 9.00 87.00 70.00 5.28 7.08 8.73 15.34
49.02 901.71 1260.51 8.00 98.00 67.00 4.93 7.19 9.96 16.24
52.01 809.67 1382.68 9.00 95.00 69.00 4.70 7.43 12.18 15.32
51.97 836.73 1385.08 9.00 92.00 64.00 4.85 7.46 12.97 14.11
48.91 900.87 1328.77 9.00 98.00 61.00 4.91 7.61 12.21 13.95
55.25 761.67 1554.28 11.00 84.00 67.00 4.74 7.88 12.50 12.91
53.84 784.15 1533.59 11.00 87.00 62.00 4.73 7.97 12.50 13.07
52.82 764.38 1451.02 10.00 91.00 64.00 4.51 7.69 12.17 13.67
50.37 769.96 1368.67 9.00 99.00 64.00 4.32 7.61 13.93 13.83
53.68 722.60 1401.75 10.00 92.00 72.00 4.34 7.31 16.25 8.22
50.52 792.16 1372.28 11.00 96.00 64.00 4.46 7.60 15.56 7.92
45.92 914.77 1203.80 10.00 100.00 61.00 4.71 7.33 15.47 8.21
46.48 979.37 1273.05 10.00 93.00 54.00 5.09 7.66 13.76 7.93
51.31 908.00 1358.31 12.00 81.00 64.00 5.19 7.40 13.60 8.08
52.82 886.84 1330.00 11.00 76.00 72.00 5.23 7.03 13.48 11.01
