43.61 1555.42 1632.62 16.00 101.00 35.00 6.58 8.98 10.28 7.85
41.90 1540.92 1511.39 15.00 108.00 36.00 6.33 8.64 10.31 8.20
42.02 1504.82 1487.54 12.00 109.00 40.00 6.19 8.48 8.69 7.34
43.81 1420.68 1475.35 12.00 108.00 52.00 6.03 8.06 9.07 7.75
45.30 1330.55 1485.02 12.00 111.00 56.00 5.81 7.84 9.14 10.39
42.94 1355.40 1365.76 11.00 120.00 56.00 5.67 7.60 9.08 10.62
44.97 1249.24 1441.98 11.00 119.00 59.00 5.42 7.68 7.28 9.71
47.79 1187.84 1519.84 11.00 114.00 65.00 5.43 7.61 6.95 10.02
48.52 1175.66 1547.64 12.00 109.00 65.00 5.45 7.64 6.50 10.13
44.72 1279.56 1405.04 12.00 113.00 62.00 5.53 7.52 6.22 10.90
51.05 1196.53 1534.28 11.00 95.00 77.00 5.84 7.19 6.50 10.47
53.33 1114.78 1631.81 11.00 91.00 77.00 5.70 7.33 7.52 14.75
54.67 1019.45 1640.17 11.00 93.00 84.00 5.37 7.18 8.41 14.21
50.71 1054.09 1538.69 10.00 106.00 78.00 5.11 7.26 9.46 14.84
49.14 1079.73 1502.05 10.00 111.00 76.00 5.07 7.32 10.96 14.56
52.88 988.80 1631.05 10.00 104.00 80.00 5.01 7.39 12.56 14.56
51.92 987.06 1626.03 11.00 108.00 77.00 4.90 7.51 11.80 14.44
52.17 981.99 1695.59 12.00 106.00 72.00 4.90 7.80 12.04 12.83
50.87 980.33 1687.39 12.00 111.00 69.00 4.76 7.97 11.95 12.51
55.73 837.89 1789.27 12.00 100.00 80.00 4.52 7.71 11.65 12.71
51.48 934.81 1642.55 11.00 108.00 74.00 4.60 7.65 13.42 13.26
48.65 990.56 1514.52 12.00 112.00 72.00 4.60 7.47 15.48 13.25
50.98 936.95 1546.71 12.00 108.00 81.00 4.56 7.28 15.56 12.93
51.80 938.30 1558.25 11.00 104.00 82.00 4.65 7.21 15.07 8.33
48.48 1041.64 1551.26 12.00 109.00 67.00 4.82 7.67 14.66 7.98
47.32 1072.32 1426.08 13.00 112.00 73.00 4.86 7.22 14.84 7.90
50.52 1042.22 1535.25 12.00 100.00 78.00 5.03 7.27 13.48 10.69
