45.03 581.05 564.29 7.00 16.00 2.00 8.84 10.57 5.64 5.50
42.39 557.83 532.85 6.00 21.00 2.00 8.10 10.57 9.49 6.05
41.14 537.52 496.62 4.00 23.00 4.00 7.63 10.14 8.82 6.43
39.50 526.66 434.08 4.00 25.00 8.00 7.27 9.23 13.48 6.19
34.31 515.83 365.06 3.00 35.00 8.00 6.56 8.93 13.10 8.23
39.61 417.38 411.54 3.00 36.00 10.00 5.77 8.73 15.42 8.05
34.64 362.43 355.86 3.00 45.00 9.00 4.63 8.62 9.60 7.45
33.42 364.40 355.95 3.00 47.00 9.00 4.57 8.97 8.82 6.14
35.58 363.27 360.11 4.00 43.00 11.00 4.71 8.51 4.56 5.48
34.25 413.33 288.77 4.00 41.00 14.00 5.25 7.07 3.74 4.95
55.31 334.45 515.63 4.00 24.00 20.00 6.26 7.80 2.64 7.54
51.25 377.40 439.01 4.00 24.00 18.00 6.47 7.16 3.66 9.24
53.69 365.16 462.60 3.00 22.00 21.00 6.60 7.19 3.59 6.02
59.58 304.44 524.07 3.00 20.00 27.00 6.30 7.34 1.43 4.95
50.94 356.26 416.63 3.00 26.00 23.00 6.07 6.83 5.70 14.16
46.03 372.31 387.28 2.00 33.00 21.00 5.76 7.03 7.08 16.27
51.49 282.15 451.06 3.00 34.00 23.00 4.86 7.36 8.20 13.42
53.43 293.82 478.69 3.00 31.00 21.00 5.28 7.52 7.41 8.35
45.57 360.94 427.68 3.00 33.00 17.00 5.55 7.90 8.48 8.22
45.82 341.47 450.82 4.00 29.00 16.00 5.27 8.28 8.04 9.73
55.92 309.65 448.15 3.00 21.00 27.00 5.88 6.71 8.28 10.77
52.81 291.50 467.07 3.00 24.00 21.00 5.16 7.44 10.40 22.70
57.12 207.06 452.64 3.00 28.00 30.00 4.04 6.65 1.42 21.07
55.23 187.86 422.22 2.00 35.00 30.00 3.51 6.42 13.01 1.77
48.61 217.64 483.32 3.00 40.00 19.00 3.54 8.34 16.76 6.79
49.67 251.41 438.31 3.00 37.00 22.00 4.17 7.40 17.03 6.18
44.06 332.77 448.45 3.00 37.00 14.00 4.97 8.54 5.06 7.34
64.69 232.34 681.05 5.00 20.00 21.00 5.51 8.84 6.28 6.29
57.00 256.86 601.83 5.00 26.00 16.00 4.99 8.90 6.59 5.29
56.00 221.18 545.50 4.00 30.00 21.00 4.20 8.19 6.38 8.76
49.94 229.93 467.58 3.00 34.00 20.00 3.84 7.87 14.39 7.86
41.11 302.39 298.41 3.00 37.00 21.00 4.29 6.09 19.92 11.41
45.94 317.66 286.93 3.00 30.00 29.00 4.90 5.22 20.71 5.58
32.08 441.88 220.00 3.00 32.00 18.00 5.43 5.74 8.76 8.20
45.44 416.32 357.01 4.00 22.00 20.00 6.38 6.57 8.57 7.23
48.14 373.26 378.68 4.00 24.00 22.00 6.01 6.58 8.69 7.24
55.53 312.33 440.55 3.00 20.00 27.00 5.87 6.63 10.42 15.43
