39.67 1096.96 929.35 10.00 51.00 10.00 7.60 9.86 10.85 7.04
41.00 975.21 944.66 9.00 57.00 12.00 6.90 9.68 12.63 7.72
37.89 900.16 852.48 7.00 69.00 13.00 6.05 9.45 11.01 6.93
36.46 891.07 790.23 7.00 72.00 17.00 5.86 9.11 11.08 6.80
34.94 879.10 725.16 7.00 78.00 19.00 5.64 8.71 10.60 6.96
36.93 830.71 700.31 7.00 78.00 24.00 5.50 7.96 10.24 6.65
44.97 697.02 871.49 7.00 69.00 29.00 5.29 8.11 7.40 7.62
42.33 741.95 794.96 7.00 71.00 27.00 5.37 7.87 6.92 8.29
44.64 728.53 822.70 7.00 66.00 32.00 5.50 7.71 4.26 7.83
46.92 717.78 812.84 7.00 62.00 41.00 5.65 7.24 3.69 8.34
53.12 690.70 932.32 7.00 50.00 43.00 6.16 7.33 4.62 11.20
48.64 749.71 826.50 6.00 57.00 40.00 6.10 7.10 5.86 11.44
52.59 647.31 913.66 6.00 56.00 44.00 5.70 7.27 6.92 10.41
56.51 598.27 1002.84 6.00 51.00 48.00 5.75 7.43 6.29 10.34
48.26 717.20 844.30 6.00 59.00 40.00 5.79 7.33 7.59 11.23
45.92 713.85 838.10 6.00 63.00 37.00 5.51 7.65 7.71 12.90
53.70 592.02 899.21 6.00 55.00 50.00 5.34 7.02 8.28 12.20
53.12 585.32 946.62 6.00 55.00 42.00 5.22 7.49 9.03 17.34
51.34 568.10 880.32 6.00 61.00 47.00 4.88 7.20 9.61 16.21
50.52 529.33 873.23 6.00 64.00 46.00 4.47 7.26 10.95 16.21
52.26 527.29 931.62 6.00 61.00 46.00 4.62 7.47 14.13 16.18
51.24 542.91 905.53 6.00 61.00 43.00 4.65 7.42 14.68 15.98
50.58 539.84 901.09 6.00 65.00 44.00 4.56 7.47 13.51 15.99
59.96 420.20 1103.27 7.00 55.00 51.00 4.39 7.73 13.34 6.39
52.81 474.50 1085.29 8.00 66.00 35.00 4.20 8.64 12.53 6.18
52.83 472.88 983.81 7.00 67.00 43.00 4.19 7.82 12.54 7.80
47.00 562.90 916.03 6.00 71.00 34.00 4.43 8.19 11.82 7.70
52.90 534.74 979.53 8.00 57.00 42.00 4.74 7.77 15.73 8.43
51.47 574.51 888.82 8.00 56.00 45.00 4.94 7.25 14.76 8.01
44.04 663.06 765.49 7.00 63.00 39.00 4.95 7.30 15.14 8.75
47.69 646.40 824.60 7.00 56.00 40.00 5.16 7.25 15.50 8.14
44.62 675.65 677.20 7.00 61.00 43.00 5.09 6.36 15.13 9.26
50.74 629.98 728.11 6.00 50.00 56.00 5.34 6.00 16.21 12.91
