42.15 1825.48 1752.05 17.00 117.00 42.00 6.59 8.72 9.86 7.94
43.96 1692.98 1757.50 16.00 120.00 53.00 6.31 8.38 10.21 8.40
45.51 1591.02 1784.80 14.00 119.00 56.00 6.10 8.21 8.75 9.67
42.55 1640.92 1616.73 13.00 129.00 57.00 5.96 7.96 8.94 9.87
43.77 1526.51 1638.82 13.00 135.00 63.00 5.67 7.85 9.10 9.82
46.72 1428.97 1703.15 13.00 130.00 72.00 5.60 7.64 8.89 10.15
46.61 1414.22 1715.86 13.00 128.00 69.00 5.53 7.71 7.55 9.76
44.13 1455.80 1633.27 13.00 134.00 65.00 5.44 7.76 7.35 10.49
49.17 1320.55 1721.92 13.00 121.00 82.00 5.43 7.34 6.66 10.54
50.02 1303.10 1759.53 13.00 117.00 83.00 5.45 7.37 6.93 14.40
52.23 1258.80 1812.64 13.00 111.00 90.00 5.51 7.27 7.77 13.62
49.58 1279.11 1699.73 12.00 122.00 86.00 5.30 7.18 8.86 14.04
52.43 1174.83 1845.28 12.00 117.00 90.00 5.16 7.37 10.70 13.61
53.87 1141.18 1909.22 12.00 112.00 91.00 5.17 7.43 12.08 13.56
49.42 1257.13 1745.39 12.00 124.00 84.00 5.19 7.41 11.06 13.83
52.94 1134.05 1941.56 13.00 118.00 88.00 5.03 7.69 11.78 13.56
53.25 1066.52 1984.65 14.00 121.00 85.00 4.77 7.82 11.57 13.20
52.98 1058.20 1930.58 13.00 122.00 85.00 4.70 7.65 11.40 12.75
49.17 1130.99 1796.35 12.00 132.00 81.00 4.65 7.67 12.71 12.71
51.71 1064.07 1852.76 14.00 121.00 88.00 4.60 7.52 14.89 12.56
51.87 1101.80 1820.58 14.00 117.00 91.00 4.78 7.36 14.98 12.56
47.64 1206.27 1671.02 13.00 124.00 82.00 4.81 7.36 14.54 12.87
49.14 1186.43 1725.69 13.00 121.00 84.00 4.87 7.37 14.66 12.55
52.29 1095.86 1780.53 14.00 116.00 94.00 4.80 7.14 14.50 7.94
51.77 1104.48 1813.46 14.00 116.00 91.00 4.78 7.34 14.43 10.48
