38.93 1220.82 1116.99 12.00 77.00 15.00 6.68 9.66 11.15 7.13
37.34 1139.57 1024.95 9.00 86.00 19.00 6.08 9.22 9.78 6.28
43.04 974.30 1068.32 9.00 85.00 33.00 5.71 8.32 10.13 8.08
42.37 967.09 990.92 8.00 85.00 36.00 5.61 7.83 6.48 7.48
49.70 814.72 1119.96 9.00 76.00 48.00 5.41 7.54 5.18 10.93
49.11 886.66 1086.13 8.00 74.00 50.00 5.82 7.41 6.00 10.15
53.69 812.29 1187.53 8.00 65.00 54.00 5.87 7.41 7.25 10.44
49.35 862.09 1018.58 7.00 71.00 57.00 5.69 6.92 7.14 11.37
55.06 654.29 1177.58 8.00 71.00 63.00 4.87 7.18 9.14 16.24
48.42 723.47 1085.42 7.00 85.00 53.00 4.69 7.53 12.49 15.02
52.09 704.69 1174.96 8.00 74.00 54.00 4.92 7.57 13.05 14.79
52.99 619.30 1259.71 9.00 78.00 52.00 4.40 7.99 12.53 13.65
49.70 625.16 1194.25 8.00 87.00 47.00 4.15 8.07 13.93 8.20
48.52 729.89 1094.07 9.00 80.00 51.00 4.74 7.57 14.76 7.98
48.43 824.00 1067.80 9.00 69.00 48.00 5.34 7.40 13.76 8.02
53.11 709.25 1086.80 9.00 63.00 64.00 5.05 6.86 14.99 11.59
