45.24 1911.68 2049.31 19.00 127.00 58.00 6.48 8.44 9.86 9.78
42.82 1913.23 1898.88 17.00 141.00 58.00 6.21 8.25 10.05 10.00
44.12 1786.98 1938.60 15.00 143.00 63.00 5.94 8.19 8.76 9.20
45.95 1714.50 1954.12 15.00 139.00 73.00 5.89 7.92 8.78 9.55
45.36 1691.49 1912.70 15.00 144.00 73.00 5.75 7.85 9.06 9.87
43.58 1696.94 1816.58 15.00 150.00 72.00 5.58 7.76 8.96 10.43
47.40 1559.11 1890.13 14.00 140.00 86.00 5.50 7.42 7.35 10.17
48.90 1479.34 1987.76 14.00 138.00 86.00 5.38 7.57 7.83 13.87
50.43 1382.82 2000.28 15.00 137.00 95.00 5.18 7.39 7.60 13.28
47.05 1467.42 1827.45 14.00 148.00 92.00 5.15 7.23 8.24 13.75
50.51 1414.18 2017.74 14.00 135.00 96.00 5.31 7.44 9.87 13.14
52.52 1366.20 2070.27 14.00 128.00 99.00 5.34 7.34 11.26 13.04
52.31 1352.22 2088.62 14.00 130.00 98.00 5.27 7.43 10.75 13.11
53.82 1286.43 2219.74 15.00 126.00 99.00 5.17 7.69 11.42 12.94
50.89 1336.59 2104.02 15.00 137.00 92.00 5.05 7.71 11.03 12.76
53.57 1210.27 2176.55 14.00 134.00 101.00 4.84 7.58 11.23 13.30
51.48 1217.19 2093.61 14.00 142.00 97.00 4.66 7.59 12.38 13.30
49.71 1284.38 1994.07 15.00 143.00 93.00 4.74 7.48 14.24 12.50
49.77 1297.99 1974.38 15.00 141.00 98.00 4.80 7.40 14.25 12.13
50.47 1279.77 2009.26 15.00 133.00 98.00 4.80 7.43 14.06 12.24
50.14 1351.29 1999.56 15.00 130.00 94.00 5.03 7.43 14.23 12.25
48.54 1363.82 1893.30 16.00 136.00 94.00 4.92 7.27 14.13 12.07
51.99 1249.28 1987.89 15.00 128.00 108.00 4.83 7.12 14.43 13.58
