43.11 320.59 264.51 5.00 7.00 2.00 9.45 10.40 4.29 4.02
45.00 272.20 282.15 4.00 11.00 1.00 8.29 10.53 6.03 6.76
46.94 260.40 299.78 2.00 8.00 0.00 8.21 10.73 3.18 2.08
39.78 285.53 250.70 2.00 9.00 1.00 7.92 10.62 0.00 0.07
35.33 277.06 196.84 2.00 15.00 4.00 7.17 9.36 7.77 8.50
39.22 241.13 183.11 2.00 16.00 7.00 6.62 7.83 15.67 6.05
33.28 238.56 168.22 1.00 19.00 4.00 5.97 8.47 0.00 0.00
40.00 176.24 228.23 1.00 20.00 3.00 4.90 9.62 15.17 0.00
36.00 123.86 187.64 2.00 26.00 5.00 3.23 8.77 5.00 7.43
26.83 188.16 127.72 2.00 26.00 6.00 4.30 8.00 3.73 4.68
35.17 239.25 172.47 2.00 17.00 6.00 6.17 8.24 0.03 2.18
41.67 225.02 161.05 2.00 15.00 8.00 6.45 6.47 3.77 4.13
75.44 95.09 343.16 2.00 6.00 14.00 6.48 7.59 0.00 6.00
60.83 152.38 277.96 2.00 8.00 10.00 6.52 7.63 0.00 11.72
31.94 270.06 119.37 1.00 16.00 7.00 6.64 6.25 1.72 0.00
58.33 152.07 245.90 1.00 12.00 16.00 6.09 7.05 0.00 0.00
69.94 86.19 297.26 2.00 10.00 16.00 4.80 7.10 0.00 17.25
33.72 220.24 141.31 1.00 21.00 5.00 5.55 7.01 8.15 0.00
33.02 195.96 153.80 1.00 24.00 7.00 4.89 7.93 8.82 0.00
73.15 73.51 337.38 2.00 9.00 16.00 4.60 7.76 0.00 4.10
58.11 164.75 273.87 2.00 9.00 10.00 6.61 7.89 5.58 10.07
18.50 267.96 112.58 2.00 20.00 0.00 5.49 10.30 8.28 2.55
53.73 144.80 174.28 1.00 12.00 17.00 5.23 5.44 0.00 0.00
87.15 23.54 354.29 1.00 4.00 21.00 3.07 6.84 0.00 0.00
60.50 62.27 278.21 2.00 16.00 13.00 2.64 7.73 1.42 1.77
23.33 164.32 67.77 1.00 31.00 9.00 3.58 4.86 13.27 0.00
36.72 155.38 205.11 1.00 24.00 6.00 4.10 9.35 0.00 0.00
76.00 87.09 370.54 2.00 6.00 13.00 6.09 8.18 0.42 0.63
51.39 177.40 243.20 2.00 13.00 8.00 6.10 7.97 5.06 7.45
53.39 144.96 310.51 3.00 14.00 8.00 5.20 9.80 7.45 2.64
62.61 79.26 358.62 3.00 13.00 8.00 3.55 9.68 7.33 2.77
58.61 76.22 234.92 1.00 16.00 13.00 3.08 6.74 4.78 0.00
37.28 150.66 108.89 0.00 21.00 12.00 4.01 4.88 0.00 0.00
23.61 226.18 63.50 2.00 20.00 8.00 4.94 4.50 0.00 1.92
54.61 166.83 178.03 3.00 9.00 17.00 6.15 5.46 4.22 5.58
40.56 215.71 156.40 1.00 12.00 10.00 6.06 6.46 6.43 0.00
36.28 249.48 178.35 1.00 13.00 3.00 6.54 8.23 7.62 0.00
55.72 157.26 222.28 3.00 12.00 12.00 5.94 6.67 8.22 5.23
74.78 62.75 262.20 2.00 7.00 24.00 4.17 5.85 0.65 18.53
