38.93 1220.82 1116.99 12.00 77.00 15.00 6.68 9.66 11.15 7.13
38.17 1163.37 1072.38 11.00 84.00 18.00 6.29 9.44 11.30 7.34
37.34 1139.57 1024.95 9.00 86.00 19.00 6.08 9.22 9.78 6.28
37.50 1116.24 951.28 9.00 87.00 25.00 5.97 8.52 10.00 6.31
43.04 974.30 1068.32 9.00 85.00 33.00 5.71 8.32 10.13 8.08
41.71 983.09 978.27 9.00 87.00 34.00 5.63 7.86 9.60 8.51
42.37 967.09 990.92 8.00 85.00 36.00 5.61 7.83 6.48 7.48
45.53 894.02 1041.07 8.00 83.00 44.00 5.48 7.66 6.70 7.83
49.70 814.72 1119.96 9.00 76.00 48.00 5.41 7.54 5.18 10.93
44.28 938.02 954.22 8.00 83.00 46.00 5.62 7.21 5.18 11.32
49.11 886.66 1086.13 8.00 74.00 50.00 5.82 7.41 6.00 10.15
53.54 823.28 1163.88 8.00 67.00 56.00 5.92 7.28 5.87 10.18
53.69 812.29 1187.53 8.00 65.00 54.00 5.87 7.41 7.25 10.44
48.91 866.23 1116.27 8.00 71.00 48.00 5.67 7.65 7.14 12.01
49.35 862.09 1018.58 7.00 71.00 57.00 5.69 6.92 7.14 11.37
54.16 737.39 1192.59 7.00 67.00 58.00 5.38 7.39 8.64 17.43
55.06 654.29 1177.58 8.00 71.00 63.00 4.87 7.18 9.14 16.24
47.16 749.64 1014.54 7.00 86.00 51.00 4.74 7.22 10.42 15.84
48.42 723.47 1085.42 7.00 85.00 53.00 4.69 7.53 12.49 15.02
55.62 616.42 1243.77 8.00 70.00 59.00 4.65 7.51 13.74 14.09
52.09 704.69 1174.96 8.00 74.00 54.00 4.92 7.57 13.05 14.79
51.67 688.17 1216.04 9.00 75.00 51.00 4.76 7.91 13.17 13.89
52.99 619.30 1259.71 9.00 78.00 52.00 4.40 7.99 12.53 13.65
59.69 496.42 1338.25 8.00 71.00 64.00 4.12 7.53 11.99 8.20
49.70 625.16 1194.25 8.00 87.00 47.00 4.15 8.07 13.93 8.20
46.99 699.06 1047.30 9.00 88.00 51.00 4.40 7.48 16.83 8.18
48.52 729.89 1094.07 9.00 80.00 51.00 4.74 7.57 14.76 7.98
50.43 750.44 1136.03 9.00 69.00 52.00 5.06 7.56 14.25 8.36
48.43 824.00 1067.80 9.00 69.00 48.00 5.34 7.40 13.76 8.02
46.38 820.61 987.78 10.00 75.00 51.00 5.11 7.14 14.29 8.06
53.11 709.25 1086.80 9.00 63.00 64.00 5.05 6.86 14.99 11.59
