41.80 858.18 761.13 9.00 31.00 6.00 8.22 10.23 8.33 6.42
41.33 798.96 716.23 8.00 37.00 9.00 7.59 9.70 11.72 6.98
38.52 776.30 664.84 5.00 43.00 8.00 7.03 9.66 10.82 6.51
39.67 702.91 662.51 5.00 45.00 11.00 6.49 9.36 14.27 6.70
34.87 639.70 552.70 5.00 61.00 13.00 5.47 8.87 12.46 8.05
35.35 605.54 539.26 5.00 63.00 16.00 5.21 8.54 11.59 7.39
34.81 601.83 528.32 5.00 62.00 15.00 5.14 8.49 7.61 6.15
36.17 589.57 517.00 5.00 62.00 17.00 5.14 8.00 7.60 5.45
48.87 458.46 703.27 6.00 50.00 25.00 4.99 8.03 4.48 7.99
43.11 565.71 566.73 6.00 50.00 24.00 5.54 7.33 3.24 8.73
47.52 604.51 635.06 5.00 40.00 27.00 6.42 7.45 2.84 7.23
53.61 529.46 685.12 5.00 36.00 35.00 6.36 7.12 4.28 7.24
59.11 451.35 759.86 5.00 32.00 37.00 6.15 7.15 5.62 11.87
50.96 524.69 665.45 4.00 41.00 32.00 5.96 7.27 6.13 12.31
44.97 552.22 570.43 4.00 50.00 30.00 5.59 7.09 7.12 11.69
55.07 445.89 724.66 4.00 43.00 37.00 5.53 7.35 6.98 11.86
53.70 447.13 724.94 5.00 43.00 33.00 5.38 7.55 7.80 12.29
41.79 561.78 592.13 5.00 51.00 21.00 5.38 7.94 8.28 9.27
48.29 505.83 601.95 4.00 45.00 34.00 5.45 6.99 7.69 9.53
59.59 365.01 805.31 5.00 33.00 37.00 5.04 7.58 9.14 17.87
57.45 371.91 726.51 5.00 37.00 40.00 4.88 7.07 9.72 17.72
42.98 455.82 534.99 4.00 55.00 30.00 4.45 6.97 11.80 19.44
50.31 362.44 657.74 4.00 52.00 36.00 4.06 7.31 16.76 18.25
62.15 274.95 792.76 4.00 41.00 43.00 4.05 7.14 15.52 7.53
49.54 395.04 726.66 5.00 53.00 27.00 4.36 8.21 13.51 7.48
50.91 396.67 748.82 6.00 51.00 30.00 4.50 8.23 14.16 6.14
50.24 412.23 807.07 6.00 50.00 22.00 4.61 9.01 6.59 6.11
62.67 308.56 916.03 6.00 36.00 34.00 4.61 8.19 6.09 7.70
50.43 407.52 710.79 5.00 47.00 28.00 4.58 7.90 11.82 8.12
45.20 447.35 608.99 6.00 51.00 29.00 4.54 7.55 17.45 8.56
51.50 396.92 645.62 6.00 43.00 37.00 4.56 7.02 17.66 8.18
40.93 518.10 454.91 4.00 49.00 31.00 4.88 6.21 16.20 10.62
42.72 567.14 465.91 4.00 43.00 32.00 5.51 6.08 16.79 7.23
39.96 599.44 442.28 6.00 44.00 30.00 5.56 6.17 9.26 6.93
55.22 479.16 619.21 6.00 29.00 44.00 5.96 6.25 9.32 12.91
