45.97 2397.14 2339.95 16.00 114.00 68.00 7.42 8.52 15.82 9.70
46.82 2169.74 2366.25 16.00 123.00 70.00 6.82 8.46 15.36 10.05
45.59 2231.06 2189.06 16.00 126.00 74.00 6.85 8.03 15.20 9.73
44.35 2258.45 2074.48 15.00 130.00 74.00 6.78 7.82 15.09 9.33
45.40 2198.44 2120.07 15.00 128.00 75.00 6.73 7.81 14.86 9.45
47.08 2077.18 2130.06 14.00 127.00 86.00 6.56 7.57 15.01 9.57
48.22 2055.44 2100.94 14.00 126.00 93.00 6.63 7.28 13.77 8.56
51.17 1899.96 2243.15 16.00 125.00 96.00 6.51 7.33 13.41 8.93
52.27 1867.84 2236.30 15.00 121.00 106.00 6.55 7.15 12.35 10.17
52.27 1840.55 2236.30 15.00 120.00 106.00 6.45 7.15 12.14 10.17
50.03 1971.41 2120.16 15.00 123.00 106.00 6.60 7.08 12.08 9.98
51.48 1891.54 2181.10 15.00 122.00 111.00 6.52 7.08 12.39 9.49
56.30 1755.31 2453.06 15.00 106.00 120.00 6.72 7.28 12.50 12.88
56.67 1775.32 2558.50 14.00 102.00 115.00 6.85 7.55 12.59 12.55
56.58 1786.14 2541.28 13.00 100.00 114.00 6.88 7.51 12.57 13.79
58.06 1709.30 2614.91 14.00 97.00 117.00 6.82 7.52 10.09 13.30
59.31 1595.11 2663.77 14.00 97.00 120.00 6.56 7.50 9.83 13.36
56.33 1708.92 2529.90 13.00 106.00 114.00 6.54 7.50 12.18 14.78
57.24 1687.94 2603.97 13.00 102.00 116.00 6.60 7.60 12.12 14.09
58.09 1602.81 2622.67 13.00 102.00 119.00 6.40 7.54 11.67 15.35
58.09 1602.81 2600.01 13.00 102.00 123.00 6.40 7.48 11.67 14.37
