39.02 1676.76 1380.36 10.00 72.00 22.00 7.66 9.88 15.52 8.87
44.65 1386.39 1476.03 11.00 72.00 31.00 6.97 9.23 15.18 8.46
42.84 1422.67 1310.47 11.00 77.00 37.00 6.93 8.53 14.77 9.69
41.43 1431.61 1225.18 9.00 82.00 41.00 6.80 8.25 14.36 9.70
37.91 1534.41 1085.50 8.00 84.00 39.00 6.88 7.99 16.10 10.26
42.67 1356.52 1197.67 9.00 80.00 44.00 6.59 7.83 17.39 10.91
45.72 1258.87 1227.12 8.00 80.00 49.00 6.46 7.48 16.23 9.23
46.56 1217.74 1243.74 9.00 83.00 50.00 6.35 7.44 15.55 10.31
48.75 1178.39 1266.76 8.00 79.00 56.00 6.41 7.24 14.44 10.12
50.43 1079.63 1307.57 9.00 80.00 58.00 6.07 7.22 13.54 10.86
49.24 1127.06 1247.60 9.00 80.00 61.00 6.19 7.06 13.61 9.34
47.78 1164.68 1227.30 9.00 81.00 54.00 6.21 7.16 13.87 8.76
52.75 1122.55 1408.54 10.00 69.00 57.00 6.62 7.44 13.79 8.58
51.55 1177.36 1371.64 8.00 70.00 61.00 6.77 7.41 13.44 6.83
51.94 1213.45 1348.69 8.00 67.00 62.00 7.04 7.24 13.73 6.84
52.99 1200.55 1367.83 10.00 67.00 61.00 7.12 7.19 9.60 8.01
60.97 951.23 1555.17 10.00 58.00 75.00 6.80 7.10 10.04 9.44
54.34 1087.57 1379.24 8.00 68.00 68.00 6.64 7.07 10.02 10.41
50.00 1235.85 1274.45 9.00 71.00 64.00 6.89 7.10 9.51 10.58
56.24 1034.93 1434.58 9.00 64.00 75.00 6.59 7.10 9.61 9.73
56.24 1034.93 1493.25 9.00 64.00 74.00 6.59 7.39 9.61 15.03
61.06 991.97 1668.58 9.00 51.00 75.00 7.11 7.61 9.86 14.77
61.15 977.22 1664.54 8.00 51.00 77.00 7.02 7.58 8.88 15.79
64.28 882.89 1765.07 8.00 49.00 84.00 6.90 7.65 8.84 15.72
61.08 931.16 1628.31 7.00 54.00 84.00 6.67 7.42 8.84 16.67
58.07 988.11 1597.67 8.00 59.00 72.00 6.57 7.66 13.90 17.35
60.77 891.27 1730.14 7.00 56.00 72.00 6.33 7.93 14.37 16.40
58.10 920.60 1622.85 6.00 60.00 72.00 6.12 7.78 12.71 18.31
58.45 913.07 1630.68 6.00 60.00 73.00 6.12 7.77 12.98 14.22
