43.44 923.13 879.00 7.00 24.00 8.00 9.12 11.33 8.33 5.73
42.94 861.19 864.48 6.00 26.00 8.00 8.41 11.27 14.34 4.15
41.11 876.02 754.25 6.00 29.00 10.00 8.29 10.25 14.55 6.33
30.56 960.95 544.05 4.00 41.00 10.00 7.70 9.94 15.76 6.41
35.91 845.63 591.02 4.00 39.00 11.00 7.34 9.19 17.23 7.44
41.50 735.98 643.83 4.00 36.00 16.00 7.00 8.66 18.54 12.20
34.59 753.56 501.36 3.00 48.00 14.00 6.41 8.07 12.68 11.02
46.35 524.98 611.55 5.00 46.00 23.00 5.45 7.35 14.26 10.40
44.57 546.44 556.22 5.00 48.00 27.00 5.49 6.95 8.39 12.07
52.30 470.28 681.13 5.00 41.00 31.00 5.49 7.26 7.51 11.19
39.91 688.78 493.92 4.00 45.00 28.00 6.39 6.90 14.35 9.43
43.83 620.55 553.77 5.00 44.00 28.00 6.16 7.05 15.89 9.96
56.85 505.31 725.76 5.00 32.00 35.00 6.54 7.11 15.95 7.96
46.76 692.76 631.89 4.00 37.00 27.00 7.25 7.53 16.73 8.95
52.93 631.95 708.69 3.00 31.00 29.00 7.48 7.46 17.31 4.60
48.56 608.92 626.44 4.00 39.00 27.00 6.60 7.18 11.39 10.19
58.57 438.22 753.67 5.00 34.00 33.00 5.90 7.16 11.43 8.38
51.72 544.14 673.38 4.00 37.00 26.00 6.28 7.25 10.76 9.35
48.65 617.25 682.78 5.00 37.00 22.00 6.70 7.82 9.31 8.91
56.33 484.60 739.65 4.00 33.00 34.00 6.18 7.32 8.42 6.15
50.94 581.50 639.78 5.00 36.00 33.00 6.61 7.00 8.48 5.59
57.43 591.63 741.38 6.00 28.00 33.00 7.76 7.20 7.28 6.79
63.37 512.47 801.50 5.00 24.00 42.00 7.82 7.05 5.05 10.32
56.96 543.43 705.32 4.00 31.00 42.00 7.05 6.90 8.41 11.51
51.35 618.61 590.78 4.00 34.00 42.00 7.09 6.41 9.64 12.78
56.15 550.17 694.94 5.00 31.00 41.00 7.01 6.89 10.86 11.73
61.54 453.34 853.47 4.00 28.00 41.00 6.58 7.72 11.44 20.49
64.69 400.34 926.69 3.00 23.00 41.00 6.32 7.98 11.76 19.86
58.93 464.45 863.04 3.00 27.00 35.00 6.30 8.15 6.18 19.72
71.59 339.39 1059.75 4.00 17.00 42.00 6.67 8.24 6.47 17.93
70.81 312.05 1037.53 3.00 20.00 42.00 5.97 8.16 6.79 10.62
60.00 437.93 902.42 3.00 28.00 31.00 6.09 8.38 16.69 14.65
60.00 437.93 876.25 3.00 28.00 31.00 6.09 8.14 16.69 4.40
51.52 520.26 696.17 3.00 37.00 31.00 5.98 7.53 12.40 15.03
57.98 448.55 767.64 3.00 33.00 38.00 5.95 7.37 12.32 3.92
