44.96 2182.06 2106.12 15.00 104.00 57.00 7.37 8.71 15.80 9.10
45.35 2079.15 2108.22 15.00 109.00 58.00 7.07 8.65 15.82 9.53
46.20 2054.62 2021.01 14.00 108.00 66.00 7.09 8.13 15.84 10.18
43.80 2040.96 1851.62 13.00 121.00 68.00 6.74 7.85 15.28 10.15
44.80 1972.70 1839.17 13.00 119.00 72.00 6.64 7.63 15.49 9.80
45.69 1900.66 1871.20 13.00 117.00 70.00 6.50 7.61 15.66 9.92
46.70 1876.12 1909.89 13.00 117.00 71.00 6.54 7.60 14.23 9.23
49.81 1702.34 1983.49 13.00 116.00 84.00 6.30 7.39 13.85 8.89
49.48 1759.89 1906.75 13.00 115.00 89.00 6.47 7.16 12.45 8.88
52.76 1671.26 2048.96 15.00 108.00 92.00 6.58 7.21 12.06 9.19
53.95 1640.08 2049.09 14.00 104.00 103.00 6.62 7.05 12.35 9.93
50.84 1708.11 1933.17 13.00 112.00 96.00 6.46 7.06 12.47 9.55
52.28 1741.16 2000.21 14.00 103.00 99.00 6.78 7.10 12.48 9.73
53.08 1727.69 2066.58 13.00 101.00 102.00 6.84 7.23 12.61 9.06
55.14 1666.88 2202.16 12.00 95.00 103.00 6.91 7.42 12.88 13.39
56.89 1600.88 2295.02 13.00 90.00 103.00 6.90 7.49 10.49 13.00
60.29 1415.97 2418.21 13.00 85.00 110.00 6.63 7.45 10.17 13.79
60.09 1427.03 2438.99 12.00 86.00 110.00 6.65 7.53 9.89 14.33
56.94 1548.41 2311.98 12.00 91.00 106.00 6.68 7.54 9.02 14.39
57.49 1472.86 2337.32 12.00 92.00 106.00 6.44 7.55 12.12 15.13
57.49 1472.86 2369.92 12.00 92.00 105.00 6.44 7.65 12.12 14.52
57.88 1512.22 2364.74 12.00 88.00 106.00 6.67 7.59 12.07 15.56
60.09 1425.84 2432.17 11.00 84.00 115.00 6.64 7.51 12.06 14.00
