48.31 600.88 668.76 5.00 13.00 4.00 9.75 11.62 7.73 5.65
53.17 486.57 717.84 5.00 15.00 6.00 8.69 11.33 9.16 3.59
43.25 580.62 560.06 5.00 18.00 6.00 8.56 10.87 8.63 4.45
27.42 732.42 349.85 3.00 24.00 6.00 8.43 10.71 16.48 4.88
35.28 617.65 404.37 3.00 22.00 8.00 7.97 9.60 16.51 7.39
29.67 603.16 340.77 2.00 28.00 6.00 7.15 9.63 18.04 9.02
37.00 523.31 380.85 2.00 28.00 7.00 6.93 8.60 0.00 0.10
51.00 361.14 497.26 3.00 25.00 14.00 6.15 8.15 15.53 11.48
33.47 458.02 307.16 2.00 37.00 10.00 5.75 7.67 7.87 13.45
51.11 296.28 417.36 4.00 29.00 19.00 5.07 6.83 9.23 11.22
48.28 318.67 369.01 4.00 31.00 24.00 5.15 6.39 8.39 9.30
45.86 337.84 378.00 3.00 33.00 21.00 5.22 6.90 8.28 9.29
44.97 458.53 373.97 3.00 25.00 21.00 6.98 6.96 17.26 9.29
47.22 456.70 439.25 3.00 23.00 19.00 7.24 7.78 18.46 9.03
51.89 416.88 474.86 2.00 21.00 18.00 7.25 7.65 19.63 2.42
42.81 518.33 368.41 3.00 25.00 15.00 7.59 7.19 13.63 10.18
67.81 261.78 585.62 3.00 16.00 25.00 6.80 7.21 13.63 4.60
52.94 326.65 450.52 2.00 28.00 20.00 5.80 7.11 4.27 13.82
47.56 391.51 401.88 3.00 28.00 19.00 6.24 7.06 8.65 10.13
54.67 308.08 480.79 3.00 23.00 18.00 5.68 7.35 10.14 0.41
45.47 402.18 448.73 4.00 27.00 11.00 6.17 8.26 9.31 4.59
54.47 394.01 481.72 3.00 19.00 21.00 7.24 7.40 8.21 6.11
56.36 404.52 471.95 3.00 18.00 25.00 7.76 7.00 4.20 2.52
61.50 374.14 517.98 4.00 19.00 28.00 8.15 7.04 3.27 7.54
69.64 287.27 519.71 3.00 15.00 39.00 7.94 6.23 5.58 13.15
55.61 366.75 447.01 3.00 21.00 26.00 6.92 6.71 10.47 13.15
46.08 439.19 400.62 3.00 25.00 20.00 6.81 7.26 11.64 14.72
52.56 352.71 434.76 2.00 22.00 28.00 6.21 6.90 6.97 8.30
53.61 345.19 523.92 2.00 22.00 24.00 6.22 8.16 0.00 23.30
73.08 230.98 739.85 3.00 10.00 28.00 7.20 8.46 7.43 19.86
81.00 132.90 791.97 2.00 8.00 32.00 5.87 8.16 2.50 7.57
78.78 156.04 811.50 2.00 8.00 27.00 6.15 8.61 6.10 9.12
60.00 298.40 584.26 2.00 17.00 21.00 6.23 8.14 6.79 5.38
45.53 390.31 410.81 2.00 27.00 18.00 5.98 7.54 13.85 12.13
55.22 318.60 537.55 2.00 23.00 20.00 5.94 8.13 0.00 2.87
42.97 411.84 375.48 2.00 30.00 17.00 6.03 7.30 12.32 17.78
61.75 269.33 522.07 2.00 21.00 28.00 5.88 7.06 0.00 2.78
