42.98 1765.18 1629.41 13.00 83.00 39.00 7.40 9.07 14.67 9.20
46.08 1560.39 1739.81 12.00 84.00 43.00 6.91 9.03 14.10 9.28
40.03 1792.77 1435.38 11.00 91.00 41.00 7.14 8.58 16.04 9.65
41.19 1714.32 1400.95 11.00 93.00 48.00 6.96 8.13 16.49 9.89
44.01 1581.19 1437.29 10.00 91.00 53.00 6.74 7.80 16.51 9.69
43.12 1592.58 1390.31 10.00 94.00 52.00 6.68 7.71 16.74 10.71
47.05 1473.94 1460.95 9.00 90.00 60.00 6.64 7.41 15.55 9.54
48.48 1308.33 1501.77 10.00 97.00 62.00 6.06 7.40 14.66 10.32
47.52 1354.83 1434.80 10.00 97.00 64.00 6.16 7.21 13.61 9.95
50.26 1297.12 1530.44 11.00 89.00 64.00 6.23 7.27 13.36 9.79
49.47 1352.80 1528.49 11.00 89.00 64.00 6.40 7.38 13.00 8.92
49.48 1341.20 1486.16 10.00 91.00 70.00 6.34 7.17 13.00 8.14
54.06 1301.88 1599.59 11.00 78.00 79.00 6.77 7.07 12.98 7.76
53.23 1374.98 1631.31 11.00 79.00 73.00 7.03 7.32 12.72 7.65
55.57 1321.40 1678.24 10.00 73.00 79.00 7.11 7.21 13.49 9.44
52.26 1369.84 1555.17 10.00 79.00 75.00 6.86 7.10 10.28 9.44
54.37 1282.56 1626.24 11.00 77.00 78.00 6.72 7.14 10.41 9.76
54.75 1270.99 1627.17 10.00 78.00 83.00 6.71 7.09 10.17 10.17
56.06 1250.00 1727.30 10.00 74.00 85.00 6.80 7.35 9.61 14.62
60.91 1082.56 1926.51 10.00 65.00 88.00 6.62 7.55 9.69 14.42
58.14 1154.19 1832.37 10.00 69.00 85.00 6.59 7.52 9.34 15.45
62.13 1100.38 1988.47 10.00 58.00 89.00 6.95 7.64 9.40 14.94
59.62 1156.36 1910.10 9.00 63.00 87.00 6.85 7.65 8.58 14.91
58.30 1164.79 1855.98 9.00 69.00 88.00 6.67 7.60 12.69 16.36
60.93 1070.69 1920.30 8.00 65.00 94.00 6.55 7.52 13.09 15.76
58.85 1118.06 1883.02 9.00 69.00 85.00 6.49 7.64 13.01 17.17
61.16 1021.22 1960.23 8.00 66.00 90.00 6.28 7.65 13.31 15.56
