40.87 1446.51 1259.85 9.00 52.00 15.00 8.18 10.34 16.86 6.82
46.17 1222.54 1361.73 9.00 51.00 22.00 7.59 9.89 15.99 9.06
38.06 1334.25 1061.41 8.00 66.00 20.00 7.20 9.34 15.55 9.48
38.78 1257.61 961.40 8.00 70.00 29.00 6.86 8.30 15.51 9.17
40.86 1164.31 960.59 8.00 70.00 35.00 6.58 7.87 15.10 10.63
43.24 1073.82 1021.90 7.00 69.00 37.00 6.32 7.91 15.22 10.93
38.74 1212.09 875.33 6.00 73.00 35.00 6.61 7.55 15.58 10.29
46.70 981.68 1051.10 8.00 69.00 42.00 6.16 7.53 16.25 10.67
47.50 963.32 1032.92 7.00 69.00 45.00 6.14 7.27 14.45 9.85
48.50 989.04 1049.55 8.00 66.00 46.00 6.42 7.24 14.44 10.85
51.07 950.63 1079.55 7.00 62.00 53.00 6.50 7.07 14.44 9.75
47.48 947.19 1004.44 7.00 72.00 48.00 6.03 7.07 14.09 10.00
53.13 896.81 1127.64 8.00 60.00 54.00 6.40 7.09 14.54 8.86
49.92 1000.84 1112.78 7.00 60.00 45.00 6.68 7.45 14.57 7.82
49.94 1034.13 1157.64 7.00 58.00 40.00 6.91 7.75 14.58 8.21
50.92 1002.93 1108.16 7.00 58.00 49.00 6.84 7.27 10.29 7.29
57.69 843.28 1225.62 8.00 52.00 58.00 6.67 7.10 10.18 6.84
55.63 918.28 1191.90 8.00 56.00 54.00 6.93 7.16 9.44 8.40
57.04 904.52 1203.38 8.00 52.00 61.00 7.05 7.05 8.49 10.41
56.04 851.51 1186.65 7.00 54.00 60.00 6.48 7.08 9.19 10.03
49.00 1020.78 1040.40 8.00 61.00 53.00 6.70 7.10 9.51 10.04
55.48 944.34 1176.65 8.00 50.00 62.00 7.10 7.09 9.91 10.00
59.47 857.96 1325.42 7.00 46.00 66.00 7.09 7.45 9.32 15.78
63.41 774.48 1445.17 7.00 42.00 70.00 7.09 7.62 9.39 15.93
63.21 752.02 1382.75 6.00 42.00 74.00 6.84 7.31 9.35 18.00
65.20 706.22 1506.75 7.00 39.00 68.00 6.80 7.72 9.97 16.79
60.92 751.74 1438.15 6.00 45.00 62.00 6.44 7.89 9.80 17.59
57.02 790.65 1337.50 5.00 50.00 59.00 6.15 7.84 13.84 19.06
57.44 783.12 1400.60 5.00 50.00 55.00 6.15 8.15 14.50 15.42
60.14 751.23 1436.02 6.00 47.00 59.00 6.30 7.98 12.98 18.31
67.19 581.53 1559.60 5.00 41.00 70.00 5.93 7.75 14.49 8.83
