40.87 1446.51 1259.85 9.00 52.00 15.00 8.18 10.34 16.86 6.82
38.06 1334.25 1061.41 8.00 66.00 20.00 7.20 9.34 15.55 9.48
40.86 1164.31 960.59 8.00 70.00 35.00 6.58 7.87 15.10 10.63
38.74 1212.09 875.33 6.00 73.00 35.00 6.61 7.55 15.58 10.29
47.50 963.32 1032.92 7.00 69.00 45.00 6.14 7.27 14.45 9.85
51.07 950.63 1079.55 7.00 62.00 53.00 6.50 7.07 14.44 9.75
53.13 896.81 1127.64 8.00 60.00 54.00 6.40 7.09 14.54 8.86
49.94 1034.13 1157.64 7.00 58.00 40.00 6.91 7.75 14.58 8.21
57.69 843.28 1225.62 8.00 52.00 58.00 6.67 7.10 10.18 6.84
57.04 904.52 1203.38 8.00 52.00 61.00 7.05 7.05 8.49 10.41
49.00 1020.78 1040.40 8.00 61.00 53.00 6.70 7.10 9.51 10.04
59.47 857.96 1325.42 7.00 46.00 66.00 7.09 7.45 9.32 15.78
63.21 752.02 1382.75 6.00 42.00 74.00 6.84 7.31 9.35 18.00
60.92 751.74 1438.15 6.00 45.00 62.00 6.44 7.89 9.80 17.59
57.44 783.12 1400.60 5.00 50.00 55.00 6.15 8.15 14.50 15.42
67.19 581.53 1559.60 5.00 41.00 70.00 5.93 7.75 14.49 8.83
