41.79 1218.53 1073.20 8.00 35.00 12.00 8.76 10.77 14.05 6.47
41.42 1089.72 1058.67 7.00 43.00 12.00 7.77 10.72 15.54 5.86
40.12 1104.00 940.90 7.00 46.00 13.00 7.70 9.82 17.13 7.02
39.21 1093.77 847.11 6.00 49.00 20.00 7.51 9.04 16.63 10.00
34.38 1075.88 711.53 5.00 59.00 18.00 6.85 8.66 15.23 10.74
40.39 899.82 758.13 6.00 57.00 25.00 6.30 7.85 16.75 10.59
42.64 841.99 750.41 6.00 59.00 31.00 6.13 7.35 13.73 11.25
48.43 698.98 875.33 6.00 58.00 35.00 5.66 7.55 12.68 10.29
39.22 916.54 681.13 5.00 62.00 31.00 6.30 7.26 14.35 11.19
49.17 752.98 856.91 7.00 52.00 38.00 6.20 7.29 14.74 11.26
50.08 735.55 845.71 6.00 52.00 42.00 6.16 7.06 14.45 8.91
44.33 856.60 746.41 6.00 58.00 36.00 6.43 7.04 15.21 9.75
56.39 720.38 959.60 6.00 42.00 46.00 6.91 7.11 16.26 8.64
50.08 783.35 889.92 5.00 51.00 39.00 6.56 7.43 14.97 9.12
49.72 808.39 876.74 5.00 49.00 37.00 6.72 7.37 15.92 8.38
48.74 826.41 849.30 6.00 48.00 33.00 6.74 7.28 11.67 8.44
56.64 663.96 1034.57 7.00 43.00 36.00 6.40 7.63 11.00 8.21
53.71 720.66 932.23 5.00 47.00 42.00 6.50 7.25 9.91 8.31
51.96 796.57 873.83 6.00 46.00 44.00 6.93 7.03 8.48 7.59
58.08 682.22 999.31 7.00 42.00 46.00 6.81 7.19 7.80 6.42
57.56 689.45 969.33 7.00 42.00 50.00 6.80 7.04 8.49 10.03
55.04 760.92 928.72 6.00 40.00 47.00 7.08 7.05 9.35 10.34
51.22 843.81 872.57 6.00 43.00 45.00 7.24 7.12 9.12 10.76
57.03 726.85 953.25 6.00 41.00 57.00 7.08 6.98 9.32 10.92
61.62 632.76 1043.63 5.00 37.00 63.00 6.90 7.07 9.76 18.56
64.35 597.80 1186.86 6.00 32.00 54.00 7.02 7.70 10.88 17.20
63.54 572.60 1192.59 5.00 33.00 52.00 6.57 7.84 10.84 19.27
65.67 508.75 1246.58 4.00 30.00 55.00 6.19 7.93 10.24 17.93
56.81 643.59 1108.60 4.00 39.00 45.00 6.23 8.15 6.35 17.22
59.31 621.28 1150.66 5.00 37.00 46.00 6.38 8.11 14.50 19.06
68.11 451.58 1329.52 4.00 31.00 52.00 5.92 8.15 16.69 9.62
60.88 567.88 1187.77 4.00 38.00 44.00 6.06 8.15 14.49 14.79
60.88 567.88 1106.33 4.00 38.00 49.00 6.06 7.59 14.49 4.34
