43.83 342.51 318.06 2.00 6.00 2.00 10.27 12.20 0.00 8.45
74.00 128.77 514.63 3.00 2.00 2.00 8.33 11.69 0.69 2.42
52.78 258.36 349.82 3.00 7.00 2.00 9.15 11.13 8.59 3.08
32.33 357.79 203.21 2.00 13.00 4.00 8.84 10.53 0.00 4.63
33.72 322.25 210.17 2.00 11.00 4.00 8.14 10.49 8.25 5.22
22.50 374.63 146.57 1.00 11.00 2.00 8.07 10.99 20.18 0.00
36.83 295.33 194.20 1.00 11.00 4.00 7.81 8.80 0.00 0.00
36.83 228.32 194.20 1.00 17.00 4.00 6.03 8.80 0.00 0.00
37.17 227.77 186.65 1.00 17.00 3.00 6.05 8.41 0.00 0.00
65.17 132.44 303.06 2.00 8.00 10.00 6.36 7.78 0.00 13.98
29.78 230.25 119.95 1.00 20.00 7.00 5.48 6.74 7.87 0.00
37.06 163.84 114.23 2.00 21.00 9.00 4.35 5.16 10.82 5.08
66.78 88.43 249.06 3.00 11.00 17.00 4.46 6.23 1.52 10.20
54.67 174.00 263.48 1.00 12.00 12.00 6.41 8.07 2.50 0.00
23.17 370.10 123.07 0.00 14.00 4.00 8.06 8.94 0.00 0.00
39.78 282.27 175.77 2.00 11.00 7.00 7.86 7.39 0.00 9.83
80.61 46.71 351.79 2.00 6.00 14.00 4.05 7.29 0.13 2.42
45.83 236.06 192.49 1.00 14.00 8.00 7.28 7.03 0.00 0.00
55.00 215.07 233.83 1.00 10.00 11.00 7.99 7.10 0.00 0.00
60.06 90.59 257.93 1.00 14.00 12.00 3.79 7.18 0.00 0.00
40.11 176.44 167.83 2.00 18.00 8.00 4.92 7.00 8.65 0.47
49.28 217.49 222.86 2.00 9.00 5.00 7.17 7.57 11.35 0.07
50.83 225.20 280.90 2.00 9.00 3.00 7.67 9.25 0.00 6.02
59.67 176.52 258.31 1.00 10.00 16.00 7.32 7.24 1.07 0.00
61.89 179.32 190.16 1.00 9.00 22.00 7.89 5.13 5.13 0.00
63.33 197.46 259.67 3.00 9.00 12.00 9.07 6.86 1.90 5.56
77.39 107.85 329.55 2.00 6.00 17.00 8.05 7.11 3.07 16.02
47.89 169.29 186.84 0.00 12.00 13.00 5.42 6.51 0.00 0.00
14.78 331.04 71.07 1.00 19.00 3.00 6.49 8.05 0.00 0.00
57.22 183.35 247.93 2.00 9.00 15.00 7.19 7.24 0.00 8.30
92.44 13.64 452.85 1.00 3.00 21.00 3.08 8.17 0.00 0.00
88.94 47.62 491.61 1.00 1.00 13.00 7.22 9.25 0.00 0.00
69.56 119.26 338.69 1.00 5.00 11.00 6.55 8.15 2.50 0.00
68.61 108.42 319.89 1.00 7.00 14.00 5.78 7.79 0.00 0.00
50.44 179.07 245.56 1.00 12.00 10.00 6.04 8.14 0.00 0.00
22.44 281.89 90.12 1.00 20.00 4.00 6.06 6.74 0.00 0.00
60.00 139.38 291.99 1.00 11.00 10.00 5.82 8.13 0.00 0.00
63.50 129.95 285.21 1.00 10.00 13.00 5.96 7.51 0.00 0.00
63.50 129.95 230.08 1.00 10.00 18.00 5.96 6.05 0.00 0.00
