40.51 2135.29 1754.33 13.00 97.00 43.00 7.50 9.07 16.02 9.12
45.29 1843.09 1915.58 14.00 95.00 50.00 7.04 8.85 15.99 9.40
45.10 1839.55 1787.17 13.00 98.00 55.00 7.00 8.29 15.93 9.56
41.77 1950.37 1593.59 12.00 107.00 56.00 7.00 7.98 15.96 9.83
45.38 1796.26 1671.12 11.00 101.00 64.00 6.87 7.70 15.96 10.16
45.24 1683.17 1648.34 11.00 108.00 64.00 6.42 7.62 15.96 10.90
46.18 1650.38 1629.00 11.00 108.00 68.00 6.41 7.37 14.98 9.51
48.58 1525.82 1724.63 12.00 106.00 68.00 6.20 7.42 14.50 9.41
47.93 1580.57 1715.70 12.00 106.00 67.00 6.34 7.48 13.00 9.57
51.44 1473.64 1789.29 12.00 99.00 80.00 6.34 7.27 12.56 9.24
51.02 1532.12 1719.54 12.00 98.00 86.00 6.54 7.04 12.45 8.38
51.21 1538.82 1745.83 13.00 100.00 82.00 6.60 7.12 12.45 8.33
56.97 1409.83 1929.14 13.00 84.00 96.00 6.85 7.07 12.70 9.55
52.56 1544.27 1818.65 11.00 91.00 87.00 6.81 7.23 12.73 9.01
50.47 1652.73 1749.31 11.00 92.00 82.00 6.98 7.24 12.90 9.76
52.88 1553.26 1803.10 12.00 89.00 90.00 6.90 7.12 10.47 9.43
59.13 1296.71 2079.09 12.00 80.00 99.00 6.64 7.34 10.47 13.39
59.03 1318.61 2119.09 11.00 79.00 96.00 6.73 7.50 10.33 14.09
57.75 1369.26 2066.42 11.00 79.00 96.00 6.78 7.47 9.34 14.95
61.88 1190.97 2246.40 11.00 72.00 102.00 6.53 7.58 9.26 14.74
57.18 1333.33 2077.93 11.00 81.00 95.00 6.51 7.59 9.02 14.83
57.17 1382.27 2079.39 11.00 78.00 93.00 6.75 7.60 12.57 15.42
59.67 1295.89 2202.09 10.00 74.00 97.00 6.72 7.71 12.69 14.36
58.95 1294.73 2141.34 10.00 79.00 101.00 6.59 7.59 12.06 16.29
61.25 1200.64 2150.38 9.00 75.00 112.00 6.48 7.33 12.35 15.13
