25.04 923.43 636.79 9.00 51.00 2.00 6.86 14.40 11.94 2.06
23.87 903.31 604.31 7.00 51.00 3.00 6.61 14.26 12.62 2.87
18.89 1024.10 473.71 6.00 50.00 3.00 7.03 14.11 12.45 2.70
24.74 941.55 594.82 7.00 45.00 3.00 6.97 13.49 9.19 3.05
24.04 1093.99 566.84 7.00 34.00 3.00 8.02 13.23 8.98 3.17
23.61 1083.10 566.55 7.00 33.00 2.00 7.90 13.49 12.00 3.25
19.72 1204.32 468.54 7.00 30.00 2.00 8.35 13.43 10.59 3.01
29.22 993.82 617.51 8.00 30.00 5.00 7.82 11.88 11.17 4.34
31.56 886.26 624.89 7.00 37.00 6.00 7.21 11.14 10.86 6.90
36.65 823.63 645.11 6.00 35.00 11.00 7.24 9.88 11.26 9.49
42.20 698.16 731.08 6.00 36.00 11.00 6.73 9.71 6.62 10.85
45.00 621.19 753.74 6.00 38.00 14.00 6.30 9.38 7.30 10.29
55.67 468.48 903.31 5.00 32.00 17.00 5.90 9.09 9.11 9.50
46.76 540.38 753.24 5.00 41.00 13.00 5.66 9.03 7.51 10.29
47.28 557.05 770.25 5.00 38.00 15.00 5.89 9.12 6.47 9.24
37.81 660.88 635.80 5.00 43.00 10.00 5.92 9.46 12.70 6.29
30.31 650.28 502.52 4.00 58.00 10.00 5.20 9.32 11.73 6.40
26.15 782.06 436.10 4.00 58.00 7.00 5.90 9.39 14.92 8.38
19.28 820.79 270.44 3.00 65.00 12.00 5.66 7.87 17.48 2.85
31.52 740.42 426.86 3.00 52.00 19.00 6.02 7.58 16.63 8.64
34.87 614.11 489.74 4.00 57.00 22.00 5.25 7.86 20.60 10.09
47.24 468.20 636.92 3.00 50.00 35.00 4.95 7.51 2.72 11.61
52.48 491.29 712.89 3.00 41.00 38.00 5.75 7.57 2.52 15.03
55.46 366.08 773.69 3.00 43.00 38.00 4.58 7.77 9.16 17.60
49.17 443.62 731.92 3.00 51.00 30.00 4.86 8.29 10.49 17.60
49.70 442.05 616.69 3.00 51.00 43.00 4.89 6.91 10.84 17.44
58.20 411.60 690.03 2.00 39.00 52.00 5.48 6.59 3.22 26.23
50.72 498.71 612.45 3.00 44.00 40.00 5.63 6.72 11.68 26.40
46.50 603.14 562.68 3.00 42.00 38.00 6.27 6.73 11.18 26.03
57.76 535.52 694.11 3.00 27.00 46.00 7.06 6.68 12.78 21.88
57.76 566.22 694.11 3.00 22.00 46.00 7.46 6.68 8.15 21.88
50.89 640.23 740.90 4.00 28.00 27.00 7.26 8.12 11.87 7.57
47.02 680.40 724.44 5.00 32.00 18.00 7.15 8.61 12.22 9.17
39.13 787.29 585.03 4.00 37.00 17.00 7.21 8.37 12.24 9.44
48.26 650.97 686.54 5.00 34.00 26.00 7.01 7.95 15.26 8.46
