24.18 1759.18 995.01 13.00 64.00 4.00 7.76 13.94 10.86 2.95
23.04 1668.52 949.21 12.00 70.00 4.00 7.25 13.92 12.71 2.92
20.38 1745.39 824.05 12.00 73.00 4.00 7.32 13.69 12.28 3.01
26.00 1583.45 968.09 12.00 69.00 7.00 7.15 12.56 10.35 3.91
26.99 1627.53 952.60 11.00 65.00 8.00 7.45 11.90 10.33 5.89
33.81 1494.68 1110.99 11.00 55.00 13.00 7.55 11.05 10.72 7.61
34.48 1534.32 1088.40 10.00 49.00 13.00 7.83 10.63 9.98 9.29
35.72 1386.04 1098.64 11.00 57.00 15.00 7.21 10.35 10.05 8.86
42.44 1189.76 1254.01 11.00 55.00 18.00 6.91 9.95 10.79 9.46
39.21 1181.93 1126.58 10.00 65.00 17.00 6.50 9.68 9.93 9.83
40.93 1090.46 1156.00 9.00 69.00 20.00 6.17 9.50 6.89 9.66
42.33 1071.92 1180.62 9.00 65.00 21.00 6.21 9.39 11.37 9.25
40.83 980.29 1122.10 7.00 77.00 21.00 5.54 9.24 11.13 8.95
33.88 1175.18 917.16 7.00 85.00 17.00 5.94 9.12 16.74 9.83
35.08 1124.08 899.56 7.00 83.00 24.00 5.79 8.62 17.09 8.51
36.13 1098.72 907.96 7.00 82.00 26.00 5.75 8.45 16.96 7.62
36.53 1006.51 914.60 7.00 90.00 31.00 5.30 8.41 17.07 8.66
43.68 918.12 1063.80 6.00 78.00 42.00 5.45 8.17 16.75 11.45
38.92 1003.10 931.68 5.00 86.00 42.00 5.49 8.02 17.24 15.48
39.10 1000.88 938.27 5.00 87.00 41.00 5.49 8.04 17.53 16.69
36.21 1010.55 861.23 5.00 96.00 39.00 5.29 7.96 16.20 16.69
43.27 879.80 889.10 5.00 89.00 60.00 5.18 6.87 10.24 15.23
53.27 767.75 1102.17 5.00 71.00 73.00 5.48 6.91 10.24 20.28
58.42 634.77 1239.56 5.00 64.00 76.00 5.10 7.09 10.81 22.13
55.26 786.30 1223.92 5.00 63.00 68.00 5.87 7.40 10.64 21.78
54.84 796.05 1205.26 5.00 63.00 67.00 5.89 7.34 14.08 21.93
49.94 962.76 1065.53 4.00 61.00 63.00 6.42 7.12 9.08 22.55
45.46 1051.83 993.01 6.00 67.00 51.00 6.44 7.31 12.28 20.55
49.99 956.02 1113.79 7.00 62.00 54.00 6.39 7.46 13.79 19.50
48.62 1055.91 1052.45 6.00 57.00 55.00 6.87 7.24 11.60 19.64
54.71 994.05 1178.54 7.00 46.00 64.00 7.34 7.21 13.48 18.30
