33.48 2596.23 2009.88 21.00 113.00 21.00 7.25 11.25 11.22 7.78
33.28 2438.41 1975.13 20.00 122.00 21.00 6.79 11.11 10.95 7.78
32.57 2467.69 1868.85 18.00 125.00 24.00 6.80 10.73 10.82 8.17
33.07 2426.40 1876.10 18.00 123.00 24.00 6.73 10.62 11.11 8.04
32.19 2442.84 1800.51 17.00 128.00 24.00 6.69 10.47 10.97 8.18
31.59 2487.79 1756.39 17.00 129.00 23.00 6.75 10.41 14.73 8.35
31.56 2493.65 1642.65 15.00 127.00 31.00 6.77 9.74 14.20 8.44
35.83 2274.61 1797.67 16.00 123.00 38.00 6.58 9.37 14.62 9.14
37.90 2057.80 1884.87 16.00 132.00 43.00 6.15 9.29 14.72 9.50
40.57 1952.80 1918.20 14.00 129.00 56.00 6.10 8.82 14.72 11.87
41.67 1839.80 1946.56 13.00 135.00 59.00 5.86 8.71 13.99 13.40
42.20 1770.23 1964.18 13.00 139.00 59.00 5.69 8.68 14.55 13.19
41.37 1732.95 1905.66 11.00 148.00 59.00 5.49 8.58 15.06 13.12
42.66 1722.85 1797.04 11.00 144.00 77.00 5.58 7.85 14.72 13.34
46.78 1582.86 1950.09 11.00 134.00 89.00 5.52 7.75 15.43 17.31
45.26 1627.88 1885.24 11.00 138.00 86.00 5.52 7.75 15.31 18.56
43.10 1745.63 1778.09 10.00 141.00 86.00 5.69 7.67 14.96 18.75
46.46 1683.72 1904.55 10.00 129.00 91.00 5.84 7.62 16.48 18.09
42.07 1830.73 1696.46 9.00 138.00 88.00 5.86 7.49 14.09 19.07
44.04 1822.70 1784.70 10.00 131.00 90.00 6.04 7.53 15.37 19.18
46.70 1706.11 1904.35 11.00 128.00 93.00 5.94 7.58 16.34 18.60
45.70 1754.19 1836.02 10.00 131.00 93.00 6.00 7.46 11.64 18.61
49.08 1746.74 1962.11 11.00 117.00 102.00 6.36 7.43 12.57 17.84
