26.25 2292.72 1380.76 17.00 95.00 9.00 7.42 12.71 11.31 5.12
30.49 2080.11 1493.66 16.00 92.00 15.00 7.14 11.79 11.75 6.69
30.73 2075.39 1443.92 15.00 92.00 15.00 7.15 11.31 11.59 8.00
31.56 1975.68 1449.22 15.00 96.00 17.00 6.89 11.04 9.73 7.88
36.07 1931.03 1581.72 15.00 83.00 20.00 7.21 10.54 10.62 8.61
36.45 1852.99 1592.46 15.00 85.00 19.00 6.96 10.50 9.82 8.54
35.78 1926.62 1513.33 13.00 82.00 22.00 7.16 10.17 9.29 9.01
36.47 1836.77 1525.52 14.00 84.00 22.00 6.90 10.07 11.71 8.73
35.63 1701.57 1472.80 13.00 100.00 22.00 6.31 9.95 11.57 8.80
32.17 1816.74 1290.51 12.00 109.00 21.00 6.39 9.66 15.68 9.43
34.03 1657.49 1285.32 11.00 114.00 29.00 6.00 9.08 15.04 8.90
39.84 1509.77 1452.77 11.00 104.00 37.00 5.99 8.75 15.36 9.30
42.27 1336.51 1534.17 10.00 109.00 42.00 5.53 8.71 15.60 9.43
44.19 1311.25 1544.86 9.00 105.00 52.00 5.61 8.38 15.43 11.71
44.60 1306.39 1560.80 9.00 104.00 54.00 5.63 8.38 15.51 13.70
40.23 1359.19 1419.37 9.00 117.00 48.00 5.43 8.46 15.71 13.81
37.02 1402.95 1286.09 8.00 129.00 48.00 5.31 8.32 15.65 14.06
41.86 1329.72 1315.98 8.00 117.00 67.00 5.46 7.52 14.43 13.69
43.36 1279.57 1320.96 7.00 116.00 77.00 5.39 7.28 15.06 19.63
45.89 1269.58 1404.14 7.00 108.00 79.00 5.60 7.31 15.96 21.37
44.26 1353.23 1353.23 7.00 108.00 77.00 5.79 7.30 15.60 21.19
48.78 1233.80 1477.67 7.00 101.00 84.00 5.75 7.23 13.05 19.78
48.78 1318.92 1477.67 7.00 93.00 84.00 6.14 7.23 9.51 19.78
52.46 1187.90 1620.12 8.00 87.00 87.00 5.96 7.37 11.45 20.18
55.25 1139.17 1775.03 9.00 83.00 84.00 6.07 7.68 12.90 19.41
49.15 1316.45 1563.61 8.00 93.00 76.00 6.18 7.60 12.24 20.13
50.00 1390.59 1549.97 8.00 85.00 81.00 6.64 7.41 13.49 18.02
