24.39 665.19 428.16 6.00 29.00 1.00 7.35 14.99 12.57 2.43
22.19 585.23 382.67 5.00 37.00 2.00 6.29 14.62 12.90 2.32
21.36 541.07 354.63 5.00 43.00 2.00 5.75 14.04 14.25 1.01
21.17 588.73 350.58 4.00 39.00 2.00 6.24 13.97 8.62 2.85
20.14 741.27 327.71 4.00 28.00 2.00 7.76 13.67 8.74 3.06
29.56 670.71 465.88 5.00 20.00 2.00 7.96 13.24 9.27 3.34
22.89 835.75 357.33 4.00 13.00 2.00 9.05 13.17 8.10 3.12
21.81 764.30 344.90 5.00 19.00 1.00 8.17 13.37 12.78 2.91
22.61 721.29 350.34 6.00 23.00 1.00 7.79 13.15 11.90 3.23
27.89 641.56 373.27 5.00 24.00 4.00 7.43 11.32 12.23 4.85
31.42 533.13 385.76 4.00 31.00 5.00 6.49 10.36 5.81 8.44
49.11 411.04 544.45 4.00 22.00 11.00 6.75 9.31 8.10 9.65
56.61 330.00 619.50 3.00 19.00 11.00 6.37 9.18 7.96 10.19
45.47 392.22 481.06 3.00 27.00 10.00 6.02 8.88 7.57 11.11
58.78 303.22 629.12 4.00 18.00 12.00 6.17 8.99 7.89 10.24
43.06 358.30 481.10 4.00 30.00 6.00 5.26 9.41 6.98 7.23
39.03 392.30 424.86 3.00 33.00 9.00 5.37 9.16 7.19 6.26
38.33 449.82 426.88 3.00 27.00 7.00 6.09 9.40 15.80 6.54
18.58 511.74 218.79 2.00 45.00 4.00 5.26 9.95 4.27 3.42
14.56 634.81 163.93 2.00 44.00 3.00 6.21 9.57 10.20 3.33
16.78 566.93 129.31 2.00 45.00 9.00 5.69 6.51 21.40 2.33
33.61 437.75 272.16 2.00 38.00 16.00 5.51 6.77 0.00 7.77
45.86 356.15 412.07 3.00 32.00 21.00 5.49 7.51 2.72 10.37
69.97 136.07 627.04 2.00 20.00 35.00 3.78 7.49 2.72 3.38
68.39 182.31 661.24 2.00 21.00 30.00 4.82 8.08 2.63 8.10
50.47 260.47 511.15 2.00 35.00 21.00 4.39 8.46 10.56 21.35
38.22 396.44 371.42 1.00 39.00 17.00 5.35 8.12 2.67 0.00
37.31 411.60 252.11 2.00 39.00 24.00 5.48 5.64 3.22 11.23
54.44 275.62 389.28 2.00 30.00 35.00 5.05 5.96 0.00 26.23
62.86 268.62 465.87 2.00 20.00 38.00 6.04 6.18 0.00 26.82
64.39 342.58 492.00 2.00 12.00 38.00 8.04 6.37 7.35 25.90
62.56 354.00 588.58 2.00 12.00 24.00 7.90 7.85 12.78 6.98
37.56 551.16 375.43 2.00 22.00 10.00 7.37 8.36 8.15 6.98
37.56 553.12 379.01 3.00 23.00 11.00 7.40 8.47 12.43 8.70
55.22 352.38 551.11 4.00 20.00 16.00 6.58 8.38 13.54 10.11
34.92 519.59 358.34 3.00 30.00 9.00 6.67 8.63 9.61 8.85
50.14 427.73 484.43 4.00 24.00 18.00 7.18 8.11 15.14 7.89
