22.38 2127.75 1106.22 16.00 81.00 4.00 7.63 13.97 11.71 2.98
26.55 1898.03 1221.83 15.00 81.00 8.00 7.20 12.95 11.94 3.73
25.22 1910.36 1098.60 13.00 87.00 9.00 7.11 12.25 11.80 5.56
30.69 1765.53 1239.93 13.00 80.00 14.00 7.09 11.33 10.23 7.21
33.12 1792.56 1297.92 13.00 70.00 14.00 7.47 10.99 10.17 8.38
34.31 1704.83 1320.28 13.00 71.00 16.00 7.23 10.79 9.98 8.26
37.69 1672.80 1372.21 12.00 62.00 19.00 7.48 10.21 10.59 9.32
37.99 1534.20 1370.82 13.00 71.00 18.00 6.89 10.12 9.82 9.06
39.42 1443.59 1395.13 12.00 75.00 21.00 6.64 9.93 9.61 9.09
37.23 1484.50 1281.28 11.00 78.00 21.00 6.59 9.67 12.19 9.31
36.26 1348.44 1233.67 10.00 94.00 21.00 5.90 9.55 10.27 9.33
35.57 1404.15 1189.84 10.00 96.00 21.00 6.07 9.38 16.12 9.61
37.47 1289.33 1173.75 8.00 97.00 29.00 5.74 8.77 16.22 8.49
39.14 1280.80 1180.09 8.00 93.00 33.00 5.86 8.44 15.86 9.03
41.07 1171.26 1259.98 9.00 95.00 37.00 5.54 8.58 16.36 9.65
42.53 1129.18 1272.72 8.00 94.00 45.00 5.47 8.37 16.36 11.64
41.40 1141.64 1215.41 7.00 99.00 48.00 5.42 8.20 16.12 14.09
40.81 1148.14 1210.45 7.00 101.00 45.00 5.40 8.29 16.34 14.37
34.22 1264.41 1002.36 6.00 116.00 42.00 5.35 8.17 15.00 15.47
40.61 1182.47 1043.80 6.00 103.00 63.00 5.54 7.17 15.06 15.47
46.54 1025.71 1179.84 6.00 96.00 74.00 5.34 7.06 16.28 20.60
48.98 966.91 1249.43 6.00 94.00 76.00 5.28 7.10 10.81 21.58
49.49 1095.27 1275.57 6.00 83.00 76.00 6.03 7.17 9.94 21.33
56.61 901.67 1467.80 6.00 71.00 84.00 5.78 7.22 13.05 20.02
53.46 1009.94 1426.02 6.00 73.00 76.00 6.04 7.42 9.94 20.02
50.30 1082.28 1357.59 7.00 79.00 70.00 6.06 7.52 12.12 21.39
52.61 1092.00 1414.54 7.00 71.00 71.00 6.41 7.49 13.41 19.50
44.93 1285.99 1199.03 7.00 81.00 57.00 6.50 7.44 12.59 19.23
47.38 1254.61 1249.22 8.00 76.00 64.00 6.64 7.35 14.04 18.02
