30.94 2457.75 1726.08 19.00 100.00 15.00 7.44 11.77 11.20 7.37
31.28 2290.26 1702.95 18.00 108.00 18.00 6.96 11.47 11.15 7.37
33.61 2213.86 1727.72 17.00 105.00 21.00 6.97 10.82 11.74 8.32
33.78 2123.83 1721.40 17.00 110.00 20.00 6.70 10.72 9.56 8.23
34.60 2184.86 1722.85 16.00 103.00 23.00 6.98 10.47 9.52 8.40
35.31 2155.56 1747.16 16.00 98.00 23.00 6.96 10.41 11.50 8.29
32.92 2184.61 1591.00 14.00 107.00 23.00 6.80 10.18 10.90 8.73
32.13 2169.00 1534.74 15.00 115.00 22.00 6.68 10.06 15.12 8.78
33.76 2010.62 1524.45 14.00 120.00 30.00 6.34 9.50 15.14 8.49
36.33 1922.35 1553.44 13.00 117.00 37.00 6.31 8.99 15.07 9.54
38.66 1704.67 1645.74 13.00 126.00 42.00 5.81 8.94 14.55 9.84
44.17 1540.22 1817.54 12.00 116.00 56.00 5.76 8.63 14.90 11.66
45.20 1471.65 1834.99 10.00 118.00 59.00 5.61 8.51 14.91 13.03
41.97 1541.26 1691.50 10.00 128.00 55.00 5.55 8.45 14.99 13.70
40.36 1567.70 1631.48 10.00 134.00 54.00 5.49 8.47 15.35 13.70
41.22 1540.78 1524.90 10.00 133.00 70.00 5.47 7.75 15.43 13.50
44.66 1418.11 1604.70 9.00 129.00 83.00 5.35 7.52 15.74 18.16
46.32 1416.83 1676.31 9.00 122.00 83.00 5.51 7.57 15.13 19.20
41.76 1607.09 1494.36 8.00 128.00 80.00 5.76 7.48 14.99 20.21
46.10 1536.47 1632.38 8.00 115.00 87.00 5.95 7.40 17.33 19.82
44.29 1576.87 1555.34 8.00 118.00 85.00 5.91 7.34 14.56 19.82
46.12 1520.03 1630.00 9.00 117.00 87.00 5.89 7.38 11.45 19.51
50.92 1448.15 1826.68 10.00 103.00 92.00 6.16 7.50 12.18 18.85
51.19 1422.06 1826.14 9.00 101.00 93.00 6.08 7.46 11.64 19.14
52.63 1437.77 1910.46 10.00 97.00 94.00 6.34 7.59 13.18 18.31
