32.39 382.36 281.62 4.00 8.00 0.00 9.46 14.87 4.97 2.15
29.28 314.58 253.73 3.00 12.00 1.00 7.44 14.69 7.43 2.87
16.39 282.83 146.00 2.00 21.00 1.00 5.65 15.21 17.63 0.72
15.11 270.65 128.94 2.00 25.00 1.00 5.33 14.49 0.88 0.23
26.33 258.24 208.63 3.00 21.00 1.00 5.86 13.32 10.83 0.88
27.22 317.88 221.65 2.00 14.00 1.00 7.31 13.68 9.30 3.10
13.94 483.04 118.20 1.00 7.00 1.00 9.38 14.30 0.15 0.00
31.89 351.92 244.24 3.00 6.00 1.00 8.64 12.85 8.92 3.30
31.83 352.72 239.13 3.00 6.00 1.00 8.65 12.67 7.02 3.31
11.72 412.04 100.66 2.00 13.00 0.00 7.80 14.80 15.50 0.02
13.39 368.15 111.21 3.00 17.00 0.00 7.10 14.32 3.80 1.78
44.06 228.97 272.61 3.00 11.00 4.00 6.84 10.42 6.60 5.29
49.44 164.97 274.19 1.00 14.00 5.00 5.45 9.32 7.10 0.00
54.17 182.07 271.77 1.00 11.00 7.00 6.64 8.41 0.00 0.00
63.78 164.75 345.32 2.00 5.00 6.00 7.65 9.08 0.00 12.17
36.78 210.15 208.92 2.00 16.00 3.00 5.57 9.57 4.61 0.70
53.78 138.47 283.73 2.00 13.00 6.00 5.01 8.89 8.36 7.62
49.33 147.25 272.18 2.00 14.00 3.00 4.85 9.30 0.00 8.90
24.28 253.76 141.12 1.00 20.00 3.00 5.60 9.73 0.00 0.00
27.33 302.57 154.70 1.00 13.00 3.00 6.96 9.61 19.27 0.00
12.89 257.88 77.67 1.00 25.00 1.00 4.96 10.36 0.00 0.00
1.78 332.14 9.22 1.00 30.00 0.00 5.66 8.93 0.00 0.00
20.67 308.98 51.65 1.00 20.00 8.00 6.50 4.18 0.00 0.00
65.44 105.61 262.28 1.00 8.00 16.00 5.10 6.70 0.00 0.00
71.06 47.18 360.42 2.00 12.00 13.00 2.73 8.49 0.00 11.62
74.50 30.45 364.51 1.00 12.00 18.00 1.99 8.18 0.00 0.00
65.72 135.13 300.75 0.00 9.00 17.00 6.58 7.64 0.00 0.00
26.44 230.01 146.58 1.00 23.00 2.00 5.22 9.28 12.33 0.00
10.72 260.46 70.67 1.00 30.00 0.00 4.87 11.04 0.00 0.00
48.17 181.51 105.53 1.00 15.00 22.00 5.84 3.66 0.00 0.00
98.17 15.06 318.61 1.00 0.00 35.00 14.12 5.41 0.00 0.00
77.56 87.11 360.34 1.00 5.00 16.00 6.48 7.75 0.00 0.00
30.61 327.52 173.33 1.00 12.00 2.00 7.88 9.47 7.35 0.00
47.56 266.90 226.69 1.00 7.00 8.00 8.51 7.97 15.60 0.00
44.50 223.14 202.11 1.00 10.00 8.00 6.72 7.59 0.00 0.00
27.56 285.42 152.32 2.00 16.00 3.00 6.58 9.34 0.00 0.43
65.94 129.14 349.01 3.00 10.00 8.00 6.36 8.91 0.32 9.53
42.28 234.16 206.02 1.00 14.00 6.00 6.79 8.19 10.35 0.00
34.33 298.59 135.08 1.00 14.00 10.00 7.60 6.59 0.00 0.00
