22.26 1406.47 755.88 10.00 58.00 3.00 7.56 14.39 11.58 2.78
25.87 1256.13 848.55 10.00 57.00 4.00 7.08 13.83 11.91 3.01
22.12 1376.82 712.85 9.00 56.00 4.00 7.39 13.60 11.59 2.96
21.49 1353.94 695.48 9.00 58.00 3.00 7.20 13.66 11.16 2.94
21.38 1462.56 678.05 10.00 51.00 3.00 7.77 13.40 10.73 3.25
28.72 1312.61 839.16 10.00 44.00 6.00 7.69 12.31 10.86 4.17
27.15 1369.29 743.09 8.00 44.00 7.00 7.85 11.54 10.18 6.63
35.46 1175.89 889.35 9.00 41.00 12.00 7.61 10.55 10.90 8.27
39.61 1051.29 970.21 9.00 42.00 12.00 7.28 10.31 10.61 9.54
36.68 1033.78 854.40 8.00 51.00 14.00 6.82 9.80 10.42 9.91
45.10 836.63 1014.88 8.00 49.00 17.00 6.37 9.47 8.31 10.24
46.08 769.35 1025.92 8.00 52.00 17.00 5.96 9.36 7.54 9.98
47.82 722.30 1044.43 6.00 52.00 20.00 5.79 9.17 7.54 8.82
41.90 842.95 907.94 6.00 54.00 17.00 6.06 9.12 12.15 9.12
38.68 815.03 847.91 6.00 63.00 16.00 5.56 9.22 11.18 9.12
28.81 993.11 645.03 6.00 74.00 10.00 5.83 9.45 18.08 7.11
27.90 959.33 554.17 5.00 78.00 18.00 5.56 8.36 17.86 5.74
35.97 887.67 699.04 5.00 66.00 23.00 5.79 8.17 16.00 7.44
32.22 867.97 630.86 5.00 77.00 25.00 5.35 8.21 18.22 9.04
42.26 770.87 791.62 4.00 64.00 38.00 5.58 7.85 18.22 13.44
42.58 749.24 790.56 4.00 66.00 39.00 5.45 7.77 18.58 16.59
42.04 698.21 783.57 4.00 73.00 38.00 5.03 7.79 9.16 16.95
42.04 752.59 783.57 4.00 71.00 38.00 5.42 7.79 9.90 16.95
53.64 547.67 879.22 4.00 59.00 60.00 4.93 6.85 10.24 15.24
61.42 458.78 1050.52 4.00 51.00 65.00 4.96 7.14 10.84 19.86
56.67 529.16 977.02 4.00 56.00 59.00 5.10 7.20 11.85 24.74
51.31 739.12 863.43 3.00 51.00 55.00 6.33 7.02 10.14 26.03
49.93 765.60 840.69 4.00 51.00 48.00 6.38 7.03 15.01 22.55
46.00 826.78 764.78 4.00 52.00 46.00 6.39 6.94 9.85 22.55
50.21 821.75 846.43 5.00 43.00 49.00 6.89 7.05 11.87 21.32
59.81 695.46 1043.12 6.00 32.00 54.00 7.23 7.29 12.22 20.00
48.74 874.39 946.92 5.00 42.00 33.00 7.13 8.13 11.60 8.63
43.85 978.99 859.87 6.00 46.00 28.00 7.28 8.22 13.48 7.91
