24.18 1759.18 995.01 13.00 64.00 4.00 7.76 13.94 10.86 2.95
20.38 1745.39 824.05 12.00 73.00 4.00 7.32 13.69 12.28 3.01
26.99 1627.53 952.60 11.00 65.00 8.00 7.45 11.90 10.33 5.89
34.48 1534.32 1088.40 10.00 49.00 13.00 7.83 10.63 9.98 9.29
42.44 1189.76 1254.01 11.00 55.00 18.00 6.91 9.95 10.79 9.46
40.93 1090.46 1156.00 9.00 69.00 20.00 6.17 9.50 6.89 9.66
40.83 980.29 1122.10 7.00 77.00 21.00 5.54 9.24 11.13 8.95
35.08 1124.08 899.56 7.00 83.00 24.00 5.79 8.62 17.09 8.51
36.53 1006.51 914.60 7.00 90.00 31.00 5.30 8.41 17.07 8.66
38.92 1003.10 931.68 5.00 86.00 42.00 5.49 8.02 17.24 15.48
36.21 1010.55 861.23 5.00 96.00 39.00 5.29 7.96 16.20 16.69
53.27 767.75 1102.17 5.00 71.00 73.00 5.48 6.91 10.24 20.28
55.26 786.30 1223.92 5.00 63.00 68.00 5.87 7.40 10.64 21.78
49.94 962.76 1065.53 4.00 61.00 63.00 6.42 7.12 9.08 22.55
49.99 956.02 1113.79 7.00 62.00 54.00 6.39 7.46 13.79 19.50
54.71 994.05 1178.54 7.00 46.00 64.00 7.34 7.21 13.48 18.30
