44.69 1874.60 1702.82 14.00 41.00 21.00 9.47 10.66 9.13 5.84
47.98 1687.79 1774.19 14.00 40.00 26.00 9.05 10.34 9.14 6.48
50.88 1535.88 1808.72 12.00 39.00 29.00 8.72 9.93 9.57 12.78
49.05 1491.45 1697.56 12.00 47.00 29.00 8.16 9.67 9.66 13.28
44.78 1611.33 1514.32 10.00 52.00 28.00 8.13 9.44 8.99 14.24
47.34 1489.88 1592.70 9.00 52.00 31.00 7.88 9.40 9.83 14.72
45.03 1498.35 1495.06 10.00 58.00 30.00 7.59 9.27 9.68 14.25
43.49 1528.54 1418.14 9.00 60.00 30.00 7.53 9.10 9.54 14.67
44.37 1420.64 1361.69 8.00 63.00 41.00 7.11 8.56 8.94 14.33
42.00 1457.12 1268.15 8.00 67.00 40.00 6.99 8.43 7.78 14.89
40.80 1504.64 1216.00 8.00 63.00 39.00 7.07 8.32 10.59 15.62
48.20 1338.89 1394.54 8.00 53.00 50.00 7.20 8.07 10.50 14.66
45.98 1276.21 1258.52 7.00 66.00 54.00 6.58 7.63 9.22 16.10
44.79 1268.88 1213.67 7.00 71.00 54.00 6.39 7.56 12.55 10.72
36.45 1459.84 945.75 7.00 80.00 47.00 6.39 7.24 8.85 10.72
37.54 1456.57 975.61 7.00 74.00 50.00 6.49 7.25 13.11 9.90
44.76 1238.27 1090.34 6.00 68.00 67.00 6.24 6.79 13.11 11.26
44.14 1285.40 1040.69 6.00 66.00 67.00 6.40 6.56 16.09 17.34
42.90 1307.02 1004.09 6.00 68.00 67.00 6.37 6.52 12.94 19.12
49.14 1128.08 1134.43 6.00 61.00 75.00 6.17 6.43 13.28 16.68
43.85 1134.76 1033.89 5.00 82.00 63.00 5.62 6.56 8.80 17.74
41.67 1044.33 996.66 4.00 98.00 59.00 4.98 6.66 10.89 14.76
41.41 884.33 988.78 3.00 120.00 59.00 4.20 6.65 22.13 17.04
38.37 928.37 916.50 4.00 123.00 52.00 4.19 6.65 30.55 16.77
37.01 964.13 906.24 5.00 123.00 48.00 4.26 6.82 30.01 19.46
35.59 996.58 851.79 5.00 124.00 45.00 4.30 6.66 30.56 20.01
37.86 957.04 911.90 5.00 121.00 48.00 4.28 6.71 28.86 19.24
41.37 823.56 999.96 5.00 123.00 53.00 3.91 6.73 27.89 10.41
33.94 944.01 855.36 5.00 139.00 38.00 3.97 7.02 26.11 10.57
