47.61 1571.28 1528.95 13.00 29.00 18.00 10.06 10.79 6.58 6.22
45.17 1480.91 1426.57 12.00 37.00 18.00 9.04 10.61 7.69 6.23
43.56 1466.70 1346.81 11.00 38.00 16.00 8.70 10.38 10.00 6.38
47.48 1327.34 1399.34 11.00 36.00 22.00 8.46 9.89 9.92 7.05
51.02 1228.43 1426.36 8.00 35.00 28.00 8.39 9.37 9.10 14.35
47.53 1246.41 1313.58 8.00 43.00 26.00 7.95 9.25 9.59 15.09
43.52 1324.73 1204.72 9.00 48.00 25.00 7.84 9.27 9.90 14.71
47.11 1200.72 1301.78 8.00 47.00 28.00 7.59 9.26 10.93 15.54
43.97 1200.64 1203.87 7.00 53.00 27.00 7.16 9.17 7.84 15.87
41.01 1264.76 1120.84 6.00 57.00 24.00 7.16 9.16 7.35 16.52
46.02 1149.03 1170.95 6.00 50.00 35.00 7.11 8.52 9.54 15.49
47.53 1134.49 1188.62 7.00 46.00 38.00 7.23 8.37 6.72 15.22
42.93 1201.13 1043.07 7.00 51.00 36.00 7.03 8.13 9.85 16.65
45.43 1132.14 1046.93 6.00 50.00 42.00 6.93 7.72 9.85 9.89
37.68 1207.22 796.34 6.00 65.00 41.00 6.47 7.08 9.22 11.58
42.37 1104.27 915.45 6.00 60.00 47.00 6.40 7.23 14.16 9.47
41.03 1076.93 857.77 5.00 63.00 47.00 6.10 7.00 9.61 9.85
35.77 1213.38 696.49 6.00 65.00 45.00 6.31 6.51 14.17 10.01
43.20 1064.65 799.94 5.00 58.00 62.00 6.26 6.19 14.17 11.75
47.89 957.73 924.33 5.00 52.00 65.00 6.14 6.45 17.41 18.18
42.20 1086.87 846.63 5.00 58.00 53.00 6.28 6.70 7.88 20.85
49.58 935.73 987.13 4.00 52.00 59.00 6.19 6.65 8.78 14.83
49.69 779.29 988.78 3.00 69.00 59.00 5.17 6.65 9.21 17.04
39.69 840.00 790.74 3.00 91.00 46.00 4.65 6.66 10.89 17.04
37.44 808.78 773.40 3.00 105.00 41.00 4.31 6.90 22.26 17.04
37.73 791.12 749.75 3.00 102.00 41.00 4.24 6.64 38.65 16.72
38.34 710.98 756.83 4.00 108.00 42.00 3.85 6.59 33.10 21.24
40.03 644.79 791.57 4.00 110.00 42.00 3.59 6.61 30.56 11.79
32.76 796.70 679.26 4.00 116.00 28.00 3.95 6.93 28.86 11.62
32.44 751.54 655.83 5.00 121.00 31.00 3.71 6.76 30.93 10.41
32.46 701.65 651.28 4.00 129.00 33.00 3.47 6.71 28.51 8.66
