50.81 1943.78 2164.73 15.00 42.00 34.00 9.46 10.21 8.82 11.68
49.25 1851.89 2072.41 15.00 51.00 33.00 8.73 10.08 8.99 12.08
45.55 1918.79 1896.68 14.00 56.00 29.00 8.42 9.97 9.84 12.62
48.67 1734.92 1976.67 13.00 56.00 34.00 8.08 9.73 10.12 13.23
45.89 1784.95 1804.65 11.00 62.00 33.00 7.88 9.42 8.92 13.77
44.21 1817.70 1709.06 10.00 65.00 33.00 7.78 9.25 8.77 13.98
45.22 1718.35 1652.88 11.00 68.00 44.00 7.49 8.75 9.61 13.36
43.98 1720.89 1565.45 11.00 70.00 46.00 7.33 8.51 9.08 13.59
40.13 1776.26 1406.74 10.00 76.00 45.00 7.08 8.39 10.00 14.34
43.37 1661.51 1474.07 9.00 74.00 52.00 7.00 8.13 10.00 14.55
43.71 1579.73 1431.45 8.00 78.00 57.00 6.69 7.83 10.04 15.34
47.25 1475.62 1561.29 9.00 74.00 62.00 6.68 7.89 12.47 14.53
43.75 1528.83 1407.93 8.00 81.00 60.00 6.48 7.69 8.85 15.16
40.30 1621.18 1273.83 8.00 85.00 57.00 6.48 7.56 12.05 10.63
40.30 1621.18 1178.32 8.00 85.00 67.00 6.48 6.99 12.05 11.90
44.46 1528.59 1319.81 7.00 75.00 72.00 6.56 7.09 14.91 16.06
44.28 1480.63 1294.49 7.00 78.00 72.00 6.34 6.98 12.15 18.00
45.75 1455.74 1250.80 7.00 75.00 77.00 6.40 6.52 12.94 16.23
44.21 1354.91 1191.36 6.00 92.00 77.00 5.79 6.43 12.14 16.73
42.42 1236.68 1143.96 6.00 107.00 75.00 5.12 6.44 14.73 16.73
37.59 1239.80 1033.89 5.00 133.00 63.00 4.73 6.56 20.01 17.74
40.25 1132.69 1122.42 5.00 130.00 65.00 4.52 6.65 30.55 15.12
40.47 1039.67 1121.62 5.00 138.00 66.00 4.16 6.61 27.62 19.46
36.44 1133.83 1018.53 6.00 145.00 56.00 4.25 6.67 25.58 18.47
36.79 1210.19 1061.31 6.00 136.00 54.00 4.57 6.88 26.78 17.88
37.37 1175.34 1060.18 6.00 137.00 56.00 4.47 6.77 27.89 17.73
38.15 1104.35 1088.00 6.00 144.00 58.00 4.26 6.81 26.11 17.60
