50.39 407.71 356.01 3.00 3.00 5.00 13.88 11.88 4.09 2.66
50.50 360.44 374.85 3.00 4.00 4.00 12.22 12.45 2.75 2.66
50.17 307.46 382.29 4.00 4.00 1.00 10.35 12.83 3.28 3.19
56.61 245.04 383.22 4.00 4.00 3.00 9.50 11.42 5.42 4.69
51.06 286.16 309.60 1.00 4.00 3.00 9.81 10.18 0.72 0.00
48.50 288.87 290.92 1.00 5.00 3.00 9.40 10.05 5.65 0.00
50.33 297.63 291.19 3.00 5.00 3.00 10.07 9.72 6.36 5.97
55.89 263.78 297.23 3.00 3.00 5.00 10.03 8.91 6.02 6.69
36.11 271.62 189.79 2.00 13.00 6.00 7.10 8.83 0.00 6.93
14.33 322.49 79.52 1.00 21.00 2.00 6.28 9.47 0.97 0.00
30.11 303.32 172.93 1.00 12.00 3.00 7.25 9.62 16.10 0.00
62.06 206.75 347.62 2.00 3.00 8.00 9.13 9.35 0.00 3.88
87.50 68.99 461.91 1.00 1.00 13.00 9.28 8.81 0.00 0.00
56.89 164.11 298.22 1.00 11.00 7.00 6.36 8.76 7.83 0.00
13.56 382.91 87.69 2.00 17.00 0.00 7.40 10.96 5.17 0.22
46.39 242.97 279.12 1.00 9.00 5.00 7.58 10.14 0.00 0.00
52.56 173.62 290.04 1.00 10.00 5.00 6.11 9.29 0.00 0.00
25.39 327.59 116.36 1.00 13.00 2.00 7.33 7.66 0.00 0.00
46.39 220.00 157.46 1.00 10.00 14.00 6.85 5.67 8.05 0.00
46.94 192.29 147.31 2.00 9.00 16.00 6.06 5.24 1.32 6.22
14.67 355.47 45.05 2.00 13.00 4.00 6.95 5.16 0.00 3.47
51.56 204.33 205.92 1.00 7.00 12.00 7.04 6.68 0.00 0.00
61.22 75.08 215.38 0.00 15.00 18.00 3.23 5.88 0.00 0.00
41.56 136.74 166.75 1.00 21.00 11.00 3.91 6.71 16.37 0.00
30.33 252.15 149.41 1.00 15.00 6.00 6.05 8.22 0.00 0.00
13.39 351.79 60.15 1.00 14.00 3.00 6.78 7.52 0.00 0.00
63.39 160.34 232.57 1.00 5.00 20.00 7.32 6.13 0.00 0.00
86.00 72.02 344.14 0.00 1.00 22.00 8.61 6.68 0.00 0.00
41.39 242.36 204.08 1.00 10.00 5.00 6.90 8.24 0.00 0.00
55.39 170.34 210.10 1.00 8.00 10.00 6.37 6.34 0.00 0.00
52.11 47.89 187.27 0.00 24.00 10.00 1.67 6.01 0.00 0.00
2.11 108.60 8.50 0.00 46.00 0.00 1.85 6.90 0.00 0.00
0.00 105.04 0.00 0.00 51.00 0.00 1.75 0.00 0.00 0.00
31.78 88.37 125.76 1.00 31.00 6.00 2.16 6.61 0.00 0.00
34.83 155.34 132.84 2.00 18.00 7.00 3.98 6.38 0.38 8.62
24.89 205.47 102.03 2.00 21.00 4.00 4.58 6.86 0.00 5.63
35.44 245.67 155.07 1.00 12.00 6.00 6.37 7.30 0.00 0.00
48.06 178.76 208.40 1.00 13.00 11.00 5.74 7.27 0.00 0.00
39.89 147.24 176.10 1.00 22.00 10.00 4.09 7.40 0.00 0.00
