50.49 1299.59 1339.16 11.00 16.00 12.00 11.03 11.14 5.95 6.08
52.88 1158.42 1346.98 11.00 16.00 15.00 10.31 10.69 5.92 6.27
46.92 1163.38 1172.94 10.00 26.00 13.00 9.18 10.50 7.28 6.92
43.83 1120.47 1051.72 9.00 33.00 14.00 8.35 10.08 8.36 6.98
41.90 1159.24 964.45 7.00 34.00 15.00 8.35 9.66 10.01 6.67
45.19 1082.30 1015.36 7.00 32.00 19.00 8.26 9.41 9.65 6.34
51.01 941.82 1116.76 7.00 31.00 25.00 8.04 9.16 10.38 15.17
47.29 957.25 1022.67 7.00 38.00 23.00 7.59 9.05 10.78 16.10
41.82 1027.03 913.54 6.00 43.00 22.00 7.37 9.14 8.49 17.08
44.92 936.94 1004.48 5.00 44.00 22.00 7.10 9.37 10.51 17.93
45.93 929.03 1013.13 5.00 40.00 21.00 7.18 9.24 8.58 17.86
47.68 942.14 1041.32 5.00 36.00 22.00 7.52 9.14 6.54 16.93
50.00 845.51 998.02 5.00 38.00 32.00 7.06 8.35 8.06 16.54
43.90 927.75 841.01 5.00 43.00 30.00 6.90 8.02 6.17 8.65
31.79 1132.14 580.89 6.00 50.00 23.00 6.93 7.66 9.85 9.47
42.57 967.54 748.71 5.00 39.00 35.00 7.03 7.36 11.43 8.37
43.71 824.31 708.36 4.00 48.00 41.00 6.11 6.78 10.40 10.98
41.36 861.08 636.34 5.00 51.00 42.00 6.13 6.43 15.39 9.85
38.15 903.31 567.37 4.00 53.00 42.00 6.09 6.21 10.52 10.71
38.36 885.72 580.13 5.00 51.00 43.00 6.00 6.32 14.84 10.89
42.40 844.50 642.48 4.00 48.00 48.00 6.12 6.33 7.91 12.94
48.12 765.38 777.02 3.00 43.00 49.00 6.16 6.74 18.32 16.93
49.08 731.40 801.51 3.00 45.00 49.00 5.99 6.82 8.78 23.86
49.08 731.40 781.20 3.00 45.00 46.00 5.99 6.65 8.78 17.13
46.81 703.74 773.40 3.00 54.00 41.00 5.52 6.90 10.33 17.04
39.22 702.75 623.99 2.00 70.00 35.00 4.82 6.64 11.78 12.57
39.22 555.63 623.99 2.00 90.00 35.00 3.81 6.64 26.78 12.57
43.82 439.33 689.53 2.00 88.00 38.00 3.26 6.57 38.65 7.72
32.08 550.64 524.19 3.00 103.00 22.00 3.38 6.83 33.10 13.34
28.54 572.78 447.43 4.00 108.00 20.00 3.34 6.55 34.68 11.79
30.60 554.34 475.18 3.00 106.00 23.00 3.33 6.49 32.14 8.69
26.71 581.20 444.70 4.00 113.00 21.00 3.31 6.97 30.93 8.05
27.54 653.76 464.01 4.00 105.00 23.00 3.77 7.04 6.38 8.66
