46.82 2720.31 2700.85 19.00 79.00 53.00 8.56 9.67 9.40 11.29
46.35 2615.53 2615.20 19.00 83.00 56.00 8.15 9.46 9.15 11.36
43.24 2668.02 2389.89 18.00 89.00 52.00 7.86 9.26 11.29 11.95
46.46 2459.48 2446.26 17.00 86.00 64.00 7.68 8.82 11.41 12.32
44.35 2435.65 2222.97 14.00 100.00 69.00 7.31 8.39 10.06 13.34
44.95 2351.18 2229.04 14.00 103.00 73.00 7.14 8.30 11.69 13.25
42.28 2401.66 2062.78 14.00 111.00 72.00 6.95 8.17 10.79 13.25
41.44 2414.32 1998.27 14.00 112.00 73.00 6.89 8.07 13.27 13.45
43.58 2265.30 2004.17 12.00 111.00 89.00 6.70 7.69 11.92 14.12
44.45 2222.56 2045.17 11.00 110.00 89.00 6.68 7.70 12.82 17.80
44.11 2236.04 2017.58 11.00 108.00 88.00 6.68 7.65 11.91 18.18
48.56 2070.29 2175.75 11.00 98.00 97.00 6.72 7.49 12.30 17.11
46.31 1980.42 2031.92 10.00 120.00 95.00 6.16 7.33 10.88 17.56
42.56 1972.14 1837.66 9.00 141.00 89.00 5.73 7.22 13.53 16.24
37.56 2016.47 1569.74 9.00 170.00 82.00 5.39 6.99 20.24 16.24
40.05 1895.90 1665.21 9.00 162.00 88.00 5.28 6.95 25.36 14.62
39.69 1788.91 1614.60 9.00 171.00 89.00 4.95 6.80 23.56 16.55
37.90 1858.17 1488.12 10.00 175.00 87.00 4.99 6.56 23.58 16.03
37.98 1861.36 1479.27 9.00 174.00 90.00 5.01 6.51 22.95 16.31
40.17 1709.27 1580.16 10.00 174.00 96.00 4.77 6.57 23.19 15.52
37.33 1788.51 1497.91 9.00 187.00 86.00 4.76 6.71 21.90 16.25
