46.15 2326.69 2252.70 17.00 59.00 34.00 9.05 10.23 9.32 11.59
48.90 2095.36 2351.53 16.00 60.00 38.00 8.58 10.08 9.56 12.18
46.42 2092.41 2187.01 15.00 66.00 34.00 8.17 9.88 9.95 12.52
45.76 2062.73 2093.04 14.00 69.00 36.00 7.95 9.59 9.82 12.75
45.95 2004.95 1962.47 12.00 72.00 47.00 7.75 8.94 8.94 12.93
44.55 2010.05 1856.37 12.00 75.00 49.00 7.57 8.72 8.43 13.05
41.40 2073.96 1697.93 13.00 81.00 48.00 7.39 8.59 11.05 13.21
44.93 1925.29 1771.37 12.00 77.00 58.00 7.30 8.25 11.36 13.59
42.76 1851.34 1622.19 10.00 91.00 63.00 6.75 7.94 9.53 14.49
43.14 1798.25 1640.81 10.00 95.00 64.00 6.60 7.96 11.93 14.48
42.04 1832.34 1580.86 9.00 93.00 63.00 6.60 7.86 9.78 14.53
43.02 1827.92 1621.44 10.00 88.00 65.00 6.70 7.88 12.83 14.41
46.20 1690.17 1640.50 9.00 86.00 80.00 6.56 7.42 12.05 15.06
46.01 1693.20 1618.03 8.00 86.00 79.00 6.55 7.35 13.46 16.86
40.44 1863.54 1382.47 9.00 95.00 72.00 6.53 7.15 11.43 17.15
45.83 1698.94 1529.91 8.00 84.00 82.00 6.54 6.98 12.15 15.18
45.26 1528.52 1481.76 7.00 102.00 82.00 5.83 6.84 11.47 16.30
40.29 1564.34 1260.33 7.00 121.00 77.00 5.47 6.53 14.73 16.30
38.69 1459.95 1191.36 6.00 143.00 77.00 4.97 6.43 22.52 16.73
41.09 1325.05 1269.73 7.00 139.00 81.00 4.69 6.45 27.98 15.93
37.24 1395.14 1166.74 7.00 151.00 70.00 4.64 6.54 25.60 18.36
38.33 1338.16 1224.45 7.00 152.00 69.00 4.53 6.67 25.58 17.72
39.84 1285.74 1276.69 6.00 151.00 72.00 4.46 6.69 24.97 17.88
37.90 1312.59 1226.93 7.00 158.00 67.00 4.41 6.76 24.13 16.65
37.17 1357.50 1237.41 7.00 159.00 64.00 4.51 6.95 24.63 16.57
