47.61 1571.28 1528.95 13.00 29.00 18.00 10.06 10.79 6.58 6.22
43.56 1466.70 1346.81 11.00 38.00 16.00 8.70 10.38 10.00 6.38
51.02 1228.43 1426.36 8.00 35.00 28.00 8.39 9.37 9.10 14.35
43.52 1324.73 1204.72 9.00 48.00 25.00 7.84 9.27 9.90 14.71
43.97 1200.64 1203.87 7.00 53.00 27.00 7.16 9.17 7.84 15.87
46.02 1149.03 1170.95 6.00 50.00 35.00 7.11 8.52 9.54 15.49
42.93 1201.13 1043.07 7.00 51.00 36.00 7.03 8.13 9.85 16.65
37.68 1207.22 796.34 6.00 65.00 41.00 6.47 7.08 9.22 11.58
41.03 1076.93 857.77 5.00 63.00 47.00 6.10 7.00 9.61 9.85
43.20 1064.65 799.94 5.00 58.00 62.00 6.26 6.19 14.17 11.75
42.20 1086.87 846.63 5.00 58.00 53.00 6.28 6.70 7.88 20.85
49.69 779.29 988.78 3.00 69.00 59.00 5.17 6.65 9.21 17.04
37.44 808.78 773.40 3.00 105.00 41.00 4.31 6.90 22.26 17.04
38.34 710.98 756.83 4.00 108.00 42.00 3.85 6.59 33.10 21.24
32.76 796.70 679.26 4.00 116.00 28.00 3.95 6.93 28.86 11.62
32.46 701.65 651.28 4.00 129.00 33.00 3.47 6.71 28.51 8.66
