46.86 2500.31 2543.03 18.00 69.00 39.00 8.75 10.12 9.54 11.62
46.28 2423.18 2467.89 17.00 73.00 40.00 8.38 9.94 9.58 11.82
46.42 2312.41 2344.83 16.00 76.00 48.00 8.02 9.41 9.75 12.04
45.89 2255.09 2240.34 16.00 79.00 52.00 7.74 9.09 9.33 12.14
42.48 2360.57 2007.52 14.00 85.00 51.00 7.62 8.80 10.41 12.92
45.33 2214.45 2062.29 13.00 82.00 61.00 7.52 8.46 10.62 13.12
43.60 2149.05 1913.37 13.00 96.00 66.00 7.07 8.16 10.61 13.75
44.56 2062.02 1938.12 13.00 98.00 70.00 6.90 8.09 12.45 13.68
41.38 2103.96 1771.60 11.00 106.00 69.00 6.66 7.96 9.36 13.83
39.83 2150.54 1700.97 11.00 109.00 67.00 6.63 7.94 11.92 14.27
44.41 1993.68 1813.43 10.00 98.00 83.00 6.65 7.59 12.40 14.59
47.80 1899.94 1965.65 10.00 89.00 87.00 6.75 7.64 13.68 17.81
45.67 1932.53 1844.65 10.00 96.00 85.00 6.60 7.50 11.43 18.83
47.06 1863.54 1828.13 9.00 95.00 89.00 6.53 7.22 11.43 16.17
41.73 1911.43 1569.74 9.00 119.00 82.00 6.08 6.99 10.88 16.24
40.97 1807.53 1539.44 8.00 130.00 82.00 5.68 6.98 14.12 15.24
40.23 1633.56 1481.76 7.00 153.00 82.00 5.07 6.84 21.53 16.30
39.35 1652.71 1386.09 8.00 153.00 83.00 5.05 6.54 26.71 15.50
38.26 1615.29 1324.20 8.00 161.00 84.00 4.85 6.43 24.69 17.26
39.29 1530.51 1371.76 9.00 161.00 85.00 4.68 6.48 24.39 16.69
37.04 1641.21 1321.81 8.00 164.00 76.00 4.83 6.62 23.40 17.23
39.41 1516.92 1432.85 8.00 165.00 80.00 4.64 6.75 24.13 16.13
39.85 1433.05 1452.79 7.00 174.00 82.00 4.42 6.77 23.18 16.57
