50.28 715.36 738.30 7.00 7.00 6.00 12.10 12.35 3.67 3.23
53.56 605.48 758.07 7.00 8.00 7.00 10.94 11.91 4.40 4.03
50.61 593.61 691.96 5.00 8.00 4.00 10.08 11.49 4.81 7.30
52.56 533.91 674.89 5.00 9.00 6.00 9.44 10.79 6.61 7.27
50.69 584.24 600.78 4.00 9.00 6.00 9.94 9.95 7.41 7.95
52.19 552.94 588.15 4.00 8.00 8.00 9.69 9.44 6.37 5.85
43.22 569.32 480.98 5.00 18.00 9.00 8.39 9.35 7.44 6.38
35.11 586.27 376.83 4.00 24.00 8.00 7.55 9.02 9.01 6.41
33.11 574.94 363.67 3.00 25.00 9.00 7.18 9.21 13.26 4.43
38.19 529.37 427.14 3.00 24.00 10.00 7.15 9.37 10.08 6.23
58.81 372.50 634.84 2.00 13.00 16.00 7.56 9.02 12.35 18.88
59.47 370.85 645.84 3.00 14.00 15.00 7.66 9.07 6.40 21.20
50.53 451.90 549.87 3.00 18.00 13.00 7.63 9.09 5.17 23.23
51.64 407.58 577.34 2.00 20.00 12.00 7.04 9.38 10.23 12.13
33.06 556.52 378.02 3.00 27.00 5.00 6.94 9.63 4.38 10.60
35.89 570.79 395.48 2.00 22.00 7.00 7.44 9.25 3.00 6.30
49.47 393.62 447.86 2.00 20.00 19.00 6.51 7.59 8.79 2.53
36.17 519.95 263.67 3.00 23.00 18.00 6.80 6.09 4.40 5.10
30.53 575.62 202.51 3.00 23.00 18.00 6.91 5.55 13.20 8.01
49.25 396.68 353.23 3.00 16.00 28.00 6.52 5.99 15.85 9.43
37.94 430.55 260.50 2.00 28.00 22.00 5.79 5.74 11.10 14.90
46.56 341.07 372.67 2.00 28.00 24.00 5.33 6.69 16.37 9.73
45.78 327.70 364.79 1.00 30.00 24.00 5.04 6.66 1.37 0.00
27.47 489.04 226.90 2.00 35.00 14.00 5.63 6.90 9.62 5.08
46.86 413.49 381.98 2.00 20.00 26.00 6.50 6.81 0.00 9.92
49.69 423.80 404.36 1.00 15.00 25.00 7.04 6.79 0.00 0.00
52.39 402.70 436.72 2.00 15.00 25.00 7.06 6.96 0.00 28.20
70.69 242.36 554.24 1.00 10.00 32.00 6.90 6.55 0.00 0.00
46.75 290.26 391.35 1.00 34.00 15.00 4.55 6.99 3.22 0.00
28.75 278.94 219.63 1.00 54.00 10.00 3.27 6.38 0.00 0.00
26.06 152.93 187.27 0.00 75.00 10.00 1.72 6.01 0.00 0.00
16.94 196.97 134.27 1.00 78.00 6.00 1.98 6.63 46.57 0.00
17.42 260.38 132.84 2.00 69.00 7.00 2.63 6.38 0.38 8.62
28.33 293.83 227.80 3.00 53.00 10.00 3.42 6.72 8.07 7.15
35.14 401.41 287.91 3.00 31.00 13.00 5.17 6.84 6.68 8.69
36.47 384.23 310.43 3.00 34.00 15.00 5.05 7.13 0.53 9.02
37.67 392.98 331.17 2.00 35.00 16.00 5.27 7.35 2.22 1.33
