50.54 1001.52 1047.97 8.00 11.00 9.00 11.35 11.62 4.23 6.08
51.87 894.35 1049.75 8.00 13.00 10.00 10.39 11.33 5.53 6.10
50.52 891.69 983.14 8.00 13.00 7.00 10.08 10.90 6.73 6.91
53.67 797.97 972.13 8.00 12.00 11.00 9.63 10.14 6.76 7.09
45.83 855.92 790.58 6.00 22.00 12.00 8.82 9.66 6.45 7.73
39.57 875.43 667.75 5.00 29.00 11.00 8.08 9.44 7.49 5.82
38.85 872.64 654.85 6.00 30.00 12.00 7.95 9.43 11.43 5.49
44.09 793.15 724.44 6.00 27.00 16.00 7.91 9.17 11.33 6.85
51.24 644.12 825.58 4.00 26.00 22.00 7.36 8.98 10.08 17.43
44.43 693.48 725.36 4.00 35.00 17.00 6.95 9.11 10.90 19.71
43.72 755.41 722.80 4.00 30.00 16.00 7.47 9.22 9.49 20.26
55.11 614.32 924.95 4.00 23.00 20.00 7.63 9.37 9.36 18.44
51.20 625.51 840.20 4.00 28.00 18.00 7.14 9.16 4.38 19.62
42.89 735.39 693.70 3.00 33.00 14.00 7.17 9.04 4.23 9.91
37.50 776.52 535.84 4.00 37.00 19.00 6.92 7.99 8.06 8.83
39.57 763.14 542.78 4.00 32.00 23.00 7.03 7.66 5.89 7.28
37.87 749.23 492.91 4.00 33.00 23.00 6.71 7.27 11.43 7.34
41.30 724.34 469.59 4.00 30.00 30.00 6.87 6.33 13.20 8.39
40.76 650.70 417.96 3.00 38.00 36.00 6.11 5.71 11.60 12.22
46.69 533.42 519.98 4.00 37.00 40.00 5.57 6.20 17.21 10.71
35.41 683.16 409.90 3.00 43.00 28.00 5.88 6.45 6.20 12.35
35.50 693.36 432.82 3.00 42.00 27.00 5.98 6.79 9.62 12.29
51.65 489.04 597.36 2.00 35.00 44.00 5.63 6.44 9.62 9.92
46.98 561.06 571.10 2.00 36.00 36.00 5.89 6.77 18.32 20.72
45.04 655.85 586.13 3.00 30.00 31.00 6.64 7.25 8.98 23.86
51.59 594.15 614.46 2.00 24.00 35.00 6.83 6.63 0.00 13.20
52.30 450.60 623.99 2.00 39.00 35.00 5.26 6.64 3.22 12.57
47.83 350.96 563.77 1.00 56.00 32.00 3.74 6.56 11.78 0.00
31.17 395.29 391.35 1.00 85.00 15.00 3.19 6.99 26.78 0.00
29.76 367.31 345.40 2.00 86.00 16.00 2.91 6.46 46.57 7.72
28.98 308.28 320.11 2.00 93.00 17.00 2.41 6.16 38.04 8.62
19.59 402.43 236.30 3.00 100.00 10.00 2.78 6.73 34.68 7.15
23.43 506.45 287.91 3.00 82.00 13.00 3.68 6.84 6.68 8.69
34.91 472.60 436.19 4.00 66.00 21.00 4.04 6.97 7.37 8.05
36.72 548.72 464.01 4.00 54.00 23.00 4.83 7.04 6.38 8.66
