42.94 2931.11 2347.09 12.00 68.00 38.00 9.54 10.18 14.25 17.01
43.10 2709.34 2286.68 13.00 75.00 42.00 8.85 9.88 13.66 8.55
38.06 2930.23 1970.24 13.00 80.00 39.00 8.79 9.64 13.20 8.29
34.63 3093.33 1753.97 14.00 84.00 36.00 8.79 9.43 11.54 8.10
36.81 2831.96 1802.61 16.00 86.00 42.00 8.32 9.12 12.07 8.03
38.44 2724.82 1822.60 17.00 88.00 48.00 8.22 8.83 12.29 6.60
34.90 2751.55 1632.91 17.00 99.00 46.00 7.85 8.71 11.92 6.60
32.51 2732.26 1494.48 16.00 112.00 44.00 7.52 8.56 15.15 6.67
35.22 2553.16 1565.86 16.00 110.00 51.00 7.32 8.27 16.67 7.34
34.68 2519.95 1515.60 15.00 110.00 52.00 7.16 8.13 17.16 7.95
34.17 2395.02 1494.92 15.00 118.00 51.00 6.75 8.14 18.80 8.09
35.96 2301.40 1550.71 15.00 118.00 56.00 6.67 8.03 19.05 7.99
36.78 2261.09 1578.93 15.00 116.00 60.00 6.64 7.99 18.47 7.90
39.40 2136.66 1566.46 14.00 114.00 76.00 6.54 7.39 19.12 10.52
36.76 2155.88 1451.25 14.00 126.00 69.00 6.32 7.34 17.76 11.21
37.74 2106.65 1465.30 15.00 124.00 73.00 6.28 7.22 17.22 11.05
36.32 2209.10 1379.15 15.00 122.00 73.00 6.43 7.06 17.54 10.18
37.77 2106.95 1404.98 16.00 121.00 81.00 6.28 6.92 17.71 11.04
36.40 2190.07 1310.74 15.00 124.00 83.00 6.39 6.69 17.52 11.15
35.17 2293.09 1257.87 14.00 121.00 78.00 6.56 6.65 18.18 11.46
36.29 2164.10 1309.02 15.00 126.00 79.00 6.30 6.70 17.67 11.13
34.71 2153.21 1220.93 14.00 136.00 79.00 6.12 6.54 19.31 11.45
32.53 2125.15 1172.29 12.00 148.00 73.00 5.84 6.70 23.25 11.86
