43.35 2657.47 2110.52 11.00 58.00 36.00 9.81 10.19 14.45 17.33
43.40 2512.72 2044.33 10.00 62.00 38.00 9.28 9.86 13.94 8.83
39.58 2649.74 1838.89 11.00 66.00 33.00 9.17 9.73 14.25 8.48
36.60 2673.90 1648.37 13.00 75.00 34.00 8.82 9.43 11.16 8.55
37.18 2492.58 1665.89 13.00 77.00 36.00 8.29 9.39 10.84 8.29
36.88 2502.31 1623.78 13.00 78.00 36.00 8.28 9.22 11.54 7.06
35.33 2465.66 1482.73 15.00 83.00 40.00 7.97 8.79 12.29 6.99
36.57 2399.29 1494.48 16.00 84.00 44.00 7.90 8.56 12.42 6.67
34.72 2389.56 1387.62 15.00 91.00 44.00 7.65 8.37 12.28 6.88
33.03 2318.69 1295.83 14.00 103.00 43.00 7.23 8.22 16.64 6.89
36.32 2088.91 1401.66 14.00 103.00 49.00 6.85 8.08 18.17 7.48
34.86 2095.55 1332.51 13.00 107.00 49.00 6.72 8.00 17.85 8.43
34.08 2075.72 1328.28 13.00 108.00 46.00 6.57 8.16 19.29 8.37
35.31 2017.45 1355.99 13.00 107.00 50.00 6.51 8.03 19.77 7.97
34.37 2039.86 1305.16 13.00 112.00 49.00 6.49 7.95 18.76 8.03
40.62 1868.79 1431.46 13.00 99.00 68.00 6.57 7.37 18.76 10.89
37.65 1950.49 1322.44 13.00 105.00 63.00 6.53 7.35 17.76 10.72
36.24 1935.24 1229.07 14.00 110.00 65.00 6.34 7.10 17.69 10.52
35.91 1935.21 1143.22 14.00 112.00 71.00 6.30 6.66 18.46 10.54
37.40 1910.80 1162.47 13.00 108.00 76.00 6.37 6.50 18.58 12.00
37.72 1909.23 1179.39 13.00 110.00 77.00 6.40 6.54 18.13 11.70
37.21 1873.36 1152.42 13.00 112.00 77.00 6.23 6.47 19.09 11.81
36.60 1825.33 1172.29 12.00 117.00 73.00 6.01 6.70 18.48 11.86
32.67 1930.23 1022.10 10.00 126.00 67.00 5.98 6.54 15.62 12.73
32.67 1839.11 1022.10 10.00 131.00 67.00 5.70 6.54 21.34 12.73
