54.48 1085.09 1132.44 2.00 8.00 10.00 13.30 11.61 21.07 19.87
55.06 952.00 1096.38 2.00 10.00 11.00 11.82 11.12 12.52 8.13
43.31 1165.94 869.46 3.00 14.00 7.00 11.47 11.22 13.69 9.64
32.81 1329.55 656.97 4.00 19.00 5.00 11.04 11.18 8.57 9.31
37.11 1192.33 729.38 5.00 18.00 6.00 10.57 10.98 6.47 8.79
38.33 1163.50 709.87 5.00 16.00 8.00 10.53 10.34 5.22 4.01
32.56 1145.54 575.50 6.00 25.00 9.00 9.47 9.87 7.79 3.69
34.22 1121.91 576.47 6.00 22.00 10.00 9.51 9.43 9.08 5.52
39.17 1004.71 604.61 6.00 21.00 18.00 9.21 8.63 9.41 6.27
34.65 976.22 512.82 5.00 28.00 17.00 8.32 8.27 11.93 6.01
40.22 745.92 568.59 5.00 35.00 22.00 6.95 7.89 15.88 5.76
40.15 722.76 565.95 4.00 40.00 22.00 6.72 7.86 15.11 9.14
41.78 700.25 638.51 4.00 35.00 19.00 6.69 8.54 15.40 9.36
40.02 635.43 613.58 5.00 42.00 20.00 5.90 8.56 14.44 9.21
31.69 759.51 496.10 4.00 45.00 14.00 6.19 8.75 8.29 9.38
36.43 786.98 584.18 5.00 36.00 14.00 6.90 8.96 11.07 8.69
33.09 893.50 504.01 6.00 33.00 14.00 7.44 8.52 11.88 3.10
36.85 838.09 546.78 8.00 32.00 18.00 7.40 8.30 10.95 2.77
30.35 905.51 418.26 7.00 39.00 18.00 7.24 7.69 11.78 2.62
23.28 974.92 304.28 5.00 47.00 13.00 7.07 7.30 20.15 2.46
34.81 788.27 465.15 6.00 44.00 19.00 6.73 7.45 23.38 6.27
32.96 756.45 418.60 5.00 45.00 21.00 6.28 7.08 23.41 8.78
29.20 755.60 421.69 4.00 50.00 15.00 5.94 8.05 25.49 9.18
30.87 739.32 437.98 3.00 46.00 16.00 5.95 7.91 20.82 7.95
38.22 654.92 522.15 4.00 41.00 23.00 5.90 7.62 17.95 7.87
54.89 526.32 648.45 4.00 25.00 42.00 6.49 6.58 17.95 11.45
43.78 607.50 489.17 4.00 37.00 36.00 6.01 6.23 15.29 14.93
43.83 562.78 462.52 5.00 43.00 38.00 5.58 5.88 6.46 14.35
46.67 560.00 453.11 5.00 39.00 44.00 5.84 5.41 10.71 14.28
45.57 528.78 420.22 5.00 43.00 47.00 5.41 5.14 10.33 16.49
40.63 629.48 370.32 4.00 43.00 42.00 5.90 5.08 10.45 10.73
27.33 791.85 305.08 5.00 49.00 22.00 6.06 6.23 13.02 9.76
30.28 768.34 353.86 5.00 44.00 24.00 6.13 6.52 12.32 9.11
27.33 833.77 339.81 4.00 47.00 20.00 6.39 6.93 16.26 9.69
21.72 809.56 297.08 3.00 59.00 14.00 5.75 7.64 26.98 1.50
