45.23 1911.34 1541.93 6.00 23.00 14.00 11.68 11.42 14.09 22.20
38.27 1949.49 1199.74 7.00 31.00 14.00 10.57 10.51 12.90 7.60
40.48 1733.00 1169.79 9.00 32.00 22.00 9.74 9.68 9.23 7.74
36.68 1572.16 978.08 9.00 50.00 26.00 8.30 8.93 12.27 5.75
37.34 1483.80 969.36 8.00 52.00 26.00 7.92 8.70 12.86 8.22
37.22 1300.04 936.51 8.00 59.00 30.00 6.92 8.43 12.99 7.95
37.00 1320.12 906.59 9.00 58.00 31.00 7.00 8.22 13.96 7.89
32.06 1384.78 783.01 9.00 70.00 26.00 6.81 8.18 11.33 7.26
33.98 1343.00 832.44 9.00 68.00 27.00 6.79 8.21 18.97 5.45
29.46 1375.22 689.77 9.00 73.00 27.00 6.51 7.84 21.56 7.13
35.98 1279.75 809.07 9.00 67.00 35.00 6.67 7.53 21.57 7.25
40.39 1056.99 818.43 7.00 72.00 49.00 5.92 6.78 21.97 12.83
39.24 1029.55 724.96 7.00 72.00 53.00 5.66 6.18 15.02 13.21
39.47 1120.96 713.41 7.00 66.00 58.00 6.18 6.05 13.86 13.68
41.03 1069.73 750.26 8.00 67.00 58.00 6.06 6.12 11.19 13.25
29.34 1184.19 499.95 6.00 90.00 44.00 5.59 5.70 22.44 8.91
