57.42 718.86 812.55 1.00 5.00 8.00 14.15 11.86 0.00 0.00
55.86 626.46 768.41 1.00 6.00 8.00 11.88 11.54 0.00 0.00
46.83 803.72 624.24 1.00 6.00 5.00 12.66 11.17 21.07 0.00
35.06 916.56 458.07 2.00 10.00 3.00 11.81 10.93 0.00 8.13
42.44 728.29 565.11 3.00 11.00 4.00 10.58 11.15 3.40 9.64
40.89 738.53 526.78 3.00 13.00 5.00 10.46 10.79 8.57 4.85
31.36 826.03 409.49 4.00 15.00 4.00 10.07 10.95 5.03 4.31
30.78 837.97 381.75 4.00 12.00 4.00 10.13 10.41 3.36 2.85
30.69 783.55 330.21 4.00 17.00 7.00 9.46 9.01 8.71 2.81
37.17 708.35 377.81 4.00 13.00 9.00 9.43 8.53 11.66 6.04
45.53 540.46 440.41 4.00 14.00 16.00 8.30 8.10 12.16 6.18
35.36 551.82 329.72 3.00 25.00 14.00 7.13 7.81 11.70 7.07
42.86 426.62 401.94 3.00 25.00 17.00 6.23 7.86 17.27 6.36
39.67 438.81 371.23 2.00 29.00 16.00 6.07 7.81 14.38 6.03
34.61 479.02 364.75 2.00 31.00 8.00 6.12 8.83 11.48 9.07
45.22 367.55 478.58 4.00 27.00 12.00 5.61 8.87 8.34 10.12
32.72 554.12 367.28 3.00 24.00 8.00 6.88 9.43 8.29 3.07
29.78 615.58 347.96 4.00 22.00 6.00 7.33 9.83 11.26 2.67
29.83 619.62 268.08 5.00 23.00 12.00 7.38 7.53 12.58 2.85
34.92 641.94 304.28 5.00 19.00 13.00 8.25 7.30 12.63 2.46
32.61 624.67 286.91 5.00 25.00 12.00 7.75 7.36 9.84 2.46
25.50 555.20 198.83 4.00 38.00 12.00 6.22 6.53 23.34 2.72
35.31 449.49 328.43 3.00 35.00 13.00 5.80 7.78 30.27 6.66
23.94 533.48 219.77 1.00 35.00 9.00 5.85 7.68 0.00 0.00
28.11 469.55 271.50 2.00 33.00 9.00 5.45 8.08 0.00 11.87
46.31 407.10 437.98 3.00 18.00 16.00 6.33 7.91 20.82 7.95
37.72 491.47 343.08 3.00 23.00 16.00 6.59 7.62 17.95 4.84
58.39 324.93 428.67 3.00 18.00 33.00 6.52 6.13 4.30 12.95
57.17 301.39 396.40 3.00 22.00 34.00 5.88 5.80 4.37 16.15
43.39 357.07 244.31 3.00 32.00 31.00 5.27 4.71 6.05 17.96
40.78 374.63 202.80 3.00 31.00 30.00 5.28 4.16 11.34 3.21
32.33 409.56 209.68 4.00 36.00 20.00 5.05 5.43 11.44 11.39
33.00 513.46 224.23 3.00 28.00 22.00 6.40 5.68 10.76 11.13
33.64 553.93 271.30 3.00 23.00 18.00 6.97 6.74 14.25 10.95
32.58 509.73 297.08 3.00 28.00 14.00 6.31 7.64 11.74 1.50
16.03 662.13 163.68 2.00 37.00 4.00 6.58 8.57 14.66 1.38
12.42 554.71 129.63 2.00 46.00 2.00 5.29 8.76 32.05 1.38
