45.32 2452.01 1982.34 10.00 37.00 30.00 10.72 10.47 13.75 18.17
42.49 2341.79 1808.10 9.00 47.00 30.00 9.73 10.19 13.04 7.74
39.58 2376.11 1602.32 10.00 56.00 31.00 9.40 9.69 14.45 7.46
36.02 2477.28 1406.02 10.00 62.00 30.00 9.25 9.34 11.22 8.83
38.80 2212.09 1534.54 11.00 63.00 30.00 8.63 9.47 11.81 8.48
39.45 2082.88 1518.17 12.00 69.00 34.00 8.21 9.21 11.16 7.55
35.55 2126.28 1346.00 12.00 74.00 34.00 7.88 9.07 11.13 7.27
34.51 2176.77 1295.66 12.00 74.00 32.00 7.94 8.99 11.84 7.25
35.20 2103.67 1237.44 13.00 75.00 38.00 7.75 8.42 12.71 7.37
37.75 1985.72 1295.83 14.00 75.00 43.00 7.62 8.22 13.66 6.89
35.90 1925.31 1223.42 13.00 84.00 42.00 7.17 8.15 13.41 7.08
33.00 1894.30 1112.73 12.00 100.00 40.00 6.75 8.07 17.31 7.36
36.52 1769.62 1235.02 12.00 93.00 44.00 6.65 8.09 18.56 7.72
33.97 1811.60 1137.79 11.00 96.00 43.00 6.54 8.01 18.56 8.49
30.93 1854.49 1054.51 11.00 104.00 35.00 6.40 8.16 19.84 8.62
36.13 1749.58 1220.99 12.00 92.00 42.00 6.53 8.08 19.51 8.17
35.05 1834.47 1176.35 12.00 91.00 43.00 6.74 8.03 18.76 6.59
39.32 1697.38 1195.23 12.00 85.00 60.00 6.67 7.27 19.48 10.42
37.37 1676.61 1086.51 12.00 95.00 61.00 6.39 6.95 18.82 11.15
35.60 1739.09 986.57 11.00 97.00 60.00 6.44 6.62 18.68 11.59
37.35 1654.37 1011.87 12.00 98.00 65.00 6.30 6.47 19.33 11.14
40.05 1491.08 1057.02 12.00 99.00 75.00 5.93 6.31 19.68 12.40
38.28 1570.45 1042.66 10.00 101.00 71.00 6.07 6.51 19.17 12.49
35.24 1650.38 953.59 9.00 102.00 65.00 6.08 6.46 14.91 13.20
37.34 1539.28 1022.10 10.00 100.00 67.00 5.86 6.54 13.95 12.73
37.34 1598.01 1022.10 10.00 98.00 67.00 6.08 6.54 15.62 12.73
31.74 1675.66 843.03 9.00 113.00 60.00 5.85 6.35 21.34 12.61
