43.52 2230.85 1707.94 8.00 33.00 19.00 11.01 10.96 12.90 19.95
44.64 2073.91 1673.09 8.00 32.00 22.00 10.45 10.47 13.95 8.05
41.24 2170.65 1474.14 9.00 35.00 25.00 10.30 9.99 13.75 7.74
33.73 2306.35 1169.79 9.00 47.00 22.00 9.70 9.68 9.29 7.74
38.67 1938.46 1297.96 10.00 53.00 28.00 8.81 9.37 11.74 7.46
39.24 1886.26 1275.82 9.00 56.00 30.00 8.65 9.07 11.22 7.89
37.17 1845.80 1214.65 10.00 60.00 28.00 8.18 9.13 12.20 7.51
37.12 1757.34 1190.05 11.00 65.00 30.00 7.79 8.96 11.46 7.79
35.43 1764.29 1100.71 10.00 66.00 32.00 7.61 8.68 11.62 7.82
35.54 1763.20 1097.00 10.00 65.00 31.00 7.62 8.62 13.41 7.48
36.66 1639.42 1073.24 11.00 68.00 36.00 7.21 8.18 14.11 7.63
38.50 1561.32 1112.73 12.00 72.00 40.00 7.07 8.07 13.72 7.36
36.06 1606.01 1056.78 11.00 74.00 37.00 6.99 8.19 13.24 7.17
31.65 1610.35 918.01 10.00 89.00 34.00 6.56 8.10 18.11 7.20
33.25 1548.38 961.25 10.00 89.00 33.00 6.46 8.07 18.97 7.89
34.69 1543.73 1002.78 10.00 81.00 35.00 6.58 8.07 18.02 8.76
31.15 1649.10 925.70 10.00 83.00 29.00 6.66 8.30 19.84 6.79
33.86 1578.17 984.76 11.00 78.00 34.00 6.64 8.12 20.35 6.60
34.29 1560.58 940.42 11.00 81.00 41.00 6.61 7.65 20.11 6.88
39.08 1501.24 952.72 9.00 72.00 55.00 6.86 6.79 20.87 11.49
39.30 1395.77 955.16 10.00 81.00 55.00 6.40 6.77 19.76 11.86
38.40 1319.37 881.11 10.00 88.00 59.00 5.96 6.40 19.84 12.05
37.94 1315.60 875.14 9.00 89.00 59.00 5.90 6.43 20.65 12.05
38.22 1268.10 858.20 8.00 89.00 63.00 5.71 6.26 14.76 14.02
39.43 1284.40 892.48 8.00 84.00 65.00 5.90 6.31 13.86 13.45
41.11 1318.16 953.59 9.00 74.00 65.00 6.23 6.46 14.91 13.20
37.03 1375.83 843.03 9.00 82.00 60.00 6.08 6.35 13.95 12.61
35.58 1396.62 802.33 9.00 91.00 58.00 6.03 6.28 14.11 12.61
34.19 1369.56 750.26 8.00 98.00 58.00 5.79 6.12 21.23 13.25
