45.23 1911.34 1541.93 6.00 23.00 14.00 11.68 11.42 14.09 22.20
45.34 1789.97 1478.37 6.00 22.00 16.00 10.96 10.93 12.99 8.04
38.27 1949.49 1199.74 7.00 31.00 14.00 10.57 10.51 12.90 7.60
34.56 2038.47 1034.78 8.00 32.00 14.00 10.43 10.04 9.24 8.05
40.48 1733.00 1169.79 9.00 32.00 22.00 9.74 9.68 9.23 7.74
37.14 1715.33 1039.59 8.00 41.00 22.00 9.13 9.38 9.29 5.73
36.68 1572.16 978.08 9.00 50.00 26.00 8.30 8.93 12.27 5.75
36.40 1560.73 947.70 8.00 52.00 26.00 8.20 8.72 11.63 8.31
37.34 1483.80 969.36 8.00 52.00 26.00 7.92 8.70 12.86 8.22
38.88 1343.77 991.39 9.00 56.00 29.00 7.35 8.55 13.37 8.12
37.22 1300.04 936.51 8.00 59.00 30.00 6.92 8.43 12.99 7.95
36.00 1338.81 913.91 8.00 62.00 28.00 6.99 8.51 13.77 8.14
37.00 1320.12 906.59 9.00 58.00 31.00 7.00 8.22 13.96 7.89
37.98 1277.37 918.01 10.00 61.00 34.00 6.88 8.10 14.62 7.20
32.06 1384.78 783.01 9.00 70.00 26.00 6.81 8.18 11.33 7.26
32.06 1342.47 783.01 9.00 74.00 26.00 6.60 8.18 17.31 7.26
33.98 1343.00 832.44 9.00 68.00 27.00 6.79 8.21 18.97 5.45
31.69 1372.32 766.55 9.00 67.00 27.00 6.71 8.11 18.82 6.93
29.46 1375.22 689.77 9.00 73.00 27.00 6.51 7.84 21.56 7.13
32.49 1382.02 742.25 8.00 65.00 29.00 6.83 7.65 21.95 7.37
35.98 1279.75 809.07 9.00 67.00 35.00 6.67 7.53 21.57 7.25
43.13 1081.51 847.27 8.00 63.00 54.00 6.35 6.57 23.05 11.91
40.39 1056.99 818.43 7.00 72.00 49.00 5.92 6.78 21.97 12.83
35.88 1096.39 682.29 6.00 78.00 47.00 5.71 6.36 14.17 13.96
39.24 1029.55 724.96 7.00 72.00 53.00 5.66 6.18 15.02 13.21
45.87 935.88 858.20 8.00 61.00 63.00 5.77 6.26 14.76 14.02
39.47 1120.96 713.41 7.00 66.00 58.00 6.18 6.05 13.86 13.68
39.76 1116.77 733.82 8.00 67.00 56.00 6.19 6.17 12.17 13.22
41.03 1069.73 750.26 8.00 67.00 58.00 6.06 6.12 11.19 13.25
33.76 1190.91 584.13 7.00 80.00 51.00 6.00 5.79 13.90 14.00
29.34 1184.19 499.95 6.00 90.00 44.00 5.59 5.70 22.44 8.91
