49.93 1447.30 1377.66 4.00 16.00 12.00 12.09 11.56 13.69 23.98
48.38 1364.99 1295.28 4.00 19.00 13.00 11.06 11.22 16.04 9.31
39.10 1629.98 1033.73 5.00 21.00 9.00 11.20 11.08 14.09 8.79
32.92 1754.52 840.06 6.00 22.00 8.00 10.95 10.69 5.22 8.04
36.57 1511.84 895.38 7.00 28.00 11.00 9.97 10.25 7.58 7.60
39.03 1447.45 904.59 7.00 26.00 14.00 9.93 9.72 9.24 5.59
38.44 1366.70 849.90 8.00 29.00 20.00 9.29 9.26 8.99 5.73
33.07 1389.79 711.47 7.00 37.00 18.00 8.68 9.02 9.50 5.84
36.78 1210.17 732.79 7.00 42.00 24.00 8.00 8.34 13.12 6.25
38.42 1147.16 749.05 6.00 43.00 25.00 7.78 8.16 14.09 8.48
40.07 1019.55 805.16 6.00 45.00 24.00 7.11 8.42 15.02 8.00
40.29 919.37 808.30 7.00 53.00 26.00 6.43 8.41 13.79 8.95
37.79 980.74 769.87 6.00 49.00 25.00 6.58 8.54 12.99 8.73
34.72 1054.86 719.19 6.00 51.00 22.00 6.75 8.67 14.07 8.12
32.22 1098.89 632.82 7.00 54.00 20.00 6.77 8.23 11.88 8.19
40.07 1009.50 783.01 9.00 46.00 26.00 7.04 8.18 11.60 7.26
32.67 1179.39 654.20 8.00 49.00 20.00 7.31 8.40 11.33 2.77
27.64 1171.07 546.78 8.00 60.00 18.00 6.76 8.30 18.10 2.77
32.57 1069.11 596.50 8.00 58.00 25.00 6.62 7.66 20.93 5.75
29.43 1176.18 524.05 6.00 54.00 22.00 6.96 7.45 20.54 8.11
30.36 1094.38 558.41 7.00 59.00 21.00 6.56 7.70 23.82 7.82
35.90 962.30 636.80 7.00 56.00 28.00 6.26 7.42 24.74 7.76
36.51 940.97 672.34 6.00 58.00 29.00 6.18 7.70 24.33 7.40
41.17 858.54 648.45 4.00 53.00 42.00 6.09 6.58 17.95 11.45
42.64 770.94 668.24 5.00 55.00 43.00 5.61 6.55 15.29 13.98
44.85 764.17 682.29 6.00 50.00 47.00 5.78 6.36 14.17 13.96
39.25 866.10 545.89 6.00 54.00 46.00 5.95 5.82 15.02 13.27
45.36 734.49 638.42 7.00 54.00 54.00 5.61 5.88 10.34 14.24
45.08 814.85 620.63 6.00 51.00 56.00 6.19 5.75 9.98 14.46
38.51 911.06 515.61 6.00 56.00 49.00 6.19 5.60 12.18 14.95
36.68 884.36 499.95 6.00 59.00 44.00 5.83 5.70 11.70 8.91
24.18 1071.69 373.59 6.00 73.00 24.00 5.90 6.47 14.49 8.91
22.71 1068.17 353.86 5.00 75.00 24.00 5.77 6.52 24.14 9.11
