41.23 3211.59 2478.44 14.00 82.00 44.00 9.14 10.07 13.20 16.30
40.67 3128.77 2392.28 14.00 84.00 44.00 8.82 9.86 13.61 8.10
37.63 3269.61 2106.97 16.00 89.00 45.00 8.76 9.38 14.04 8.03
36.27 3315.84 1952.80 18.00 94.00 48.00 8.70 9.02 12.29 7.63
36.27 3117.85 1952.80 18.00 102.00 48.00 8.18 9.02 11.74 7.63
34.60 3057.80 1822.60 17.00 116.00 48.00 7.81 8.83 14.80 6.60
35.33 2915.16 1811.15 18.00 118.00 53.00 7.53 8.59 16.17 7.02
34.04 2933.52 1714.25 17.00 119.00 53.00 7.43 8.44 15.73 7.73
33.40 2859.27 1659.13 17.00 125.00 53.00 7.17 8.32 17.46 7.88
35.68 2725.80 1733.81 17.00 121.00 59.00 7.08 8.14 18.29 7.60
36.60 2580.39 1745.58 17.00 126.00 65.00 6.80 7.99 18.14 7.65
39.57 2420.61 1761.18 16.00 125.00 82.00 6.69 7.45 18.47 10.29
38.69 2377.11 1725.02 16.00 130.00 80.00 6.47 7.46 17.69 10.80
36.93 2374.52 1600.30 16.00 139.00 81.00 6.29 7.25 17.75 10.75
35.65 2414.49 1507.97 16.00 143.00 79.00 6.26 7.08 17.54 10.73
38.96 2278.35 1641.21 17.00 135.00 89.00 6.23 7.05 17.26 11.44
36.72 2463.95 1546.68 16.00 134.00 85.00 6.50 7.05 16.76 10.80
35.72 2489.23 1500.37 17.00 134.00 83.00 6.47 7.03 17.47 10.60
35.24 2444.94 1440.37 17.00 140.00 85.00 6.30 6.84 17.17 10.64
33.12 2572.93 1326.38 15.00 145.00 80.00 6.42 6.70 18.37 11.13
32.66 2463.93 1309.02 15.00 157.00 79.00 6.11 6.70 22.30 11.13
