69.78 281.37 507.82 1.00 2.00 5.00 15.57 12.19 0.00 0.00
95.06 34.19 638.31 0.00 0.00 8.00 11.66 11.26 0.00 0.00
45.06 437.50 304.35 0.00 3.00 3.00 13.37 11.34 0.00 0.00
16.67 591.02 130.10 1.00 6.00 0.00 11.88 13.10 0.00 0.00
48.61 366.07 319.89 1.00 3.00 2.00 11.91 11.02 0.00 0.00
53.44 325.54 327.87 1.00 4.00 3.00 11.70 10.27 0.00 0.00
36.28 361.99 245.22 2.00 8.00 2.00 9.50 11.34 0.00 5.28
28.33 412.99 198.65 2.00 9.00 1.00 9.65 11.80 7.18 2.53
26.44 464.04 164.20 2.00 7.00 2.00 10.56 10.44 4.85 1.70
33.22 424.40 183.09 2.00 3.00 3.00 10.65 9.23 1.08 2.23
34.94 319.30 166.01 2.00 10.00 5.00 8.22 7.94 0.00 1.72
41.11 283.95 194.72 2.00 10.00 6.00 8.07 7.96 0.68 8.07
56.11 221.16 273.77 2.00 4.00 11.00 8.43 8.19 4.82 6.75
29.61 267.87 135.01 1.00 14.00 8.00 6.35 7.61 0.00 0.00
29.61 205.39 128.17 1.00 21.00 6.00 4.87 7.23 0.00 0.00
49.72 170.94 236.23 1.00 14.00 8.00 5.69 7.93 0.00 0.00
39.61 273.64 235.93 1.00 10.00 2.00 7.57 10.03 11.48 0.00
40.72 196.14 242.35 3.00 13.00 4.00 5.53 10.04 0.65 4.36
25.83 280.23 131.35 2.00 14.00 6.00 6.32 8.53 7.32 2.98
18.83 419.43 105.45 1.00 9.00 1.00 8.64 9.39 13.28 0.00
33.83 338.78 136.73 3.00 9.00 6.00 8.57 6.77 8.05 2.69
51.00 222.22 198.83 4.00 10.00 12.00 7.60 6.53 2.65 2.72
31.39 285.89 150.19 2.00 16.00 6.00 6.96 8.00 12.03 0.22
0.00 332.22 0.00 0.00 28.00 0.00 5.54 0.00 0.00 0.00
39.22 163.45 178.24 1.00 18.00 7.00 4.49 7.60 0.00 0.00
47.89 201.26 219.77 1.00 7.00 9.00 6.45 7.68 0.00 0.00
17.00 306.10 92.43 1.00 15.00 2.00 6.15 9.15 0.00 0.00
44.72 205.71 218.20 2.00 11.00 7.00 6.21 8.16 0.00 4.08
58.44 185.37 250.31 2.00 8.00 14.00 7.45 7.17 4.30 4.80
72.06 119.21 210.47 1.00 7.00 26.00 7.12 4.88 0.00 0.00
55.89 116.02 146.09 1.00 14.00 20.00 4.39 4.37 4.40 0.00
14.72 237.86 33.78 2.00 25.00 4.00 4.66 3.87 6.98 1.50
25.67 258.61 56.71 2.00 16.00 10.00 5.81 3.70 0.00 2.40
49.94 171.64 175.91 2.00 10.00 16.00 5.73 5.89 0.00 13.95
40.33 254.85 167.45 1.00 12.00 12.00 7.13 6.95 7.77 0.00
17.33 382.28 95.17 1.00 13.00 2.00 7.72 9.21 15.27 0.00
24.83 254.88 129.63 2.00 15.00 2.00 5.67 8.76 2.05 1.38
14.72 279.69 68.51 1.00 24.00 2.00 5.48 7.81 0.00 0.00
0.00 299.76 0.00 0.00 31.00 0.00 5.00 0.00 0.00 0.00
