44.54 1386.09 1064.25 6.00 18.00 17.00 10.45 10.00 10.60 9.05
47.68 1185.20 1122.18 7.00 19.00 18.00 9.46 9.84 7.67 8.75
47.53 1151.26 1089.85 7.00 22.00 16.00 9.16 9.61 9.27 6.95
40.75 1240.51 905.57 8.00 24.00 12.00 8.74 9.31 8.41 7.93
40.50 1161.07 866.84 8.00 29.00 15.00 8.15 8.97 7.90 6.89
41.90 1046.01 844.45 8.00 31.00 18.00 7.52 8.44 8.05 6.96
42.21 1032.78 827.66 7.00 32.00 20.00 7.46 8.22 8.67 4.65
41.00 995.05 765.21 7.00 36.00 22.00 7.04 7.81 8.90 6.74
39.33 944.54 710.16 7.00 45.00 24.00 6.50 7.56 8.48 7.04
45.47 830.44 775.40 7.00 41.00 31.00 6.36 7.14 9.40 7.89
39.40 891.93 621.70 7.00 48.00 32.00 6.14 6.60 4.52 8.35
39.96 804.29 617.99 5.00 57.00 34.00 5.59 6.47 4.46 7.22
40.03 800.12 626.75 8.00 53.00 31.00 5.57 6.55 14.99 9.26
36.72 875.71 549.66 7.00 55.00 29.00 5.78 6.26 14.42 9.98
35.15 814.51 528.20 7.00 63.00 27.00 5.24 6.29 15.55 8.45
30.14 883.78 463.02 8.00 69.00 22.00 5.28 6.43 15.20 8.05
33.36 861.68 539.85 8.00 61.00 21.00 5.40 6.77 16.12 8.34
25.75 907.39 442.72 8.00 78.00 13.00 5.10 7.23 16.66 6.16
32.18 817.25 541.44 8.00 73.00 18.00 5.03 7.06 16.11 7.68
34.74 822.37 601.27 9.00 68.00 19.00 5.26 7.26 13.04 7.28
32.67 824.66 546.29 6.00 75.00 20.00 5.11 7.01 9.16 6.44
34.28 790.33 557.60 7.00 74.00 23.00 5.02 6.81 11.31 5.97
37.47 752.51 599.07 6.00 70.00 27.00 5.02 6.69 10.87 7.08
39.61 672.66 643.35 7.00 74.00 26.00 4.65 6.80 12.11 7.58
40.36 643.54 597.28 7.00 77.00 33.00 4.51 6.19 12.46 6.47
40.50 714.28 578.85 6.00 68.00 34.00 5.01 5.97 11.36 5.64
39.04 765.99 549.62 6.00 64.00 29.00 5.25 5.88 13.23 5.20
38.72 785.46 516.97 5.00 64.00 30.00 5.35 5.57 12.29 7.85
36.58 715.59 488.91 5.00 78.00 28.00 4.71 5.58 14.90 7.85
34.50 732.74 472.60 5.00 80.00 23.00 4.67 5.72 13.71 8.12
29.65 720.99 390.13 6.00 95.00 19.00 4.28 5.50 18.17 8.75
34.26 683.68 453.31 4.00 89.00 27.00 4.34 5.52 18.20 8.39
34.96 666.17 476.00 5.00 88.00 22.00 4.27 5.69 18.55 9.28
