45.98 1579.70 1339.04 8.00 27.00 21.00 9.78 9.75 10.84 8.15
42.61 1499.81 1194.01 9.00 32.00 20.00 8.73 9.39 7.94 7.19
40.52 1400.75 1057.66 10.00 39.00 21.00 7.87 8.75 8.83 6.30
42.18 1195.97 968.05 8.00 48.00 30.00 6.91 7.69 7.90 6.60
41.87 1085.14 896.49 9.00 57.00 36.00 6.24 7.17 8.23 7.66
36.61 1148.73 730.91 10.00 63.00 35.00 6.05 6.68 13.33 8.67
36.24 1054.04 719.09 9.00 73.00 33.00 5.52 6.64 15.08 9.15
35.10 1024.86 680.17 9.00 78.00 31.00 5.27 6.49 14.46 7.89
36.14 957.86 728.12 10.00 84.00 30.00 5.01 6.75 15.48 8.35
31.22 1081.46 655.25 9.00 90.00 23.00 5.25 7.04 14.34 7.61
34.20 1006.50 691.31 7.00 91.00 29.00 5.11 6.77 11.35 7.36
39.27 853.89 749.25 9.00 92.00 37.00 4.70 6.39 11.24 6.41
40.69 862.20 737.89 8.00 87.00 38.00 4.85 6.07 12.60 5.90
34.74 980.07 602.72 6.00 94.00 33.00 5.01 5.79 15.02 7.18
31.79 902.47 535.16 7.00 112.00 28.00 4.42 5.63 16.64 9.18
37.26 767.55 626.26 8.00 109.00 32.00 4.08 5.62 18.26 7.83
