45.42 767.11 576.36 2.00 8.00 10.00 11.76 10.61 10.84 3.98
53.03 622.00 694.94 3.00 7.00 10.00 11.06 10.96 7.19 7.41
42.42 706.71 556.57 4.00 10.00 6.00 10.25 11.00 8.53 7.29
42.31 693.34 496.21 3.00 10.00 7.00 10.03 9.82 8.50 8.93
43.67 618.91 487.89 4.00 10.00 7.00 9.18 9.35 8.75 7.75
42.33 562.15 427.24 4.00 12.00 8.00 8.14 8.44 7.73 7.85
52.64 444.55 532.68 3.00 12.00 10.00 7.84 8.48 9.71 3.74
39.19 547.11 409.36 5.00 14.00 5.00 7.52 8.76 8.50 6.84
37.33 541.67 378.95 4.00 19.00 8.00 7.22 8.52 7.10 5.74
41.47 483.86 417.11 4.00 19.00 9.00 6.91 8.45 7.79 4.21
31.78 588.14 294.98 4.00 20.00 10.00 7.20 7.78 3.71 4.15
42.81 447.93 355.75 2.00 22.00 17.00 6.54 6.95 7.40 5.55
41.33 402.71 331.21 3.00 26.00 16.00 5.73 6.70 6.95 7.45
49.47 346.48 358.29 3.00 22.00 22.00 5.73 6.05 7.87 8.24
47.03 303.79 326.65 3.00 28.00 22.00 4.79 5.81 4.07 8.39
37.11 356.26 262.23 3.00 35.00 17.00 4.73 5.91 4.41 7.26
38.72 397.41 295.54 5.00 26.00 15.00 5.42 6.39 18.87 9.18
23.97 529.23 191.37 4.00 33.00 7.00 5.81 6.70 18.54 7.45
23.28 510.72 201.21 4.00 35.00 5.00 5.56 7.26 19.34 7.04
23.17 527.42 200.78 5.00 34.00 5.00 5.73 7.27 14.39 6.30
28.00 464.27 244.21 3.00 35.00 6.00 5.38 7.31 12.49 5.03
27.53 377.90 251.35 4.00 45.00 6.00 4.35 7.69 10.62 4.45
41.08 306.47 340.23 4.00 37.00 13.00 4.35 6.95 11.44 6.82
46.31 294.88 400.48 4.00 34.00 14.00 4.59 7.25 7.67 5.57
37.33 360.32 302.08 3.00 39.00 14.00 4.80 6.78 6.74 6.23
41.03 412.28 306.25 3.00 29.00 17.00 5.84 6.23 11.67 4.33
33.86 445.95 258.83 2.00 32.00 14.00 5.63 6.38 13.43 3.88
32.92 377.78 242.77 3.00 40.00 12.00 4.70 6.17 14.25 9.34
43.39 282.86 295.21 4.00 38.00 19.00 4.18 5.68 8.24 6.52
39.97 302.01 272.53 3.00 39.00 17.00 4.20 5.70 7.70 3.34
44.22 320.05 290.79 4.00 31.00 15.00 4.79 5.49 11.49 4.06
44.53 407.68 274.13 2.00 24.00 18.00 6.13 5.14 9.39 6.32
29.78 432.74 193.63 1.00 40.00 9.00 5.14 5.43 7.33 0.00
29.03 430.19 200.07 2.00 41.00 6.00 5.06 5.75 13.02 11.32
15.08 400.95 99.34 2.00 64.00 4.00 3.94 5.52 1.25 2.32
24.00 276.00 179.18 2.00 65.00 9.00 3.03 6.24 21.72 8.30
40.14 233.36 282.37 4.00 48.00 13.00 3.25 5.88 20.04 7.21
