41.92 2167.93 1634.03 12.00 47.00 31.00 8.91 9.33 9.60 7.88
45.35 1896.54 1698.46 12.00 47.00 37.00 8.28 8.96 8.49 8.33
42.25 1902.67 1525.22 12.00 58.00 36.00 7.86 8.64 8.15 7.39
43.40 1807.55 1460.64 12.00 59.00 42.00 7.62 8.05 8.89 7.70
42.38 1704.54 1384.38 13.00 67.00 43.00 7.06 7.81 7.97 7.70
40.80 1629.85 1265.76 12.00 75.00 44.00 6.57 7.42 7.92 7.71
41.19 1593.37 1263.58 13.00 75.00 45.00 6.46 7.34 12.32 7.94
38.16 1643.38 1155.79 13.00 82.00 42.00 6.34 7.24 12.33 8.05
36.56 1595.86 1098.04 13.00 92.00 41.00 6.00 7.19 13.63 8.26
35.33 1595.22 1039.20 13.00 97.00 40.00 5.88 7.04 12.92 8.11
34.15 1613.00 975.22 13.00 98.00 41.00 5.84 6.83 13.08 8.23
34.83 1474.42 997.69 12.00 113.00 43.00 5.40 6.86 13.60 8.37
37.63 1360.57 1059.33 13.00 111.00 46.00 5.20 6.73 13.97 8.50
36.71 1406.21 1022.57 13.00 112.00 45.00 5.30 6.66 13.19 8.46
35.74 1385.25 982.24 12.00 118.00 45.00 5.14 6.57 12.73 7.83
34.32 1438.82 948.18 13.00 120.00 43.00 5.23 6.61 14.69 7.52
35.49 1403.90 986.95 12.00 117.00 44.00 5.19 6.65 14.67 8.55
31.98 1437.51 907.15 13.00 130.00 35.00 5.04 6.79 15.13 7.80
34.70 1364.68 950.46 13.00 128.00 42.00 4.98 6.55 14.75 7.44
35.13 1384.46 958.55 13.00 124.00 43.00 5.09 6.53 13.13 7.55
37.06 1326.54 982.10 11.00 123.00 44.00 5.03 6.33 11.60 6.36
37.85 1315.70 989.99 11.00 121.00 46.00 5.05 6.25 10.67 7.66
36.56 1286.63 942.95 10.00 132.00 46.00 4.84 6.16 13.25 7.46
36.81 1287.71 957.83 10.00 131.00 44.00 4.86 6.22 13.30 7.32
33.37 1263.15 837.23 10.00 151.00 42.00 4.52 5.99 16.26 8.43
36.84 1213.66 917.81 9.00 141.00 49.00 4.58 5.94 16.28 7.33
36.29 1213.50 885.09 10.00 142.00 46.00 4.54 5.82 17.10 7.65
