41.54 1135.15 805.76 5.00 15.00 11.00 10.82 10.83 10.73 10.12
51.15 901.42 933.25 5.00 11.00 15.00 10.27 10.18 8.16 9.58
46.13 957.65 815.06 5.00 13.00 12.00 9.90 9.86 8.61 7.78
40.63 977.11 685.14 5.00 18.00 10.00 9.16 9.41 6.98 7.03
46.35 812.52 762.68 6.00 19.00 11.00 8.44 9.19 9.53 6.86
41.93 825.55 647.67 7.00 18.00 10.00 7.92 8.63 8.12 8.47
42.74 793.10 636.84 5.00 22.00 14.00 7.71 8.33 7.52 5.15
40.07 767.57 606.14 6.00 27.00 13.00 7.13 8.45 8.28 4.91
38.43 781.35 569.77 6.00 29.00 14.00 7.06 8.29 9.75 5.02
42.24 711.34 576.18 5.00 28.00 18.00 6.86 7.62 9.12 7.49
35.20 751.32 435.37 5.00 36.00 20.00 6.45 6.90 5.54 7.76
46.93 567.04 554.97 4.00 35.00 30.00 5.95 6.59 9.55 7.41
44.89 543.32 517.54 5.00 38.00 28.00 5.49 6.42 5.41 8.27
39.33 583.73 421.31 4.00 44.00 26.00 5.36 5.96 3.86 8.00
39.83 560.59 435.86 6.00 43.00 25.00 5.19 6.10 15.48 8.39
34.37 648.24 390.59 6.00 46.00 20.00 5.50 6.34 15.54 8.94
32.85 651.32 387.88 6.00 46.00 17.00 5.40 6.59 17.89 9.10
21.80 764.78 263.80 6.00 56.00 9.00 5.44 6.77 17.29 6.15
27.15 721.07 353.17 6.00 50.00 9.00 5.51 7.27 17.03 6.92
27.98 670.03 379.70 7.00 56.00 9.00 5.18 7.61 14.57 6.41
34.43 560.45 432.48 5.00 58.00 15.00 4.76 7.03 12.67 6.69
36.69 530.24 472.92 6.00 57.00 16.00 4.66 7.21 7.50 6.11
36.52 570.67 454.04 5.00 54.00 18.00 5.00 6.95 7.02 6.31
39.89 554.97 485.17 5.00 51.00 21.00 5.14 6.79 12.64 5.11
38.33 542.16 447.10 4.00 55.00 23.00 4.89 6.51 12.98 6.72
40.28 529.98 464.43 5.00 52.00 22.00 4.94 6.42 12.65 8.31
38.06 547.33 409.01 5.00 54.00 24.00 4.92 5.99 13.85 5.99
35.67 562.09 357.18 4.00 56.00 24.00 4.86 5.58 12.39 6.16
42.93 501.52 435.81 5.00 48.00 24.00 4.89 5.65 10.71 5.68
42.61 525.37 432.32 4.00 47.00 23.00 5.09 5.65 9.60 7.95
35.33 534.12 343.89 4.00 61.00 19.00 4.60 5.42 16.64 7.95
33.07 615.05 314.41 3.00 57.00 18.00 5.11 5.29 13.82 9.26
24.06 619.61 239.88 3.00 74.00 9.00 4.54 5.56 7.68 11.91
31.96 498.82 338.96 3.00 73.00 15.00 4.08 5.90 19.91 9.57
32.61 447.51 335.47 4.00 78.00 17.00 3.69 5.73 20.65 7.21
