42.14 1928.25 1443.20 10.00 37.00 25.00 9.28 9.56 9.32 8.45
45.61 1669.06 1539.39 11.00 38.00 28.00 8.54 9.42 8.18 8.06
42.28 1739.49 1384.84 11.00 42.00 26.00 8.39 9.15 8.70 6.64
41.44 1688.45 1261.42 10.00 46.00 29.00 8.02 8.50 8.46 7.47
40.78 1563.94 1198.05 11.00 55.00 31.00 7.35 8.20 8.17 7.31
44.43 1392.59 1202.74 11.00 53.00 40.00 6.98 7.55 9.02 8.00
43.81 1336.57 1154.38 10.00 60.00 42.00 6.62 7.35 7.61 7.29
39.70 1351.40 1027.44 10.00 71.00 39.00 6.24 7.22 7.72 6.91
39.13 1341.94 1005.70 12.00 72.00 39.00 6.14 7.17 13.19 8.27
38.31 1359.67 966.77 11.00 74.00 38.00 6.13 7.05 12.69 8.44
34.03 1402.64 823.25 11.00 83.00 37.00 5.92 6.75 13.70 8.63
34.36 1331.81 818.77 10.00 91.00 39.00 5.65 6.65 13.37 8.93
36.02 1264.39 871.06 11.00 88.00 37.00 5.50 6.74 14.16 8.61
33.66 1253.87 801.01 11.00 100.00 35.00 5.26 6.65 14.39 8.66
37.13 1121.04 868.44 11.00 101.00 40.00 4.96 6.53 14.17 8.00
35.53 1178.73 863.50 12.00 103.00 36.00 5.09 6.79 13.78 7.66
34.69 1222.06 841.92 11.00 101.00 35.00 5.21 6.78 13.77 8.12
30.84 1319.81 748.96 11.00 107.00 30.00 5.31 6.78 15.93 6.90
32.74 1263.30 800.28 10.00 106.00 32.00 5.23 6.82 15.27 8.41
34.13 1200.15 844.14 12.00 108.00 31.00 5.07 6.91 14.07 8.11
36.24 1107.88 841.49 10.00 113.00 39.00 4.84 6.48 11.63 6.50
36.18 1092.33 830.20 10.00 113.00 40.00 4.76 6.40 10.39 6.49
39.72 1072.56 889.85 10.00 102.00 42.00 4.95 6.25 11.32 6.12
41.25 1080.34 917.55 9.00 98.00 44.00 5.12 6.20 11.28 6.97
36.83 1076.28 790.99 8.00 117.00 42.00 4.74 5.98 14.80 7.39
36.68 1145.02 778.91 8.00 109.00 40.00 5.03 5.91 13.47 7.49
31.06 1166.94 648.97 8.00 128.00 33.00 4.71 5.82 16.05 8.64
33.81 1061.46 696.14 7.00 129.00 39.00 4.46 5.73 16.98 8.11
37.77 949.03 771.28 9.00 126.00 41.00 4.24 5.69 17.10 8.05
