39.78 428.44 248.86 1.00 5.00 5.00 11.92 10.46 0.00 0.00
68.83 208.09 436.97 2.00 1.00 7.00 11.17 10.62 0.00 9.25
51.06 338.67 327.17 1.00 3.00 5.00 11.56 10.74 4.78 0.00
37.22 413.91 257.90 1.00 6.00 2.00 11.01 11.60 7.13 0.00
33.78 367.97 229.40 3.00 7.00 1.00 9.28 11.39 8.95 3.64
47.39 278.38 238.32 2.00 4.00 5.00 8.85 8.42 1.18 10.85
53.56 250.94 257.89 1.00 3.00 6.00 9.03 8.06 8.33 0.00
37.28 283.71 188.93 2.00 8.00 3.00 7.56 8.47 0.00 0.98
51.72 193.12 274.79 2.00 9.00 4.00 6.70 8.91 0.98 4.15
41.11 263.40 220.33 3.00 6.00 1.00 7.48 9.03 7.07 4.64
22.94 348.46 104.16 2.00 10.00 4.00 7.55 7.64 0.80 3.38
41.83 220.46 196.68 1.00 13.00 8.00 6.33 7.89 7.58 0.00
40.61 239.53 190.82 2.00 10.00 6.00 6.73 7.86 0.00 2.98
43.78 227.38 159.07 1.00 9.00 9.00 6.75 6.06 0.00 0.00
42.06 163.19 140.32 1.00 16.00 10.00 4.70 5.58 3.68 0.00
55.17 119.00 199.22 2.00 13.00 13.00 4.44 6.03 6.88 8.38
52.00 140.60 186.33 2.00 11.00 12.00 4.90 5.99 0.00 9.33
19.06 237.26 63.01 1.00 22.00 4.00 4.90 5.54 0.00 0.00
25.44 256.80 108.86 3.00 15.00 3.00 5.75 7.19 21.04 4.71
28.89 291.88 128.35 3.00 11.00 3.00 6.86 7.46 10.72 8.12
21.11 253.92 92.24 1.00 20.00 2.00 5.37 7.34 15.00 0.00
17.44 235.29 72.43 2.00 23.00 2.00 4.76 6.96 3.28 0.20
34.89 210.29 151.97 2.00 14.00 4.00 5.40 7.29 10.67 5.43
37.61 142.54 178.92 2.00 22.00 4.00 3.82 8.02 12.58 4.62
47.28 96.11 188.27 2.00 22.00 9.00 3.05 6.69 3.57 7.52
55.00 152.19 221.56 2.00 12.00 10.00 5.65 6.73 0.00 5.20
27.39 264.11 113.81 1.00 16.00 5.00 6.07 6.94 0.00 0.00
27.06 260.08 84.58 1.00 17.00 7.00 5.96 5.23 0.00 0.00
40.33 181.47 145.03 1.00 16.00 9.00 5.09 6.00 0.00 0.00
38.78 117.70 158.12 2.00 23.00 5.00 3.21 6.83 9.47 3.02
46.44 101.38 150.18 3.00 21.00 10.00 3.16 5.41 1.70 1.06
41.17 184.31 114.34 1.00 16.00 12.00 5.23 4.64 5.35 0.00
42.00 218.67 140.53 1.00 10.00 5.00 6.29 5.59 0.00 0.00
47.89 222.82 159.79 1.00 8.00 6.00 7.14 5.57 0.00 0.00
17.56 214.07 53.10 0.00 30.00 4.00 4.33 5.06 0.00 0.00
10.17 207.37 40.28 1.00 33.00 0.00 3.85 6.64 0.00 0.00
12.61 186.80 46.25 2.00 34.00 0.00 3.57 6.17 0.00 2.32
37.83 68.20 138.89 1.00 32.00 9.00 1.83 6.13 0.00 0.00
67.67 46.56 236.13 2.00 14.00 12.00 2.41 5.83 0.30 4.88
