41.94 2331.12 1774.41 13.00 63.00 41.00 8.38 8.85 9.05 8.26
46.58 2015.64 1897.68 14.00 60.00 50.00 7.88 8.52 8.84 8.34
43.47 2043.28 1711.55 14.00 70.00 48.00 7.54 8.24 8.00 7.72
40.35 2044.81 1523.65 13.00 81.00 46.00 7.16 7.90 7.65 7.44
40.26 1961.34 1493.59 16.00 82.00 46.00 6.85 7.76 11.95 8.16
39.31 1921.82 1394.11 15.00 86.00 47.00 6.61 7.42 11.86 8.50
38.68 1847.29 1355.93 14.00 95.00 47.00 6.29 7.34 12.81 7.96
35.57 1878.93 1228.23 15.00 105.00 44.00 6.09 7.23 12.57 7.88
36.35 1806.21 1250.01 15.00 107.00 45.00 5.92 7.20 13.10 7.96
35.61 1737.83 1218.12 15.00 119.00 44.00 5.63 7.17 13.14 7.74
35.79 1709.18 1163.48 15.00 121.00 50.00 5.56 6.81 13.08 8.21
37.35 1626.76 1219.26 14.00 125.00 53.00 5.42 6.83 12.53 8.19
36.35 1624.78 1173.13 14.00 128.00 51.00 5.33 6.75 12.53 8.26
35.50 1666.29 1107.26 14.00 129.00 52.00 5.39 6.53 14.12 8.24
36.31 1567.09 1127.27 13.00 134.00 54.00 5.14 6.49 13.67 8.29
34.88 1556.51 1106.37 15.00 143.00 48.00 4.99 6.64 14.13 8.16
36.86 1505.28 1137.13 15.00 139.00 54.00 4.98 6.45 14.28 7.76
33.12 1621.82 1021.57 14.00 146.00 47.00 5.06 6.45 14.22 7.27
35.61 1583.34 1091.06 14.00 138.00 47.00 5.13 6.41 14.65 7.48
36.73 1607.83 1118.34 14.00 132.00 49.00 5.30 6.37 13.24 8.54
34.62 1540.62 1035.20 11.00 153.00 48.00 4.92 6.25 13.14 7.66
34.39 1523.07 1030.27 12.00 154.00 46.00 4.84 6.26 12.63 7.69
33.56 1473.50 989.20 12.00 166.00 46.00 4.63 6.16 14.72 8.11
36.94 1356.34 1096.73 11.00 163.00 53.00 4.49 6.21 15.79 7.28
37.66 1309.71 1073.36 12.00 165.00 55.00 4.38 5.96 16.45 7.64
