41.29 2728.52 2069.95 18.00 90.00 56.00 7.76 8.39 11.93 8.94
42.06 2544.87 2089.04 18.00 93.00 57.00 7.33 8.32 11.28 8.93
39.43 2554.00 1913.10 18.00 105.00 53.00 7.04 8.13 12.07 8.25
36.92 2572.33 1724.44 18.00 115.00 51.00 6.81 7.82 11.69 8.10
37.81 2425.61 1737.90 19.00 117.00 52.00 6.51 7.70 12.13 7.94
36.96 2299.98 1645.46 19.00 131.00 53.00 6.09 7.46 12.45 8.02
39.16 2153.83 1696.16 18.00 133.00 60.00 5.91 7.26 12.44 7.72
37.72 2173.88 1628.71 19.00 139.00 58.00 5.83 7.23 12.04 7.52
36.54 2166.60 1552.08 18.00 147.00 59.00 5.70 7.11 12.03 7.79
36.69 2150.25 1524.36 18.00 148.00 61.00 5.67 6.96 13.18 7.58
35.41 2155.22 1422.32 17.00 154.00 64.00 5.57 6.72 12.60 8.33
36.46 2004.55 1462.13 17.00 165.00 65.00 5.27 6.71 13.01 8.47
37.76 1908.00 1468.34 18.00 166.00 70.00 5.12 6.51 13.21 7.91
36.39 1968.30 1379.86 17.00 168.00 69.00 5.17 6.34 13.02 8.12
37.89 1887.13 1418.06 17.00 166.00 69.00 5.07 6.26 13.41 7.53
36.81 1964.19 1380.57 17.00 167.00 66.00 5.19 6.28 13.42 8.37
35.44 1938.02 1330.84 16.00 179.00 63.00 5.01 6.28 15.23 8.54
32.31 2052.56 1221.63 16.00 187.00 53.00 5.06 6.33 15.24 8.14
31.51 1984.29 1190.41 16.00 202.00 51.00 4.84 6.32 16.71 8.54
34.18 1883.83 1297.51 16.00 197.00 58.00 4.78 6.35 16.41 8.53
35.73 1774.05 1317.57 15.00 201.00 61.00 4.61 6.17 14.83 7.62
