56.97 1786.16 2668.12 22.00 81.00 124.00 6.94 7.92 9.60 12.77
57.22 1774.68 2710.84 21.00 81.00 122.00 6.94 8.01 9.60 12.11
58.77 1700.69 2654.55 20.00 80.00 138.00 6.90 7.63 9.90 15.61
59.24 1653.19 2673.54 20.00 78.00 142.00 6.78 7.62 9.77 16.46
60.80 1536.98 2752.78 19.00 79.00 145.00 6.55 7.66 9.76 16.54
62.17 1462.48 2741.88 18.00 79.00 154.00 6.46 7.45 10.11 18.35
60.57 1477.43 2667.90 18.00 89.00 151.00 6.26 7.44 9.15 18.35
62.55 1438.72 2697.10 18.00 80.00 160.00 6.42 7.28 11.12 18.01
62.22 1414.47 2708.09 18.00 85.00 157.00 6.26 7.35 10.81 16.72
62.66 1403.50 2603.43 17.00 83.00 168.00 6.28 7.01 10.89 17.84
66.01 1251.39 2677.63 16.00 78.00 182.00 6.15 6.85 11.23 21.86
64.43 1286.47 2499.30 14.00 83.00 184.00 6.04 6.54 10.99 24.84
61.66 1399.71 2365.15 12.00 93.00 179.00 6.10 6.47 14.28 25.43
64.94 1252.88 2517.43 12.00 87.00 183.00 5.97 6.55 15.11 24.99
63.01 1274.00 2386.83 10.00 97.00 182.00 5.75 6.40 15.24 25.16
62.06 1320.62 2339.32 10.00 97.00 179.00 5.81 6.37 16.87 25.95
61.21 1334.32 2302.13 13.00 100.00 178.00 5.75 6.36 17.37 26.48
61.37 1244.66 2311.76 12.00 107.00 177.00 5.38 6.37 16.84 27.24
58.18 1315.46 2206.42 12.00 118.00 170.00 5.25 6.41 18.11 27.70
55.92 1319.20 2064.52 11.00 135.00 167.00 5.00 6.23 17.53 28.31
56.81 1221.81 2061.50 12.00 139.00 173.00 4.72 6.12 17.94 25.22
