54.11 999.65 1297.96 10.00 41.00 61.00 7.29 8.10 10.03 15.43
51.11 997.44 1285.75 12.00 47.00 52.00 6.82 8.50 10.21 13.01
51.98 984.92 1303.96 12.00 46.00 54.00 6.86 8.48 9.98 13.31
56.89 799.52 1302.75 12.00 50.00 68.00 6.20 7.73 6.73 13.51
58.94 778.85 1281.61 12.00 45.00 71.00 6.35 7.34 9.12 9.18
59.83 786.16 1370.16 12.00 40.00 63.00 6.55 7.75 8.97 9.98
66.43 702.44 1368.80 8.00 33.00 86.00 7.00 6.96 9.07 16.34
69.62 552.06 1448.24 7.00 33.00 91.00 6.08 7.04 9.35 18.18
64.24 677.84 1365.15 6.00 39.00 83.00 6.33 7.19 9.85 20.77
65.50 635.62 1426.41 6.00 40.00 85.00 6.16 7.37 12.33 21.75
72.19 465.23 1307.32 4.00 38.00 118.00 5.59 6.10 13.37 28.48
56.88 697.27 996.25 4.00 60.00 93.00 5.40 5.90 15.61 33.70
56.39 721.94 938.53 3.00 64.00 91.00 5.53 5.62 15.45 33.04
58.17 655.84 936.98 7.00 61.00 95.00 5.24 5.44 20.19 30.15
50.86 679.84 779.70 6.00 78.00 85.00 4.62 5.18 21.85 12.34
41.43 756.59 754.18 8.00 101.00 54.00 4.32 6.16 19.82 11.51
