55.75 410.74 530.60 5.00 12.00 25.00 7.77 8.04 6.92 13.69
50.00 474.29 575.46 5.00 12.00 12.00 7.93 9.81 6.45 3.47
40.75 556.38 451.04 4.00 17.00 11.00 7.85 9.38 5.58 7.35
39.56 527.58 475.30 4.00 21.00 10.00 7.29 10.19 11.81 7.64
48.47 426.18 506.65 3.00 22.00 19.00 6.90 8.85 12.04 8.24
53.31 362.04 490.77 3.00 23.00 27.00 6.48 7.76 14.67 21.55
53.53 357.55 467.34 4.00 23.00 29.00 6.43 7.35 6.71 19.00
68.64 229.41 626.56 5.00 14.00 36.00 6.13 7.71 5.78 18.11
64.56 245.99 627.28 6.00 14.00 29.00 5.82 8.21 5.52 7.86
46.36 424.89 447.36 6.00 19.00 20.00 6.63 8.15 8.14 7.21
50.42 395.67 537.21 7.00 17.00 18.00 6.68 9.01 7.35 7.49
47.39 401.34 449.27 6.00 21.00 19.00 6.38 7.99 6.71 6.11
55.19 357.90 468.04 4.00 20.00 27.00 6.68 7.15 2.17 9.28
53.25 342.77 447.65 4.00 24.00 27.00 6.13 7.09 9.72 11.03
65.89 220.10 483.91 3.00 21.00 36.00 5.39 6.19 12.77 8.11
69.67 235.01 567.69 3.00 13.00 34.00 6.48 6.92 13.36 10.82
60.89 344.47 534.75 4.00 13.00 24.00 7.37 7.46 5.95 10.05
83.19 170.61 748.90 3.00 2.00 36.00 8.50 7.62 5.95 6.74
83.28 170.39 714.40 2.00 2.00 43.00 8.52 7.26 4.50 22.77
70.97 259.78 554.65 2.00 8.00 43.00 7.47 6.56 2.88 31.65
74.89 161.56 615.72 2.00 10.00 45.00 5.37 6.94 5.23 7.02
74.72 162.09 606.61 2.00 10.00 44.00 5.36 6.87 8.21 21.92
49.72 333.37 464.29 2.00 26.00 24.00 5.53 7.93 8.32 21.92
56.08 313.11 498.78 2.00 23.00 28.00 5.95 7.54 16.52 15.92
55.58 303.66 462.09 2.00 28.00 31.00 5.71 7.01 16.22 0.28
55.75 303.06 352.32 2.00 28.00 41.00 5.72 5.30 0.00 15.28
80.75 131.21 477.07 2.00 12.00 60.00 5.70 4.96 0.00 30.28
78.03 77.22 428.67 1.00 18.00 59.00 2.94 4.61 2.75 0.00
61.72 232.04 284.03 0.00 22.00 51.00 5.06 3.86 0.00 0.00
57.81 274.27 361.61 1.00 23.00 35.00 5.43 5.31 0.00 0.00
35.39 418.28 247.00 1.00 36.00 17.00 5.41 5.95 11.87 0.00
35.53 435.43 289.29 2.00 35.00 14.00 5.64 6.97 0.00 7.08
52.94 292.51 405.03 5.00 27.00 26.00 5.20 6.54 17.51 13.88
35.39 334.55 241.52 4.00 44.00 21.00 4.32 5.79 16.48 12.56
41.75 261.49 303.56 5.00 42.00 25.00 3.75 6.14 18.51 11.24
38.97 233.59 292.81 4.00 51.00 22.00 3.20 6.34 16.71 8.82
38.92 231.96 294.20 3.00 52.00 20.00 3.17 6.33 15.82 7.13
