54.11 999.65 1297.96 10.00 41.00 61.00 7.29 8.10 10.03 15.43
52.47 1009.51 1350.30 11.00 44.00 51.00 7.10 8.72 10.04 13.47
51.11 997.44 1285.75 12.00 47.00 52.00 6.82 8.50 10.21 13.01
50.68 1008.77 1265.46 12.00 46.00 54.00 6.84 8.44 10.25 13.06
51.98 984.92 1303.96 12.00 46.00 54.00 6.86 8.48 9.98 13.31
51.42 936.64 1223.80 12.00 54.00 58.00 6.45 8.03 9.94 13.06
56.89 799.52 1302.75 12.00 50.00 68.00 6.20 7.73 6.73 13.51
56.16 823.97 1238.05 12.00 49.00 71.00 6.29 7.44 8.97 13.64
58.94 778.85 1281.61 12.00 45.00 71.00 6.35 7.34 9.12 9.18
57.97 809.53 1300.72 12.00 43.00 65.00 6.44 7.60 9.04 9.89
59.83 786.16 1370.16 12.00 40.00 63.00 6.55 7.75 8.97 9.98
61.98 765.10 1360.54 10.00 36.00 71.00 6.73 7.42 9.24 9.65
66.43 702.44 1368.80 8.00 33.00 86.00 7.00 6.96 9.07 16.34
67.81 644.42 1407.84 8.00 32.00 88.00 6.69 7.01 9.03 18.86
69.62 552.06 1448.24 7.00 33.00 91.00 6.08 7.04 9.35 18.18
72.91 525.85 1518.07 6.00 25.00 96.00 6.49 7.04 10.38 20.77
64.24 677.84 1365.15 6.00 39.00 83.00 6.33 7.19 9.85 20.77
68.94 614.76 1458.89 6.00 31.00 89.00 6.62 7.16 13.79 21.32
65.50 635.62 1426.41 6.00 40.00 85.00 6.16 7.37 12.33 21.75
67.34 593.97 1302.64 5.00 40.00 103.00 6.08 6.51 12.22 22.76
72.19 465.23 1307.32 4.00 38.00 118.00 5.59 6.10 13.37 28.48
66.88 521.37 1138.56 4.00 47.00 113.00 5.26 5.73 12.12 33.70
56.88 697.27 996.25 4.00 60.00 93.00 5.40 5.90 15.61 33.70
62.08 608.46 1109.52 4.00 55.00 95.00 5.36 6.04 18.51 29.17
56.39 721.94 938.53 3.00 64.00 91.00 5.53 5.62 15.45 33.04
51.20 794.71 821.24 4.00 72.00 83.00 5.44 5.41 17.38 31.83
58.17 655.84 936.98 7.00 61.00 95.00 5.24 5.44 20.19 30.15
53.80 629.90 852.77 6.00 76.00 87.00 4.56 5.36 18.85 31.99
50.86 679.84 779.70 6.00 78.00 85.00 4.62 5.18 21.85 12.34
44.49 725.23 761.88 6.00 95.00 64.00 4.36 5.80 20.32 12.65
41.43 756.59 754.18 8.00 101.00 54.00 4.32 6.16 19.82 11.51
