52.11 836.91 1037.86 8.00 34.00 44.00 7.30 8.42 10.20 11.61
51.65 836.33 1066.54 8.00 35.00 39.00 7.23 8.75 10.94 14.59
47.14 914.18 918.38 8.00 40.00 40.00 7.23 8.22 10.49 14.54
54.10 757.00 1101.86 9.00 35.00 46.00 6.89 8.61 10.68 14.61
56.51 672.16 1134.12 9.00 36.00 48.00 6.46 8.48 10.45 14.60
49.83 787.00 938.13 9.00 43.00 47.00 6.55 7.94 11.19 14.38
51.97 753.57 1004.56 11.00 40.00 47.00 6.56 8.15 7.15 13.41
58.01 630.82 1075.83 11.00 36.00 55.00 6.29 7.82 6.81 13.48
59.88 604.70 1095.32 10.00 34.00 56.00 6.31 7.72 6.67 9.35
49.81 767.66 895.25 10.00 43.00 47.00 6.39 7.58 8.94 9.05
58.15 615.77 1021.70 10.00 38.00 54.00 6.15 7.41 9.68 9.15
58.53 636.35 1016.96 9.00 34.00 53.00 6.41 7.36 9.76 9.74
58.04 702.44 1002.79 8.00 33.00 51.00 7.00 7.31 9.07 9.71
68.22 513.39 1196.70 7.00 26.00 63.00 6.76 7.41 9.07 9.25
74.58 390.50 1198.38 5.00 23.00 80.00 6.42 6.79 10.45 15.80
70.32 494.79 1122.41 5.00 21.00 77.00 6.97 6.74 10.82 21.34
67.89 506.03 1150.62 6.00 23.00 70.00 6.59 7.17 6.99 19.63
78.96 332.71 1355.70 5.00 12.00 80.00 6.61 7.26 7.37 22.36
66.50 503.77 1178.79 4.00 28.00 67.00 6.28 7.51 8.60 24.89
63.53 572.89 1053.51 4.00 31.00 71.00 6.56 6.99 12.67 24.85
65.24 465.23 1077.87 4.00 38.00 76.00 5.59 6.97 13.37 16.11
65.24 465.23 958.93 4.00 38.00 85.00 5.59 6.19 13.37 19.15
65.24 465.23 941.36 4.00 38.00 84.00 5.59 6.08 13.37 28.48
67.06 390.33 927.55 3.00 41.00 88.00 4.95 5.83 13.55 30.61
58.65 535.71 746.42 2.00 50.00 82.00 5.41 5.35 16.06 37.32
56.78 577.33 713.93 3.00 51.00 76.00 5.58 5.30 20.10 33.63
58.07 549.49 724.06 3.00 48.00 78.00 5.47 5.26 16.50 33.04
56.78 512.72 717.96 3.00 53.00 73.00 4.95 5.34 17.38 34.19
57.33 524.63 689.06 5.00 49.00 77.00 5.14 5.08 21.74 13.88
46.60 608.82 603.74 5.00 67.00 56.00 4.76 5.49 19.94 13.46
38.57 679.84 550.56 6.00 78.00 42.00 4.62 6.05 21.85 12.34
37.25 669.02 582.24 6.00 86.00 36.00 4.45 6.64 18.48 12.65
45.93 524.47 699.30 8.00 79.00 46.00 4.05 6.45 17.74 11.51
