55.91 1615.76 2319.66 20.00 79.00 115.00 6.81 7.78 9.96 12.74
55.16 1645.93 2367.26 20.00 79.00 104.00 6.82 8.08 9.82 12.00
54.19 1700.69 2288.54 20.00 80.00 103.00 6.90 7.94 9.90 12.02
58.48 1522.16 2462.40 19.00 72.00 117.00 6.81 7.91 9.86 12.43
62.02 1375.42 2502.92 17.00 69.00 134.00 6.73 7.58 10.12 16.33
59.82 1431.42 2346.22 17.00 75.00 135.00 6.62 7.36 10.25 17.48
61.78 1305.62 2453.37 18.00 73.00 138.00 6.35 7.46 8.28 16.95
66.29 1156.67 2593.91 17.00 61.00 151.00 6.38 7.35 8.54 18.52
62.30 1282.62 2460.47 16.00 73.00 139.00 6.32 7.42 9.35 17.73
60.44 1382.42 2354.30 16.00 74.00 136.00 6.49 7.31 11.21 17.07
62.23 1251.39 2448.18 16.00 78.00 140.00 6.15 7.39 11.23 16.85
63.43 1230.32 2319.66 14.00 74.00 156.00 6.25 6.86 11.41 18.31
65.90 1167.67 2310.26 12.00 71.00 170.00 6.36 6.57 11.84 22.72
67.48 1034.76 2335.45 11.00 73.00 176.00 5.91 6.49 11.35 26.02
64.75 1087.76 2194.72 9.00 83.00 173.00 5.73 6.35 14.94 26.38
65.74 1103.25 2232.00 9.00 76.00 172.00 5.98 6.37 16.35 26.53
61.50 1227.97 2089.21 9.00 87.00 161.00 5.92 6.38 16.12 26.40
63.54 1127.48 2176.94 9.00 84.00 163.00 5.74 6.43 17.55 27.08
61.87 1160.25 2115.77 11.00 89.00 162.00 5.65 6.43 17.33 28.75
58.12 1202.79 1906.37 10.00 107.00 159.00 5.33 6.15 16.90 29.58
57.25 1145.06 1857.87 10.00 116.00 161.00 4.97 6.09 19.01 27.16
53.71 1190.45 1720.81 10.00 133.00 149.00 4.77 6.01 18.16 26.80
52.01 1221.81 1695.54 12.00 139.00 139.00 4.72 6.12 17.94 25.22
