55.99 1441.62 2133.37 18.00 68.00 100.00 6.85 8.05 8.99 13.22
50.73 1604.06 1961.79 18.00 79.00 86.00 6.80 8.18 9.78 11.88
52.65 1530.30 1940.08 18.00 78.00 94.00 6.75 7.78 10.30 11.85
56.31 1393.42 2118.82 18.00 70.00 99.00 6.67 7.96 10.13 12.43
57.28 1375.42 2136.91 17.00 69.00 99.00 6.73 7.89 10.12 12.64
59.03 1300.39 2135.08 16.00 69.00 110.00 6.63 7.64 10.39 13.07
63.28 1144.06 2203.51 16.00 63.00 127.00 6.51 7.35 8.47 16.79
64.17 1125.61 2198.24 16.00 57.00 132.00 6.57 7.23 8.69 17.70
63.88 1110.80 2245.94 16.00 57.00 126.00 6.43 7.43 8.42 15.98
64.38 1100.37 2251.11 15.00 55.00 127.00 6.46 7.39 8.63 17.61
62.33 1119.54 2200.56 14.00 66.00 122.00 6.21 7.46 9.61 17.98
61.03 1209.24 2070.54 13.00 65.00 124.00 6.48 7.16 11.80 17.69
61.64 1167.67 2080.81 12.00 71.00 128.00 6.36 7.13 11.84 17.34
66.73 978.61 2155.82 11.00 64.00 148.00 6.14 6.82 11.84 18.80
69.91 855.72 2139.84 9.00 61.00 164.00 5.94 6.46 12.59 23.26
68.69 885.12 2050.03 8.00 62.00 165.00 5.90 6.29 12.42 27.82
63.27 1041.74 1897.10 8.00 73.00 152.00 5.92 6.32 15.86 27.82
67.87 910.11 2069.63 8.00 63.00 156.00 5.92 6.44 16.91 27.71
62.28 1053.90 1902.86 7.00 76.00 145.00 5.83 6.46 15.36 29.23
60.15 1085.61 1771.56 7.00 84.00 145.00 5.69 6.21 16.14 29.57
61.28 989.85 1767.23 9.00 87.00 153.00 5.34 6.09 18.49 28.54
55.92 1074.04 1562.66 9.00 105.00 141.00 5.09 5.90 17.61 28.22
51.90 1145.06 1491.92 10.00 116.00 127.00 4.97 6.07 19.01 27.16
52.15 1059.42 1509.79 9.00 127.00 124.00 4.62 6.11 19.03 27.35
52.29 1060.25 1445.71 10.00 129.00 128.00 4.64 5.83 19.25 25.74
