53.06 1395.66 1835.17 17.00 58.00 79.00 7.10 8.35 9.32 13.31
51.02 1410.92 1799.57 17.00 66.00 70.00 6.88 8.53 9.05 11.57
52.28 1356.15 1753.79 16.00 67.00 79.00 6.79 8.09 9.34 12.29
51.41 1351.55 1713.35 16.00 70.00 81.00 6.64 8.04 10.12 12.45
55.95 1205.02 1788.45 15.00 67.00 90.00 6.53 7.71 10.62 12.59
56.63 1171.65 1791.49 15.00 67.00 92.00 6.45 7.64 10.71 13.17
58.03 1144.06 1837.50 16.00 63.00 92.00 6.51 7.65 8.47 12.85
63.88 994.58 1987.10 15.00 51.00 107.00 6.58 7.51 8.61 13.13
65.90 949.24 1996.08 14.00 47.00 115.00 6.65 7.31 8.61 15.67
61.68 1069.31 1855.44 14.00 51.00 108.00 6.67 7.26 8.70 16.47
64.13 947.73 1986.03 14.00 50.00 109.00 6.31 7.48 8.64 16.24
65.62 927.19 1967.35 12.00 46.00 115.00 6.44 7.24 9.03 18.35
61.66 1035.82 1833.19 10.00 59.00 110.00 6.45 7.18 9.80 18.75
64.46 957.53 1906.69 10.00 55.00 116.00 6.43 7.14 12.35 18.56
65.61 855.72 1910.39 9.00 61.00 122.00 5.94 7.03 12.59 17.85
68.01 828.98 1870.39 8.00 53.00 137.00 6.18 6.63 13.17 19.55
68.96 809.69 1842.22 8.00 51.00 143.00 6.23 6.44 12.89 24.55
71.54 691.98 1887.66 7.00 49.00 149.00 5.81 6.36 12.07 29.16
64.42 867.66 1710.75 6.00 62.00 136.00 5.82 6.40 15.20 31.17
64.62 868.24 1664.25 6.00 63.00 138.00 5.86 6.21 16.07 30.23
61.67 883.51 1554.31 5.00 74.00 136.00 5.50 6.07 15.41 30.59
57.92 956.87 1427.85 6.00 82.00 127.00 5.42 5.95 16.50 29.38
55.75 989.85 1401.27 9.00 87.00 119.00 5.34 6.07 18.49 28.54
54.45 943.01 1351.65 8.00 99.00 116.00 4.94 6.00 18.56 28.92
52.21 983.50 1242.09 8.00 106.00 116.00 4.91 5.74 20.61 28.27
47.71 1028.29 1114.20 8.00 123.00 105.00 4.69 5.63 19.51 27.88
52.67 887.80 1231.25 10.00 113.00 115.00 4.48 5.63 19.03 25.74
