54.50 641.84 830.62 6.00 18.00 32.00 7.87 8.60 6.66 12.50
41.69 780.10 723.74 6.00 30.00 15.00 7.45 9.84 10.60 6.55
42.15 751.45 658.28 6.00 33.00 23.00 7.23 8.80 9.66 7.62
53.56 583.81 818.10 6.00 26.00 34.00 7.00 8.61 12.19 16.31
53.02 588.91 766.75 5.00 29.00 36.00 6.98 8.15 11.63 17.29
54.11 535.23 774.53 6.00 32.00 39.00 6.50 8.05 11.96 17.04
58.02 440.81 834.71 8.00 30.00 41.00 5.86 8.10 6.20 15.05
58.09 481.19 790.16 8.00 25.00 44.00 6.40 7.65 8.08 15.04
54.31 558.75 797.12 9.00 24.00 35.00 6.82 8.26 7.17 7.11
50.17 574.52 733.03 9.00 30.00 31.00 6.43 8.22 6.70 7.49
59.13 441.63 835.41 8.00 27.00 39.00 6.03 7.96 6.66 9.52
47.83 594.48 611.49 7.00 34.00 35.00 6.35 7.19 9.38 8.79
55.20 532.05 654.33 6.00 31.00 42.00 6.62 6.66 10.32 8.57
65.70 384.64 853.12 6.00 24.00 45.00 6.25 7.34 9.66 10.74
66.11 390.50 832.37 5.00 23.00 45.00 6.42 7.11 10.45 9.95
71.70 363.75 911.27 4.00 15.00 52.00 7.17 7.17 11.62 5.99
73.93 344.47 900.76 4.00 13.00 59.00 7.37 6.86 5.95 17.55
77.52 301.65 960.04 4.00 8.00 61.00 7.48 6.97 7.82 23.69
72.11 331.96 964.26 4.00 12.00 54.00 6.63 7.55 5.49 23.94
75.07 290.84 950.32 3.00 12.00 62.00 6.50 7.12 7.36 26.20
66.48 333.37 830.25 2.00 26.00 58.00 5.53 7.03 8.32 21.92
59.44 444.15 709.80 3.00 29.00 53.00 6.10 6.73 13.78 18.50
53.65 465.23 711.91 4.00 38.00 42.00 5.59 7.48 13.37 16.11
64.93 334.19 747.91 3.00 32.00 60.00 5.30 6.48 15.43 14.51
70.39 303.66 691.53 2.00 28.00 73.00 5.71 5.51 16.22 30.28
61.65 359.21 531.96 2.00 37.00 69.00 5.22 4.83 2.75 37.32
61.65 363.25 531.96 2.00 34.00 69.00 5.28 4.83 17.75 37.32
66.07 295.35 610.64 2.00 32.00 66.00 4.85 5.20 20.10 33.75
56.93 418.28 476.14 1.00 36.00 60.00 5.41 4.71 11.87 0.00
48.17 491.64 468.92 2.00 44.00 42.00 5.28 5.50 3.98 7.08
43.11 524.63 459.91 5.00 49.00 34.00 5.14 6.05 21.74 13.88
37.65 552.61 424.10 5.00 58.00 28.00 4.94 6.41 16.48 13.46
43.61 447.72 495.67 6.00 56.00 34.00 4.42 6.45 20.25 12.34
35.61 450.96 399.67 5.00 72.00 29.00 3.90 6.32 18.48 12.18
45.46 338.24 507.19 7.00 65.00 37.00 3.45 6.26 15.74 10.79
