53.44 1110.65 1379.70 4.00 55.00 73.00 6.64 7.23 37.57 30.68
57.76 994.96 1503.82 3.00 50.00 76.00 6.56 7.30 37.57 27.31
55.38 1094.57 1383.37 3.00 51.00 82.00 6.83 7.00 41.16 26.02
55.38 1108.08 1383.37 3.00 54.00 82.00 6.91 7.00 37.48 26.02
56.18 1082.00 1365.97 3.00 55.00 86.00 6.87 6.81 37.37 30.01
57.09 1073.51 1431.03 4.00 51.00 82.00 6.96 7.03 18.84 35.60
65.43 882.77 1573.07 4.00 41.00 101.00 7.10 6.74 18.84 26.28
73.76 681.96 1812.77 4.00 30.00 107.00 7.23 6.88 18.84 21.24
79.96 514.98 1931.55 3.00 24.00 124.00 7.15 6.78 18.84 20.75
78.74 561.27 1905.89 3.00 24.00 126.00 7.35 6.79 18.40 32.06
70.41 770.39 1727.14 3.00 33.00 107.00 7.25 6.89 16.92 32.06
62.07 889.38 1485.06 3.00 52.00 95.00 6.52 6.73 23.91 32.06
55.94 1013.48 1299.05 2.00 63.00 89.00 6.40 6.52 32.96 38.13
55.34 1022.76 1283.63 3.00 64.00 92.00 6.37 6.50 33.86 39.41
60.04 859.95 1425.89 3.00 60.00 96.00 5.98 6.65 41.38 32.71
67.01 673.80 1546.72 4.00 51.00 108.00 5.68 6.46 41.27 41.02
68.00 658.53 1526.51 3.00 48.00 112.00 5.72 6.28 41.27 32.85
64.01 755.95 1407.03 2.00 55.00 109.00 5.84 6.14 38.89 18.75
55.68 989.31 1264.83 2.00 62.00 91.00 6.21 6.35 37.57 18.75
49.35 1122.27 1084.80 3.00 70.00 87.00 6.16 6.15 40.02 28.18
49.35 1122.27 1062.63 3.00 70.00 85.00 6.16 6.00 40.02 18.03
50.41 1079.27 1105.70 3.00 70.00 82.00 6.05 6.11 36.88 15.91
50.41 1055.82 1105.70 3.00 68.00 82.00 5.92 6.11 31.56 15.91
50.41 1147.49 1105.70 3.00 62.00 82.00 6.43 6.11 32.13 15.91
58.05 968.66 1275.06 4.00 52.00 94.00 6.42 6.12 32.46 19.85
58.64 959.45 1195.28 3.00 51.00 106.00 6.45 5.68 32.46 11.64
58.64 959.45 1125.56 3.00 51.00 117.00 6.45 5.35 32.46 20.01
60.00 935.70 1118.05 2.00 49.00 124.00 6.50 5.19 8.90 25.43
60.00 935.70 1107.60 2.00 49.00 130.00 6.50 5.14 8.90 40.43
