56.07 1273.46 1625.06 4.00 58.00 94.00 6.92 6.96 35.68 26.08
52.62 1367.45 1557.08 3.00 65.00 85.00 6.89 7.11 32.58 26.02
53.77 1319.74 1571.04 4.00 66.00 93.00 6.81 7.02 37.37 28.42
57.63 1186.51 1709.66 5.00 63.00 95.00 6.68 7.14 36.47 32.40
59.16 1144.95 1646.64 4.00 61.00 107.00 6.69 6.69 36.47 26.28
63.22 1073.51 1812.77 4.00 51.00 107.00 6.96 6.88 18.84 21.24
70.37 882.77 2001.09 4.00 41.00 124.00 7.10 6.84 18.84 23.43
76.46 728.26 2158.49 4.00 30.00 138.00 7.38 6.78 18.40 29.99
74.63 770.39 2088.96 3.00 33.00 138.00 7.25 6.73 16.92 32.06
67.49 889.38 1905.89 3.00 52.00 126.00 6.52 6.79 23.91 32.06
60.35 1077.53 1727.14 3.00 63.00 107.00 6.48 6.89 34.56 32.06
59.84 1086.81 1661.78 4.00 64.00 109.00 6.45 6.69 35.37 34.14
61.72 1022.76 1671.19 3.00 64.00 116.00 6.37 6.50 33.86 32.71
60.56 1046.51 1599.88 4.00 66.00 117.00 6.32 6.34 36.12 41.02
64.58 883.70 1714.25 4.00 62.00 123.00 5.95 6.37 41.27 32.39
65.02 834.17 1733.38 4.00 64.00 123.00 5.69 6.39 36.01 31.95
58.73 1052.25 1545.65 3.00 68.00 112.00 6.08 6.31 36.74 32.10
56.59 1122.27 1466.53 3.00 70.00 111.00 6.16 6.20 40.02 28.18
56.59 1122.27 1490.42 3.00 70.00 109.00 6.16 6.30 40.02 18.03
56.44 1125.70 1451.35 3.00 70.00 113.00 6.16 6.15 43.36 15.91
49.30 1311.59 1263.10 3.00 77.00 95.00 6.17 6.11 37.04 15.91
43.21 1475.68 1105.70 3.00 90.00 82.00 6.19 6.11 32.13 15.91
49.75 1275.51 1275.06 4.00 82.00 94.00 6.05 6.12 32.46 19.85
56.90 1156.66 1372.07 4.00 63.00 121.00 6.40 5.76 32.46 13.84
64.04 968.66 1497.77 4.00 52.00 144.00 6.42 5.58 32.46 18.08
64.55 959.45 1434.32 3.00 51.00 148.00 6.45 5.30 32.46 32.63
64.55 959.45 1396.09 3.00 51.00 157.00 6.45 5.16 32.46 46.15
