61.36 1561.58 2521.41 6.00 79.00 149.00 6.75 6.92 32.63 26.08
63.21 1492.18 2610.83 5.00 74.00 154.00 6.78 6.95 33.12 32.04
59.61 1638.10 2437.12 5.00 81.00 151.00 6.77 6.88 32.79 32.04
59.61 1560.92 2437.12 5.00 91.00 151.00 6.45 6.88 33.73 32.04
55.68 1707.50 2232.06 4.00 100.00 144.00 6.43 6.75 38.58 29.99
58.17 1645.34 2335.21 5.00 91.00 152.00 6.56 6.75 35.37 34.05
63.17 1454.60 2530.63 5.00 81.00 165.00 6.59 6.73 35.37 28.28
67.35 1277.55 2651.46 6.00 72.00 177.00 6.53 6.61 34.98 36.54
71.07 1110.56 2749.45 5.00 66.00 192.00 6.41 6.50 34.98 29.04
66.38 1270.92 2585.53 5.00 79.00 180.00 6.31 6.54 32.02 28.66
61.38 1504.28 2406.77 5.00 86.00 161.00 6.50 6.59 33.10 28.66
57.59 1637.24 2224.20 6.00 94.00 151.00 6.44 6.49 36.27 34.41
58.91 1573.20 2204.28 5.00 94.00 161.00 6.39 6.28 35.96 31.16
58.81 1576.63 2212.61 5.00 94.00 160.00 6.39 6.31 37.51 28.58
56.62 1599.70 2159.45 5.00 97.00 151.00 6.15 6.39 36.70 28.58
56.62 1600.33 2159.45 5.00 99.00 151.00 6.16 6.39 36.25 28.58
56.80 1594.23 2141.07 5.00 97.00 152.00 6.16 6.32 36.39 31.49
59.09 1531.28 2099.46 4.00 91.00 176.00 6.24 5.95 34.68 13.84
59.09 1531.28 2082.96 4.00 91.00 181.00 6.24 5.90 34.68 18.08
59.09 1531.28 1956.77 4.00 91.00 194.00 6.24 5.54 34.68 28.27
59.09 1531.28 1925.70 4.00 91.00 197.00 6.24 5.44 34.68 40.12
