40.34 678.65 520.32 2.00 38.00 25.00 6.34 7.24 1.12 0.20
32.30 763.82 452.34 1.00 44.00 16.00 6.28 7.87 16.12 0.00
24.54 867.71 347.56 2.00 48.00 13.00 6.40 7.98 0.00 14.42
41.21 671.54 531.16 2.00 39.00 24.00 6.36 7.23 0.00 0.58
44.79 629.97 504.92 1.00 37.00 37.00 6.35 6.29 0.00 0.00
54.26 558.53 673.36 1.00 27.00 43.00 6.79 6.92 0.00 0.00
66.54 431.84 859.37 2.00 17.00 48.00 7.18 7.23 0.00 40.05
83.20 231.03 1051.48 2.00 6.00 60.00 7.66 7.08 0.00 25.05
86.22 226.86 1035.21 1.00 3.00 69.00 9.17 6.73 4.50 0.00
69.56 436.54 852.14 1.00 15.00 57.00 7.98 6.87 19.50 0.00
67.57 452.03 861.05 2.00 18.00 49.00 7.76 7.16 21.28 18.25
59.93 514.98 757.60 3.00 24.00 39.00 7.15 7.14 18.84 25.35
64.31 450.93 713.63 2.00 24.00 52.00 7.03 6.23 18.35 4.67
64.31 450.93 761.18 2.00 24.00 47.00 7.03 6.63 18.35 10.33
73.70 288.12 896.34 2.00 20.00 55.00 6.10 6.84 0.00 25.33
87.93 124.52 1053.75 2.00 9.00 69.00 5.76 6.73 4.68 38.13
73.24 318.36 866.02 1.00 15.00 58.00 6.62 6.64 10.32 0.00
64.22 374.41 727.39 0.00 28.00 55.00 5.82 6.34 0.00 0.00
47.56 562.55 585.20 0.00 39.00 37.00 5.96 6.91 0.00 0.00
46.37 571.83 522.38 1.00 40.00 45.00 5.93 6.33 0.00 0.00
46.37 571.83 529.54 1.00 40.00 40.00 5.93 6.37 0.00 0.00
46.09 549.15 492.97 2.00 42.00 39.00 5.67 5.96 0.00 34.68
62.76 339.82 660.50 2.00 33.00 54.00 5.07 5.86 0.00 19.68
63.80 381.32 679.63 2.00 27.00 54.00 5.86 5.93 11.62 18.75
63.80 426.69 679.63 2.00 23.00 54.00 6.56 5.93 26.62 18.75
52.33 550.44 562.35 2.00 30.00 41.00 6.42 5.98 38.00 15.72
52.33 550.44 533.02 2.00 30.00 45.00 6.42 5.67 38.00 0.72
54.72 530.12 612.63 1.00 28.00 43.00 6.51 6.23 40.15 0.00
38.06 716.00 445.00 1.00 35.00 28.00 6.43 6.51 25.15 0.00
37.02 766.03 426.06 1.00 35.00 28.00 6.76 6.40 0.00 0.00
52.30 541.98 595.42 2.00 29.00 40.00 6.32 6.35 0.00 19.57
64.94 409.01 632.58 1.00 21.00 65.00 6.49 5.43 0.00 0.00
64.94 409.01 592.48 1.00 21.00 72.00 6.49 5.08 0.00 0.00
65.28 405.42 505.41 1.00 21.00 81.00 6.49 4.31 0.00 0.00
81.94 219.60 662.60 1.00 13.00 102.00 6.76 4.50 0.00 0.00
