49.72 416.63 446.69 2.00 18.00 18.00 6.93 7.55 0.00 6.27
48.46 371.95 452.34 1.00 22.00 16.00 6.03 7.87 13.88 0.00
30.43 499.75 278.63 1.00 31.00 13.00 6.00 7.75 0.00 0.00
30.43 504.45 278.63 1.00 33.00 13.00 6.06 7.75 0.00 0.00
17.17 629.97 142.49 1.00 37.00 6.00 6.35 7.02 0.00 0.00
31.39 558.53 252.53 1.00 27.00 11.00 6.79 6.73 0.00 0.00
56.39 367.80 431.35 1.00 17.00 31.00 7.04 6.39 0.00 0.00
81.39 166.99 673.36 1.00 6.00 43.00 7.49 6.92 0.00 0.00
93.42 64.05 789.84 1.00 0.00 48.00 8.14 7.10 0.00 0.00
93.42 64.05 798.88 1.00 0.00 48.00 8.14 7.20 0.00 0.00
79.33 226.86 673.39 1.00 3.00 38.00 9.17 7.17 4.50 0.00
54.33 436.54 431.31 1.00 15.00 26.00 7.98 6.72 19.50 0.00
57.94 387.98 432.96 1.00 18.00 31.00 7.70 6.29 0.00 0.00
46.47 450.93 379.45 2.00 24.00 22.00 7.03 6.91 18.35 19.67
60.56 288.12 468.33 2.00 20.00 32.00 6.10 6.52 0.00 4.67
85.56 78.22 708.02 2.00 9.00 38.00 4.53 6.95 0.00 10.33
88.53 62.94 708.61 1.00 6.00 44.00 4.58 6.76 0.00 0.00
96.33 46.30 727.39 0.00 0.00 55.00 10.60 6.34 0.00 0.00
71.33 255.41 585.20 0.00 9.00 37.00 7.44 6.91 0.00 0.00
46.33 374.41 345.66 0.00 28.00 31.00 5.82 6.31 0.00 0.00
21.33 562.55 157.41 0.00 39.00 13.00 5.96 6.18 0.00 0.00
23.22 525.40 176.72 1.00 40.00 14.00 5.71 6.38 0.00 0.00
48.22 316.06 372.14 1.00 31.00 27.00 5.09 6.45 0.00 0.00
69.14 220.96 492.97 2.00 14.00 39.00 5.98 5.96 0.00 34.68
94.14 32.97 660.50 2.00 3.00 54.00 4.73 5.86 0.00 19.68
72.47 184.11 502.84 1.00 15.00 39.00 5.59 5.79 11.62 0.00
47.47 417.47 307.43 1.00 22.00 27.00 6.63 5.41 26.62 0.00
32.58 526.68 246.08 1.00 28.00 17.00 6.52 6.32 0.00 0.00
32.58 526.68 244.54 1.00 28.00 18.00 6.52 6.27 0.00 0.00
55.53 369.62 426.06 1.00 15.00 28.00 6.93 6.40 0.00 0.00
55.53 322.28 426.06 1.00 15.00 28.00 6.05 6.40 0.00 0.00
49.50 399.84 366.20 0.00 20.00 26.00 6.60 6.17 0.00 0.00
47.42 409.01 369.76 1.00 21.00 22.00 6.49 6.54 0.00 0.00
47.92 405.42 266.37 1.00 21.00 39.00 6.49 4.66 0.00 0.00
72.92 219.60 392.07 1.00 13.00 62.00 6.76 4.50 0.00 0.00
97.92 9.11 505.41 1.00 1.00 81.00 3.69 4.31 0.00 0.00
100.00 0.00 493.24 0.00 0.00 90.00 0.00 4.11 0.00 0.00
