57.07 1561.58 2093.39 6.00 79.00 126.00 6.75 6.86 32.63 23.95
59.94 1445.88 2265.11 5.00 74.00 123.00 6.70 7.06 32.63 22.44
61.49 1382.68 2279.72 5.00 72.00 137.00 6.66 6.94 36.47 25.75
66.23 1232.81 2437.12 5.00 63.00 151.00 6.77 6.88 36.07 32.04
61.87 1400.36 2232.06 4.00 70.00 144.00 6.81 6.75 32.79 29.99
59.47 1447.91 2158.49 4.00 79.00 138.00 6.63 6.78 23.91 29.99
59.47 1445.32 2158.49 4.00 80.00 138.00 6.61 6.78 34.56 29.99
64.63 1253.80 2335.21 5.00 70.00 152.00 6.57 6.75 35.37 34.05
68.77 1086.81 2461.09 4.00 64.00 165.00 6.45 6.68 35.37 28.60
67.86 1110.56 2398.86 5.00 66.00 165.00 6.41 6.60 34.98 36.71
67.86 1110.56 2387.63 5.00 66.00 161.00 6.41 6.57 34.98 29.04
62.65 1270.92 2164.70 5.00 79.00 149.00 6.31 6.46 32.02 28.66
58.56 1440.23 1978.68 4.00 86.00 143.00 6.44 6.31 32.99 31.95
54.34 1573.20 1846.05 5.00 94.00 134.00 6.39 6.34 35.96 37.59
57.47 1410.38 1958.98 5.00 90.00 141.00 6.15 6.35 40.20 31.16
62.91 1203.92 2159.45 5.00 79.00 151.00 6.02 6.39 40.84 28.58
58.02 1374.53 1971.71 4.00 83.00 140.00 6.07 6.33 36.70 28.18
55.01 1522.11 1833.09 3.00 90.00 137.00 6.27 6.20 34.66 15.91
54.55 1531.28 1860.25 4.00 91.00 131.00 6.24 6.35 34.68 19.85
54.55 1531.28 1717.73 4.00 91.00 152.00 6.24 5.86 34.68 13.84
54.55 1531.28 1655.17 4.00 91.00 157.00 6.24 5.63 34.68 18.08
55.36 1484.85 1611.11 4.00 91.00 163.00 6.17 5.40 32.46 28.27
60.92 1275.51 1768.29 4.00 82.00 184.00 6.05 5.39 32.46 40.12
