46.76 1046.60 951.67 3.00 55.00 56.00 6.57 6.83 27.28 14.79
52.09 931.75 1138.01 3.00 48.00 61.00 6.50 7.35 45.73 34.51
58.61 856.83 1178.31 2.00 40.00 75.00 6.91 6.76 41.16 18.50
63.10 819.83 1292.41 3.00 35.00 80.00 7.42 6.88 21.28 30.01
75.96 514.98 1503.54 3.00 24.00 101.00 7.15 6.66 18.84 13.11
75.96 514.98 1569.73 3.00 24.00 93.00 7.15 6.97 18.84 20.75
67.12 706.34 1299.05 2.00 33.00 89.00 7.17 6.52 15.02 38.13
52.76 850.67 1053.75 2.00 59.00 69.00 6.01 6.73 40.32 38.13
63.23 634.78 1238.15 2.00 46.00 85.00 5.76 6.58 41.38 29.70
66.19 595.59 1245.69 2.00 42.00 91.00 5.88 6.31 45.82 19.68
46.81 989.31 837.04 2.00 62.00 67.00 6.21 5.98 37.57 18.75
50.69 866.50 905.23 3.00 61.00 72.00 5.86 5.97 38.00 18.03
60.49 748.97 1105.70 3.00 38.00 82.00 6.33 6.11 31.56 15.91
50.37 959.45 902.85 3.00 51.00 67.00 6.45 6.00 32.46 16.46
52.00 935.70 837.08 2.00 49.00 90.00 6.50 5.38 8.90 10.43
71.38 541.98 1088.66 2.00 29.00 130.00 6.32 5.09 0.00 40.43
