33.45 1046.60 589.25 3.00 55.00 25.00 6.57 7.41 27.28 13.50
39.92 930.91 704.87 2.00 50.00 27.00 6.47 7.42 27.28 0.58
43.41 867.71 709.98 2.00 48.00 44.00 6.40 6.86 0.00 15.58
55.91 671.54 951.99 2.00 39.00 56.00 6.36 7.14 0.00 30.58
55.30 694.02 932.94 2.00 37.00 54.00 6.48 7.09 45.73 40.05
62.40 622.58 1051.48 2.00 27.00 60.00 6.91 7.08 0.00 25.05
67.86 594.66 1104.74 2.00 20.00 69.00 7.72 6.84 4.50 18.50
67.86 603.53 1104.74 2.00 21.00 69.00 7.84 6.84 19.50 18.50
75.68 452.03 1222.87 2.00 18.00 80.00 7.76 6.79 21.28 18.25
69.94 514.98 1178.43 3.00 24.00 70.00 7.15 7.10 18.84 25.35
69.94 514.98 1141.72 3.00 24.00 70.00 7.15 6.88 18.84 13.11
69.94 514.98 1139.34 3.00 24.00 64.00 7.15 6.86 18.84 10.05
73.24 450.93 1141.64 2.00 24.00 75.00 7.03 6.57 18.35 25.33
71.40 497.23 1106.91 2.00 24.00 78.00 7.26 6.52 19.88 38.13
65.94 543.53 1053.75 2.00 29.00 69.00 6.66 6.73 10.32 38.13
65.94 452.63 1053.75 2.00 37.00 69.00 5.55 6.73 25.32 38.13
54.93 625.50 866.02 1.00 45.00 58.00 5.79 6.64 40.32 0.00
59.78 571.83 904.11 1.00 40.00 69.00 5.93 6.35 0.00 0.00
59.78 571.83 957.33 1.00 40.00 64.00 5.93 6.72 0.00 0.00
57.74 595.59 838.62 2.00 42.00 70.00 5.88 6.10 45.82 34.68
57.74 595.59 817.90 2.00 42.00 67.00 5.88 5.92 45.82 19.68
47.85 709.51 679.63 2.00 55.00 54.00 5.68 5.93 11.62 18.75
47.85 733.54 679.63 2.00 53.00 54.00 5.87 5.93 26.62 18.75
50.86 747.65 739.14 3.00 42.00 56.00 6.35 6.07 38.00 28.18
63.36 559.65 905.23 3.00 31.00 72.00 6.37 5.97 38.00 18.03
64.00 553.87 928.90 2.00 30.00 67.00 6.42 6.06 36.88 13.98
51.50 739.75 733.49 2.00 37.00 55.00 6.36 5.94 31.56 13.98
41.04 926.52 612.63 1.00 48.00 43.00 6.55 6.23 10.15 0.00
40.00 935.70 614.36 2.00 49.00 40.00 6.50 6.43 8.90 19.57
51.72 775.20 692.43 2.00 36.00 67.00 6.69 5.60 0.00 4.57
64.22 541.98 818.14 2.00 29.00 90.00 6.32 5.32 0.00 10.43
73.71 409.01 871.62 1.00 21.00 107.00 6.49 4.94 0.00 0.00
73.71 409.01 863.00 1.00 21.00 112.00 6.49 4.89 0.00 0.00
