54.57 1498.63 1812.73 5.00 73.00 105.00 6.89 6.98 32.54 26.70
54.93 1445.88 1883.37 5.00 74.00 98.00 6.70 7.22 32.63 32.40
56.68 1382.68 1851.70 5.00 72.00 114.00 6.66 6.87 36.47 25.15
62.93 1186.51 2091.40 5.00 63.00 120.00 6.68 6.99 36.47 22.44
64.27 1144.95 2074.65 4.00 61.00 130.00 6.69 6.79 36.47 23.43
66.90 1119.80 2158.49 4.00 51.00 138.00 7.06 6.78 18.40 29.99
66.90 1138.18 2158.49 4.00 50.00 138.00 7.18 6.78 16.92 29.99
66.90 1056.37 2158.49 4.00 58.00 138.00 6.66 6.78 23.91 29.99
65.31 1077.53 2088.96 3.00 63.00 138.00 6.48 6.73 34.56 32.06
64.86 1086.81 2082.61 4.00 64.00 140.00 6.45 6.76 35.37 34.14
64.86 1086.81 2099.27 4.00 64.00 134.00 6.45 6.81 35.37 28.60
63.84 1110.56 1978.03 5.00 66.00 134.00 6.41 6.52 34.98 36.71
65.49 1046.51 1959.55 4.00 66.00 143.00 6.32 6.28 36.12 32.39
59.62 1206.87 1786.54 4.00 79.00 132.00 6.24 6.29 32.74 31.95
56.90 1277.42 1733.38 4.00 82.00 123.00 6.18 6.39 36.74 31.95
58.40 1200.49 1792.89 5.00 79.00 125.00 6.02 6.44 40.20 37.59
59.15 1185.21 1771.25 4.00 76.00 130.00 6.05 6.28 40.20 32.78
61.89 1125.70 1833.09 3.00 70.00 137.00 6.16 6.20 43.36 15.91
55.64 1311.59 1690.89 3.00 77.00 119.00 6.17 6.36 37.04 15.91
49.39 1522.11 1451.35 3.00 90.00 113.00 6.27 6.15 34.66 15.91
48.87 1531.28 1432.46 4.00 91.00 107.00 6.24 6.13 34.68 19.85
49.78 1484.85 1372.07 4.00 91.00 121.00 6.17 5.76 32.46 13.84
56.03 1275.51 1497.77 4.00 82.00 144.00 6.05 5.58 32.46 18.08
62.28 1156.66 1611.11 4.00 63.00 163.00 6.40 5.40 32.46 28.27
68.53 968.66 1768.29 4.00 52.00 184.00 6.42 5.39 32.46 40.12
