46.76 1046.60 951.67 3.00 55.00 56.00 6.57 6.83 27.28 14.79
51.94 930.91 1125.70 2.00 50.00 59.00 6.47 7.27 27.28 30.58
52.09 931.75 1138.01 3.00 48.00 61.00 6.50 7.35 45.73 34.51
62.10 735.58 1330.11 3.00 39.00 73.00 6.48 7.21 45.73 27.31
58.61 856.83 1178.31 2.00 40.00 75.00 6.91 6.76 41.16 18.50
54.29 995.07 1104.74 2.00 42.00 69.00 7.27 6.84 19.50 18.50
63.10 819.83 1292.41 3.00 35.00 80.00 7.42 6.88 21.28 30.01
68.51 681.96 1431.03 4.00 30.00 82.00 7.23 7.03 18.84 35.60
75.96 514.98 1503.54 3.00 24.00 101.00 7.15 6.66 18.84 13.11
75.96 514.98 1560.17 3.00 24.00 95.00 7.15 6.91 18.84 10.05
75.96 514.98 1569.73 3.00 24.00 93.00 7.15 6.97 18.84 20.75
74.49 561.27 1485.06 3.00 24.00 95.00 7.35 6.73 18.40 32.06
67.12 706.34 1299.05 2.00 33.00 89.00 7.17 6.52 15.02 38.13
57.12 825.34 1106.91 2.00 52.00 78.00 6.42 6.52 21.36 38.13
52.76 850.67 1053.75 2.00 59.00 69.00 6.01 6.73 40.32 38.13
62.04 650.05 1230.47 3.00 49.00 83.00 5.72 6.68 41.38 39.41
63.23 634.78 1238.15 2.00 46.00 85.00 5.76 6.58 41.38 29.70
66.19 595.59 1220.36 2.00 42.00 94.00 5.88 6.18 45.82 34.68
66.19 595.59 1245.69 2.00 42.00 91.00 5.88 6.31 45.82 19.68
56.81 755.95 1025.29 2.00 55.00 85.00 5.84 6.06 38.89 18.75
46.81 989.31 837.04 2.00 62.00 67.00 6.21 5.98 37.57 18.75
40.69 1075.84 739.14 3.00 70.00 56.00 6.05 6.07 38.00 28.18
50.69 866.50 905.23 3.00 61.00 72.00 5.86 5.97 38.00 18.03
60.49 751.08 1105.70 3.00 42.00 82.00 6.35 6.11 36.88 15.91
60.49 748.97 1105.70 3.00 38.00 82.00 6.33 6.11 31.56 15.91
51.20 950.28 928.90 2.00 50.00 67.00 6.50 6.06 32.13 13.98
50.37 959.45 902.85 3.00 51.00 67.00 6.45 6.00 32.46 16.46
52.00 935.70 879.00 2.00 49.00 82.00 6.50 5.65 8.90 4.57
52.00 935.70 837.08 2.00 49.00 90.00 6.50 5.38 8.90 10.43
61.38 775.20 931.48 2.00 36.00 109.00 6.69 5.07 0.00 25.43
71.38 541.98 1088.66 2.00 29.00 130.00 6.32 5.09 0.00 40.43
