60.17 178.19 241.69 1.00 7.00 12.00 7.49 6.73 0.00 0.00
36.06 259.23 173.71 0.00 11.00 3.00 6.78 8.08 0.00 0.00
39.28 237.74 205.00 1.00 11.00 6.00 6.55 8.82 0.00 0.00
60.87 112.58 278.63 1.00 11.00 13.00 4.82 7.75 0.00 0.00
21.57 262.02 73.56 0.00 20.00 6.00 5.58 5.79 0.00 0.00
0.00 391.44 0.00 0.00 21.00 0.00 6.54 0.00 0.00 0.00
12.78 367.80 68.93 1.00 17.00 0.00 7.04 9.07 0.00 0.00
62.78 166.99 252.53 1.00 6.00 11.00 7.49 6.73 0.00 0.00
100.00 0.00 361.82 0.00 0.00 31.00 0.00 6.04 0.00 0.00
100.00 0.00 420.76 0.00 0.00 31.00 0.00 7.04 0.00 0.00
86.83 64.05 428.02 1.00 0.00 17.00 8.14 8.34 0.00 0.00
86.83 64.05 378.05 1.00 0.00 17.00 8.14 7.40 0.00 0.00
71.83 162.81 245.30 0.00 3.00 20.00 9.65 5.75 0.00 0.00
21.83 372.49 53.16 0.00 15.00 9.00 7.95 4.08 0.00 0.00
44.06 225.17 187.66 1.00 14.00 11.00 6.72 7.15 0.00 0.00
71.11 78.22 326.29 2.00 9.00 13.00 4.53 7.79 0.00 19.67
77.06 62.94 280.60 1.00 6.00 21.00 4.58 6.15 0.00 0.00
100.00 0.00 381.67 0.00 0.00 24.00 0.00 6.37 0.00 0.00
100.00 0.00 427.79 0.00 0.00 23.00 0.00 7.22 0.00 0.00
92.67 46.30 345.66 0.00 0.00 31.00 10.60 6.31 0.00 0.00
42.67 255.41 157.41 0.00 9.00 13.00 7.44 6.18 0.00 0.00
0.00 327.97 0.00 0.00 28.00 0.00 5.47 0.00 0.00 0.00
0.00 306.78 0.00 0.00 30.00 0.00 5.12 0.00 0.00 0.00
46.44 197.21 176.72 1.00 12.00 14.00 6.14 6.38 0.00 0.00
96.44 9.21 372.14 1.00 1.00 27.00 4.39 6.45 0.00 0.00
91.83 23.75 316.17 1.00 2.00 24.00 4.88 5.75 0.00 0.00
91.83 23.75 288.29 1.00 2.00 27.00 4.88 5.24 0.00 0.00
53.11 160.36 186.57 0.00 13.00 15.00 5.71 5.87 0.00 0.00
3.11 393.72 18.94 0.00 20.00 0.00 6.78 10.33 0.00 0.00
12.06 366.19 59.51 1.00 15.00 2.00 6.94 8.30 0.00 0.00
62.06 132.96 225.59 1.00 8.00 18.00 5.85 6.07 0.00 0.00
99.00 3.44 366.20 0.00 0.00 26.00 6.06 6.17 0.00 0.00
49.00 189.32 200.40 0.00 7.00 10.00 6.19 6.82 0.00 0.00
0.00 396.25 0.00 0.00 20.00 0.00 6.61 0.00 0.00 0.00
45.83 219.60 169.36 1.00 13.00 12.00 6.76 6.23 0.00 0.00
95.83 9.11 266.37 1.00 1.00 39.00 3.69 4.66 0.00 0.00
100.00 0.00 222.71 0.00 0.00 50.00 0.00 3.72 0.00 0.00
100.00 0.00 239.04 0.00 0.00 41.00 0.00 3.99 0.00 0.00
100.00 0.00 270.38 0.00 0.00 39.00 0.00 4.51 0.00 0.00
