46.09 2584.26 2320.00 24.00 47.00 31.00 10.09 10.68 6.34 6.71
45.97 2531.99 2172.99 23.00 50.00 33.00 9.85 10.02 6.94 7.14
43.33 2570.69 2032.67 23.00 55.00 31.00 9.52 9.95 7.78 7.23
46.87 2327.46 2047.55 21.00 53.00 44.00 9.19 9.25 7.97 8.60
46.95 2235.98 2037.34 21.00 55.00 44.00 8.83 9.18 7.81 8.51
49.38 2096.17 2099.96 20.00 53.00 48.00 8.67 9.00 8.11 8.73
50.04 2056.61 2089.00 19.00 52.00 47.00 8.62 8.82 8.30 10.10
48.35 2154.45 1957.81 19.00 52.00 46.00 8.73 8.55 8.15 10.71
52.35 2046.11 2135.67 20.00 47.00 49.00 8.99 8.61 7.79 10.27
50.70 2121.95 2062.12 16.00 51.00 48.00 9.01 8.59 7.18 10.68
51.60 2027.20 2105.97 16.00 53.00 48.00 8.76 8.61 9.61 10.51
52.51 1976.16 2139.83 16.00 56.00 51.00 8.71 8.58 9.71 10.35
51.95 2008.76 2076.22 15.00 54.00 55.00 8.75 8.42 9.33 10.48
52.05 2029.04 2086.53 15.00 51.00 56.00 8.86 8.44 10.20 10.05
51.25 1973.56 2040.52 15.00 58.00 54.00 8.47 8.38 11.02 10.22
52.52 1902.66 2078.16 14.00 55.00 55.00 8.38 8.33 10.91 10.28
53.49 1874.53 2108.09 14.00 51.00 61.00 8.43 8.28 10.71 10.89
51.25 1955.41 1963.83 14.00 53.00 64.00 8.39 8.05 11.19 11.04
52.65 1850.71 2027.00 15.00 52.00 65.00 8.18 8.09 10.66 10.85
52.35 1862.93 2060.77 15.00 52.00 56.00 8.18 8.26 10.84 10.67
49.37 1869.93 1931.75 13.00 63.00 54.00 7.72 8.21 11.59 11.22
44.19 1959.68 1727.19 12.00 72.00 49.00 7.34 8.20 16.32 8.41
41.31 2069.18 1587.00 14.00 75.00 49.00 7.37 8.05 16.91 8.30
40.81 1910.22 1607.82 13.00 90.00 46.00 6.74 8.26 16.87 7.80
37.85 2003.75 1468.54 12.00 91.00 44.00 6.73 8.13 17.41 7.15
