50.56 1659.01 1660.27 17.00 20.00 21.00 11.35 11.13 6.29 7.59
45.12 1652.36 1399.14 17.00 27.00 16.00 10.14 10.55 6.93 7.68
44.11 1492.20 1287.07 15.00 33.00 20.00 8.95 9.90 7.01 7.69
39.59 1531.26 1129.68 14.00 39.00 16.00 8.49 9.72 7.46 6.38
39.26 1572.94 1087.93 14.00 39.00 16.00 8.67 9.40 8.50 5.69
45.38 1392.53 1166.48 11.00 39.00 30.00 8.53 8.69 6.83 7.61
56.57 1126.49 1384.08 9.00 32.00 41.00 8.68 8.25 7.48 10.24
61.44 1065.79 1499.39 10.00 27.00 42.00 9.27 8.22 8.24 11.12
59.37 1101.32 1446.24 9.00 26.00 38.00 9.08 8.20 12.09 11.96
58.92 1090.43 1443.11 9.00 26.00 40.00 8.89 8.24 10.02 11.54
50.99 1230.60 1289.76 9.00 36.00 30.00 8.40 8.52 12.02 11.65
45.10 1350.06 1148.61 9.00 38.00 30.00 8.23 8.56 11.07 8.24
39.72 1377.54 979.48 9.00 44.00 32.00 7.64 8.28 10.98 7.58
41.81 1235.26 992.74 8.00 49.00 36.00 7.10 7.95 9.85 8.36
39.54 1186.81 895.01 8.00 53.00 35.00 6.56 7.57 19.90 9.17
40.00 1095.97 927.41 7.00 60.00 32.00 6.10 7.76 20.63 8.79
