62.67 330.18 495.46 3.00 1.00 5.00 15.17 13.31 5.79 2.74
44.67 448.56 320.42 3.00 4.00 3.00 13.80 12.15 4.38 3.81
41.39 484.14 293.95 4.00 3.00 2.00 14.10 12.10 2.15 4.02
45.22 425.17 281.11 4.00 3.00 3.00 13.22 10.54 0.34 4.16
66.72 236.97 400.91 3.00 4.00 8.00 12.05 10.18 3.83 9.94
80.22 133.56 470.14 2.00 3.00 11.00 11.45 9.93 0.00 2.73
42.22 275.43 249.87 2.00 8.00 5.00 8.00 10.09 7.43 11.63
35.83 269.43 195.90 5.00 8.00 2.00 7.04 9.34 8.83 4.20
39.78 330.51 220.08 5.00 3.00 1.00 9.22 9.38 7.75 4.06
23.39 445.42 148.90 2.00 5.00 0.00 9.74 11.11 5.15 0.65
35.50 323.86 234.32 3.00 8.00 0.00 8.41 11.36 5.42 5.53
39.50 267.24 229.00 3.00 12.00 2.00 7.39 9.76 3.01 4.21
36.33 324.89 181.24 2.00 9.00 6.00 8.53 8.36 2.99 4.12
42.00 332.94 229.04 3.00 7.00 7.00 9.61 9.12 4.63 5.12
44.11 275.43 243.52 2.00 10.00 4.00 8.26 9.48 4.50 0.93
56.94 208.08 297.52 1.00 8.00 5.00 8.11 8.91 11.48 0.00
40.56 316.32 208.13 2.00 9.00 5.00 8.91 8.58 0.00 9.00
51.83 244.61 194.98 1.00 7.00 14.00 8.48 6.32 0.00 0.00
70.39 150.34 298.40 2.00 3.00 15.00 8.51 7.12 2.45 2.75
65.28 193.52 333.52 3.00 3.00 7.00 9.35 8.61 3.10 6.11
91.44 57.82 452.09 1.00 1.00 11.00 11.34 8.34 0.00 0.00
72.00 191.84 328.79 1.00 2.00 9.00 11.51 7.67 5.07 0.00
60.72 265.01 296.39 3.00 4.00 7.00 11.34 8.21 3.97 4.86
54.67 235.47 300.21 2.00 7.00 4.00 8.70 9.31 7.72 10.10
33.72 311.84 190.37 1.00 9.00 0.00 7.85 9.60 0.00 0.00
37.83 300.31 226.61 2.00 10.00 3.00 8.09 10.03 7.82 0.18
38.33 305.42 205.22 2.00 9.00 7.00 8.30 8.99 4.35 0.28
35.83 320.28 175.70 2.00 7.00 7.00 8.36 8.24 9.02 0.22
30.72 290.42 145.54 2.00 13.00 5.00 7.01 7.94 0.00 1.32
45.78 205.98 220.77 2.00 11.00 6.00 6.35 8.09 0.00 0.27
62.00 177.27 311.09 1.00 3.00 11.00 7.81 8.40 0.97 0.00
46.78 260.84 182.89 1.00 6.00 14.00 8.21 6.53 12.80 0.00
33.83 292.43 127.26 3.00 10.00 9.00 7.40 6.30 5.78 3.80
60.61 152.38 291.92 2.00 6.00 6.00 6.48 8.05 6.97 9.85
44.17 169.55 202.63 0.00 14.00 4.00 5.07 7.67 0.00 0.00
0.00 290.21 0.00 0.00 22.00 0.00 4.84 0.00 0.00 0.00
27.00 256.91 107.49 2.00 12.00 6.00 5.87 6.66 0.00 4.67
44.94 143.68 209.42 2.00 20.00 6.00 4.36 7.80 5.00 0.72
33.00 199.58 177.87 1.00 20.00 2.00 4.97 9.04 0.00 0.00
