45.48 2901.45 2528.13 26.00 56.00 36.00 9.95 10.47 7.49 6.96
46.62 2776.60 2367.97 24.00 57.00 47.00 9.72 9.56 7.58 8.23
46.33 2721.03 2331.29 25.00 58.00 46.00 9.46 9.47 7.53 8.14
48.91 2521.34 2381.07 24.00 56.00 51.00 9.20 9.16 7.56 8.37
51.90 2293.80 2489.91 22.00 56.00 55.00 8.88 9.02 7.79 10.08
51.89 2288.01 2428.81 21.00 55.00 57.00 8.85 8.79 7.97 10.94
51.23 2321.62 2385.55 22.00 56.00 54.00 8.86 8.74 8.02 10.40
49.05 2391.38 2258.02 21.00 59.00 50.00 8.73 8.65 8.03 10.73
50.28 2357.95 2326.04 21.00 56.00 49.00 8.82 8.68 9.74 10.43
49.27 2422.33 2288.74 18.00 61.00 51.00 8.88 8.71 9.50 10.14
50.12 2332.62 2311.19 18.00 62.00 55.00 8.70 8.64 9.01 9.98
50.65 2296.54 2315.53 18.00 63.00 58.00 8.66 8.55 9.34 9.89
49.59 2299.27 2221.76 17.00 67.00 60.00 8.48 8.38 10.02 10.11
51.35 2235.60 2307.30 17.00 62.00 62.00 8.55 8.41 10.41 9.49
52.44 2150.83 2351.60 16.00 61.00 65.00 8.41 8.39 10.43 10.33
51.88 2163.49 2261.35 15.00 61.00 69.00 8.36 8.15 11.16 10.70
51.30 2167.03 2235.35 17.00 61.00 70.00 8.28 8.13 10.79 10.94
52.29 2107.89 2255.75 16.00 59.00 70.00 8.21 8.05 10.70 10.90
51.70 2020.27 2230.63 15.00 66.00 69.00 7.78 8.05 11.23 10.67
46.53 2153.20 2060.77 15.00 75.00 56.00 7.48 8.26 15.81 10.67
46.88 2127.00 2039.24 15.00 76.00 60.00 7.44 8.11 16.76 11.00
44.27 2103.52 1936.61 14.00 92.00 55.00 7.01 8.16 16.33 7.80
40.39 2268.76 1764.93 15.00 95.00 51.00 7.07 8.14 17.08 7.66
