50.56 1659.01 1660.27 17.00 20.00 21.00 11.35 11.13 6.29 7.59
45.87 1722.71 1417.33 16.00 23.00 19.00 10.74 10.52 6.35 7.58
45.12 1652.36 1399.14 17.00 27.00 16.00 10.14 10.55 6.93 7.68
44.83 1541.57 1325.92 16.00 31.00 18.00 9.40 10.05 6.81 7.62
44.11 1492.20 1287.07 15.00 33.00 20.00 8.95 9.90 7.01 7.69
44.19 1449.60 1273.84 15.00 35.00 22.00 8.70 9.78 7.37 7.85
39.59 1531.26 1129.68 14.00 39.00 16.00 8.49 9.72 7.46 6.38
39.53 1524.12 1100.45 14.00 40.00 16.00 8.44 9.46 8.25 5.85
39.26 1572.94 1087.93 14.00 39.00 16.00 8.67 9.40 8.50 5.69
42.73 1499.30 1099.54 10.00 39.00 28.00 8.76 8.71 7.84 7.75
45.38 1392.53 1166.48 11.00 39.00 30.00 8.53 8.69 6.83 7.61
51.11 1247.01 1284.15 11.00 37.00 35.00 8.54 8.47 7.15 7.57
56.57 1126.49 1384.08 9.00 32.00 41.00 8.68 8.25 7.48 10.24
57.61 1171.35 1384.01 9.00 27.00 42.00 9.26 8.09 8.22 11.19
61.44 1065.79 1499.39 10.00 27.00 42.00 9.27 8.22 8.24 11.12
60.14 1075.34 1455.09 8.00 27.00 39.00 9.04 8.17 8.51 12.21
59.37 1101.32 1446.24 9.00 26.00 38.00 9.08 8.20 12.09 11.96
56.32 1167.64 1384.18 9.00 29.00 37.00 8.95 8.27 10.99 12.18
58.92 1090.43 1443.11 9.00 26.00 40.00 8.89 8.24 10.02 11.54
53.12 1243.06 1364.89 10.00 29.00 30.00 8.88 8.65 10.72 11.10
50.99 1230.60 1289.76 9.00 36.00 30.00 8.40 8.52 12.02 11.65
49.22 1256.09 1252.08 9.00 37.00 29.00 8.28 8.56 11.58 5.55
45.10 1350.06 1148.61 9.00 38.00 30.00 8.23 8.56 11.07 8.24
44.18 1323.62 1106.48 9.00 41.00 34.00 7.94 8.41 12.31 7.96
39.72 1377.54 979.48 9.00 44.00 32.00 7.64 8.28 10.98 7.58
45.37 1240.56 1098.19 9.00 40.00 36.00 7.60 8.10 9.59 8.01
41.81 1235.26 992.74 8.00 49.00 36.00 7.10 7.95 9.85 8.36
37.80 1230.43 871.57 7.00 53.00 33.00 6.61 7.72 17.52 8.79
39.54 1186.81 895.01 8.00 53.00 35.00 6.56 7.57 19.90 9.17
39.62 1053.41 905.30 7.00 66.00 32.00 5.83 7.64 19.82 8.39
40.00 1095.97 927.41 7.00 60.00 32.00 6.10 7.76 20.63 8.79
