46.37 2308.00 2076.48 22.00 37.00 27.00 10.36 10.84 6.29 6.89
44.40 2323.91 1875.37 22.00 42.00 28.00 10.05 10.23 6.34 6.92
43.72 2253.50 1824.54 21.00 46.00 26.00 9.62 10.14 6.58 6.97
46.16 2082.85 1852.57 20.00 46.00 30.00 9.28 9.73 7.32 7.47
43.60 2085.64 1738.72 19.00 52.00 29.00 8.85 9.66 8.09 7.61
47.10 1902.29 1766.44 17.00 50.00 41.00 8.61 9.08 8.62 9.10
44.13 1998.79 1636.43 18.00 51.00 36.00 8.56 8.97 8.32 8.17
44.97 1962.61 1628.95 18.00 50.00 37.00 8.53 8.76 8.30 7.83
51.16 1781.10 1839.13 17.00 43.00 42.00 8.73 8.68 8.10 9.91
50.13 1885.02 1761.91 14.00 44.00 44.00 9.04 8.47 7.25 10.75
54.15 1715.36 1915.59 15.00 44.00 48.00 8.95 8.53 7.26 10.40
54.60 1675.78 1913.22 14.00 46.00 48.00 8.83 8.44 7.10 10.92
53.90 1703.34 1871.00 13.00 45.00 48.00 8.83 8.36 10.07 11.08
54.37 1708.66 1910.83 13.00 44.00 49.00 8.96 8.46 10.74 10.50
54.18 1683.04 1894.98 13.00 45.00 49.00 8.79 8.42 10.30 10.54
53.48 1696.10 1857.39 12.00 44.00 49.00 8.72 8.36 10.77 11.01
52.27 1697.26 1797.00 13.00 48.00 50.00 8.50 8.26 11.42 10.89
51.89 1694.57 1780.64 13.00 47.00 50.00 8.42 8.24 10.89 10.61
55.33 1558.22 1899.74 12.00 42.00 56.00 8.34 8.24 10.48 11.07
51.17 1710.45 1768.86 13.00 46.00 50.00 8.38 8.30 11.36 10.78
50.11 1700.37 1728.11 13.00 49.00 50.00 8.15 8.28 11.10 11.42
50.50 1669.40 1727.19 12.00 49.00 49.00 8.06 8.20 11.23 8.41
43.36 1812.11 1479.50 12.00 62.00 43.00 7.64 8.18 11.50 8.41
40.21 1766.38 1398.40 11.00 70.00 40.00 7.06 8.34 16.85 8.44
38.54 1804.17 1290.61 11.00 71.00 42.00 7.01 8.02 17.53 7.98
38.83 1674.68 1307.60 11.00 83.00 42.00 6.54 8.05 16.77 7.28
38.44 1691.91 1278.17 11.00 82.00 44.00 6.56 7.95 17.57 7.40
