56.93 1052.78 1190.32 10.00 8.00 15.00 13.88 11.79 3.53 7.02
56.70 1007.87 1071.67 9.00 10.00 17.00 13.19 10.68 2.77 8.00
50.11 997.67 944.73 9.00 15.00 15.00 11.27 10.68 4.57 9.05
53.76 828.16 948.02 11.00 14.00 16.00 10.08 9.98 6.32 8.88
49.57 843.20 870.86 10.00 16.00 14.00 9.37 9.94 7.68 9.07
46.48 848.41 815.80 9.00 16.00 13.00 8.87 9.98 8.17 9.35
39.17 930.12 704.28 10.00 20.00 6.00 8.55 10.23 8.75 7.31
32.91 982.84 573.80 10.00 25.00 4.00 8.18 9.92 8.07 4.24
37.20 979.50 636.28 10.00 20.00 7.00 8.71 9.67 7.17 4.30
34.96 1046.61 606.94 8.00 24.00 9.00 8.98 9.79 4.95 4.11
38.65 925.00 659.72 7.00 27.00 10.00 8.41 9.70 4.27 3.73
46.15 808.52 755.66 7.00 27.00 14.00 8.38 9.22 6.74 5.24
40.33 918.33 632.89 6.00 28.00 15.00 8.58 8.84 6.72 6.23
50.26 785.63 721.63 5.00 22.00 26.00 8.81 8.07 9.81 7.32
51.69 742.96 750.27 6.00 22.00 24.00 8.59 8.16 8.92 8.58
58.02 646.57 826.02 5.00 18.00 26.00 8.59 8.02 9.47 8.56
67.46 524.47 959.33 5.00 13.00 31.00 9.00 7.96 9.23 9.48
63.04 630.33 857.35 5.00 12.00 30.00 9.52 7.62 3.83 13.66
74.19 473.17 1047.52 6.00 8.00 33.00 10.26 7.92 3.38 12.96
63.98 622.30 962.59 6.00 12.00 20.00 9.65 8.45 5.71 13.36
61.96 634.67 939.01 5.00 14.00 18.00 9.31 8.52 13.44 14.50
54.83 729.15 855.61 5.00 19.00 16.00 9.01 8.76 12.88 7.32
44.26 882.27 691.98 6.00 22.00 14.00 8.83 8.78 11.27 6.70
42.78 856.23 702.52 6.00 24.00 14.00 8.35 9.22 12.50 6.36
34.26 907.77 541.13 5.00 31.00 12.00 7.70 8.87 11.35 1.30
39.81 827.24 623.07 6.00 28.00 16.00 7.66 8.75 8.80 1.31
43.69 773.21 661.84 5.00 25.00 23.00 7.66 8.46 8.29 8.07
42.80 787.67 579.66 5.00 24.00 27.00 7.68 7.56 10.74 8.19
42.19 760.19 583.88 6.00 26.00 25.00 7.33 7.72 9.56 9.24
51.06 619.29 695.88 5.00 23.00 26.00 7.06 7.60 9.12 9.56
46.67 639.32 641.98 4.00 27.00 24.00 6.68 7.67 10.52 10.33
35.80 703.59 474.81 3.00 35.00 20.00 6.10 7.39 21.56 8.83
35.00 719.06 438.39 5.00 37.00 19.00 6.16 6.98 25.13 8.31
35.19 586.50 501.33 4.00 49.00 12.00 5.03 7.95 23.16 7.37
34.72 626.20 488.05 3.00 47.00 12.00 5.33 7.84 24.03 2.18
