47.97 3051.79 2826.75 28.00 59.00 51.00 9.86 9.97 7.27 7.78
48.49 2970.48 2701.49 27.00 60.00 54.00 9.69 9.43 7.24 8.06
50.84 2778.85 2783.86 26.00 59.00 57.00 9.49 9.27 7.49 9.70
51.22 2713.18 2709.93 25.00 58.00 60.00 9.34 8.95 7.45 10.44
52.78 2558.81 2786.46 25.00 60.00 62.00 9.08 8.92 7.57 10.35
52.17 2524.94 2729.03 23.00 62.00 61.00 8.84 8.85 7.87 10.90
49.48 2633.46 2575.92 23.00 65.00 54.00 8.73 8.80 9.72 10.54
47.93 2691.76 2484.63 23.00 69.00 53.00 8.65 8.76 9.66 10.26
49.09 2663.37 2531.27 23.00 65.00 56.00 8.76 8.70 9.22 9.98
47.93 2742.71 2464.43 20.00 68.00 58.00 8.82 8.68 9.18 9.70
48.18 2623.13 2456.72 20.00 75.00 60.00 8.47 8.60 9.65 9.64
50.17 2503.09 2536.30 20.00 74.00 64.00 8.41 8.51 9.61 9.39
50.83 2476.55 2532.84 18.00 70.00 71.00 8.43 8.38 9.59 10.33
50.89 2496.43 2490.49 18.00 68.00 76.00 8.51 8.23 10.70 9.96
50.58 2443.33 2478.86 19.00 71.00 74.00 8.28 8.25 10.54 10.39
52.76 2315.97 2553.27 17.00 67.00 75.00 8.20 8.14 10.78 10.61
50.59 2336.58 2438.98 17.00 75.00 74.00 7.91 8.09 11.25 10.61
47.06 2398.16 2255.75 16.00 82.00 70.00 7.57 8.05 15.60 10.90
49.23 2277.34 2338.13 17.00 79.00 75.00 7.50 7.97 16.10 10.53
46.37 2297.05 2270.19 17.00 95.00 62.00 7.16 8.22 15.85 10.08
45.49 2326.57 2217.18 16.00 96.00 62.00 7.13 8.18 17.01 10.34
