52.03 814.89 789.41 7.00 4.00 7.00 14.52 12.83 3.32 4.72
44.94 874.30 601.53 7.00 7.00 6.00 13.51 11.34 2.81 4.03
54.06 722.02 694.86 7.00 7.00 10.00 13.36 10.91 3.02 8.00
62.72 558.73 751.25 6.00 6.00 14.00 12.74 10.15 1.21 8.97
54.47 512.62 650.78 5.00 12.00 13.00 9.47 10.14 5.11 10.65
58.03 403.00 666.90 7.00 11.00 13.00 8.07 9.76 8.10 10.51
41.00 606.01 469.95 7.00 12.00 6.00 8.62 9.74 9.14 7.95
29.61 714.85 344.80 7.00 13.00 2.00 8.51 10.03 8.67 3.87
37.64 654.61 454.40 8.00 11.00 1.00 8.80 10.30 8.22 4.80
31.44 713.41 377.90 5.00 17.00 2.00 8.71 10.25 5.72 3.31
35.92 648.75 416.21 5.00 17.00 6.00 8.47 9.83 4.63 3.61
40.75 600.44 458.04 6.00 19.00 9.00 8.48 9.43 3.28 4.69
40.22 601.14 424.76 4.00 19.00 10.00 8.41 8.97 3.44 4.10
49.47 541.02 526.66 4.00 15.00 12.00 8.97 9.00 8.76 3.76
42.33 592.62 451.65 4.00 19.00 9.00 8.61 9.04 8.79 6.42
54.39 452.69 492.50 2.00 15.00 19.00 8.31 7.66 11.55 4.97
55.47 466.66 506.75 4.00 12.00 20.00 8.78 7.65 9.35 10.31
58.56 438.49 528.49 4.00 10.00 21.00 8.85 7.59 2.67 9.44
80.92 208.16 750.98 3.00 4.00 26.00 9.14 7.81 2.67 11.38
68.64 385.37 662.38 4.00 5.00 16.00 10.31 8.11 4.20 14.53
76.08 322.83 748.63 4.00 5.00 18.00 11.34 8.28 3.63 15.24
63.33 428.77 629.00 3.00 9.00 13.00 9.80 8.38 6.44 9.37
47.22 576.85 486.76 4.00 13.00 7.00 9.15 8.70 14.24 8.19
46.25 535.85 526.82 4.00 17.00 7.00 8.34 9.61 15.05 7.58
36.03 617.26 395.60 3.00 18.00 7.00 8.07 9.26 12.46 0.23
36.83 620.69 402.31 4.00 17.00 10.00 8.22 9.16 7.77 0.36
34.53 595.94 350.76 4.00 22.00 12.00 7.61 8.52 8.94 1.39
40.81 526.84 396.46 4.00 18.00 13.00 7.44 8.15 8.29 1.51
46.36 467.69 456.62 3.00 16.00 16.00 7.29 8.24 8.66 9.33
46.28 466.81 403.96 3.00 17.00 20.00 7.27 7.30 10.77 9.36
47.92 469.77 438.35 4.00 13.00 20.00 7.54 7.66 8.63 11.26
53.69 413.32 474.81 3.00 12.00 20.00 7.47 7.39 10.08 8.83
39.00 461.98 330.90 3.00 24.00 13.00 6.33 7.09 11.33 8.83
30.31 442.66 291.92 2.00 29.00 6.00 5.30 8.05 23.03 9.85
35.58 426.62 310.12 2.00 27.00 10.00 5.52 7.29 29.42 4.67
22.47 434.05 209.42 2.00 42.00 6.00 4.67 7.80 5.00 0.72
30.00 456.49 285.43 3.00 32.00 8.00 5.44 7.97 15.48 2.18
