48.05 1983.11 1894.60 20.00 28.00 21.00 10.74 11.16 6.56 7.34
44.81 1990.71 1646.34 19.00 35.00 21.00 10.13 10.40 6.37 7.16
43.66 1977.25 1581.02 19.00 36.00 22.00 9.84 10.25 6.57 7.16
44.36 1874.77 1554.95 19.00 38.00 25.00 9.43 9.91 6.67 7.28
44.11 1768.45 1530.59 17.00 43.00 24.00 8.84 9.83 6.88 7.37
46.31 1657.69 1571.46 16.00 43.00 27.00 8.62 9.60 8.01 7.93
39.75 1848.45 1337.81 16.00 48.00 21.00 8.56 9.52 8.65 6.87
41.58 1768.73 1295.43 15.00 47.00 30.00 8.45 8.80 8.85 8.03
44.44 1723.29 1386.56 16.00 42.00 31.00 8.66 8.79 8.13 7.57
46.49 1693.18 1433.05 13.00 42.00 35.00 8.83 8.69 7.22 7.41
53.06 1450.35 1619.05 12.00 40.00 41.00 8.62 8.59 7.21 9.78
54.59 1438.85 1613.01 12.00 39.00 44.00 8.84 8.29 7.18 11.06
57.26 1391.50 1680.63 12.00 36.00 48.00 9.09 8.24 7.36 11.05
57.12 1408.28 1684.22 11.00 34.00 46.00 9.17 8.29 7.95 11.05
56.82 1377.62 1689.76 11.00 36.00 42.00 8.91 8.36 11.45 11.11
56.43 1375.72 1681.70 10.00 37.00 42.00 8.81 8.38 11.48 11.58
55.86 1406.74 1651.46 11.00 35.00 45.00 8.90 8.28 10.60 11.28
52.91 1488.02 1559.87 11.00 36.00 44.00 8.81 8.27 10.43 11.44
54.22 1380.94 1588.65 11.00 39.00 45.00 8.42 8.22 11.30 10.83
51.90 1449.61 1585.66 12.00 40.00 36.00 8.41 8.57 11.08 10.16
52.82 1407.88 1600.85 10.00 39.00 41.00 8.32 8.49 11.05 11.82
48.81 1516.92 1435.27 10.00 43.00 43.00 8.27 8.23 11.82 7.90
43.22 1642.56 1275.87 12.00 48.00 39.00 8.07 8.26 11.07 8.08
46.92 1476.10 1398.40 11.00 47.00 40.00 7.75 8.34 11.67 8.44
40.46 1547.10 1183.12 9.00 58.00 36.00 7.24 8.17 11.17 8.01
37.81 1530.84 1098.19 9.00 63.00 36.00 6.86 8.10 16.73 8.01
39.34 1492.33 1100.24 10.00 62.00 42.00 6.85 7.80 17.57 8.33
38.99 1374.27 1080.99 9.00 73.00 39.00 6.27 7.73 17.63 7.84
38.45 1386.39 1072.95 9.00 73.00 37.00 6.27 7.78 19.35 7.99
