53.25 1328.43 1440.20 12.00 16.00 20.00 12.04 11.46 4.43 8.03
51.49 1277.30 1268.43 14.00 18.00 19.00 11.14 10.45 5.74 8.09
47.53 1328.25 1164.81 14.00 19.00 16.00 10.68 10.41 6.68 8.05
46.17 1273.58 1096.92 13.00 19.00 16.00 9.96 10.12 6.90 8.20
46.06 1167.31 1105.19 13.00 24.00 14.00 9.08 10.21 7.64 8.42
44.74 1116.41 1044.80 12.00 28.00 15.00 8.47 9.93 7.73 8.39
38.46 1255.01 886.16 12.00 29.00 12.00 8.54 9.78 7.75 6.55
35.18 1316.04 802.84 13.00 32.00 11.00 8.50 9.68 7.63 4.61
38.93 1255.75 879.80 12.00 30.00 11.00 8.61 9.62 6.98 4.63
40.46 1254.69 904.56 9.00 32.00 14.00 8.82 9.48 6.96 5.05
39.12 1242.19 867.86 9.00 36.00 15.00 8.54 9.40 6.43 5.45
47.57 1053.13 950.63 8.00 34.00 28.00 8.40 8.42 7.91 8.03
47.85 1068.67 931.51 8.00 31.00 30.00 8.57 8.20 7.12 8.44
54.01 979.51 1055.15 8.00 25.00 33.00 8.92 8.23 8.45 7.31
61.62 800.77 1202.84 7.00 23.00 35.00 8.74 8.23 9.04 9.45
61.51 838.41 1154.87 6.00 20.00 35.00 9.12 7.92 8.98 12.48
65.78 789.48 1255.87 8.00 17.00 38.00 9.67 8.02 7.83 12.08
60.94 867.26 1157.57 7.00 19.00 34.00 9.29 8.00 5.43 13.06
64.07 785.01 1237.89 7.00 17.00 33.00 9.15 8.14 11.64 12.73
57.44 922.67 1189.20 8.00 22.00 23.00 9.08 8.71 11.50 12.06
56.06 940.09 1144.23 7.00 23.00 25.00 8.96 8.60 10.97 12.70
50.08 1049.53 1031.31 7.00 26.00 23.00 8.80 8.66 11.50 6.24
40.88 1172.78 837.52 8.00 35.00 19.00 8.30 8.62 12.04 5.99
43.53 1062.78 923.29 8.00 35.00 20.00 7.87 8.92 12.08 5.52
41.19 1085.05 852.22 6.00 34.00 23.00 7.71 8.69 11.09 7.55
41.56 1088.08 806.27 7.00 34.00 30.00 7.79 8.12 10.14 7.16
41.22 1065.71 789.10 8.00 35.00 32.00 7.58 8.02 9.01 8.03
47.25 940.15 871.57 7.00 30.00 33.00 7.46 7.72 10.16 8.79
42.68 929.74 787.52 6.00 40.00 29.00 6.78 7.72 10.37 9.20
38.29 909.57 695.88 5.00 46.00 26.00 6.16 7.60 20.65 9.56
41.75 896.40 749.48 6.00 40.00 30.00 6.43 7.51 21.35 10.38
38.08 847.44 684.22 5.00 55.00 26.00 5.71 7.51 20.71 6.94
34.50 918.63 616.33 6.00 57.00 21.00 5.85 7.47 23.27 6.68
