51.88 2941.38 2843.02 17.00 45.00 57.00 11.41 10.24 10.00 11.61
51.91 2903.72 2846.13 17.00 46.00 57.00 11.26 10.25 10.39 11.62
50.34 2908.20 2738.62 17.00 52.00 57.00 10.92 10.17 13.54 12.04
53.36 2722.95 2892.65 16.00 47.00 60.00 10.89 10.14 13.26 11.92
54.32 2667.41 2887.89 16.00 47.00 61.00 10.89 9.94 13.71 11.98
53.77 2509.54 2845.66 16.00 58.00 59.00 10.12 9.90 13.30 12.16
55.83 2381.04 2844.59 16.00 59.00 72.00 10.04 9.53 13.73 12.40
53.56 2420.46 2699.72 15.00 62.00 67.00 9.70 9.43 13.49 10.71
49.76 2557.97 2552.23 16.00 68.00 61.00 9.47 9.60 15.14 10.54
49.67 2532.62 2554.87 17.00 67.00 60.00 9.36 9.62 14.89 10.81
48.66 2535.96 2484.40 17.00 68.00 60.00 9.19 9.55 15.18 10.57
48.20 2557.99 2436.25 16.00 67.00 58.00 9.18 9.45 14.73 9.07
46.39 2634.38 2400.40 16.00 70.00 50.00 9.13 9.69 15.12 8.70
48.27 2527.18 2332.87 15.00 68.00 67.00 9.08 9.04 15.56 11.76
47.83 2466.03 2309.60 15.00 72.00 66.00 8.78 9.04 15.58 12.53
48.39 2481.59 2318.74 13.00 70.00 69.00 8.93 8.96 14.82 12.07
50.89 2399.02 2453.27 14.00 65.00 70.00 9.08 9.02 15.54 11.33
48.39 2542.82 2339.42 14.00 68.00 67.00 9.15 9.03 15.00 11.58
48.60 2493.84 2346.07 14.00 69.00 66.00 9.01 9.02 15.21 11.46
51.38 2278.91 2430.70 15.00 62.00 74.00 8.71 8.83 10.85 11.10
55.07 2126.61 2535.57 15.00 54.00 84.00 8.79 8.60 10.85 11.03
54.28 2104.40 2476.40 15.00 59.00 84.00 8.55 8.51 10.85 12.27
49.75 2140.20 2241.62 14.00 78.00 79.00 7.91 8.40 12.56 12.63
