17.56 587.32 133.89 1.00 10.00 0.00 11.95 12.83 0.00 0.00
27.50 501.44 221.49 2.00 10.00 0.00 11.56 13.53 0.00 2.28
42.00 424.71 327.94 2.00 6.00 4.00 12.30 13.15 2.48 1.23
45.28 425.40 328.65 2.00 4.00 6.00 13.12 12.25 5.45 2.95
42.00 412.33 288.31 2.00 4.00 4.00 11.96 11.52 8.43 4.67
58.33 311.23 405.66 2.00 2.00 6.00 12.63 11.69 0.00 0.23
79.56 178.06 459.76 1.00 2.00 12.00 14.88 9.73 0.00 0.00
69.39 234.63 375.85 1.00 3.00 8.00 12.94 9.15 0.00 0.00
55.50 348.02 347.77 2.00 3.00 5.00 13.18 10.56 7.11 7.17
63.06 226.27 385.01 2.00 4.00 9.00 10.30 10.23 3.98 3.37
70.06 157.72 353.89 2.00 4.00 16.00 8.89 8.45 1.80 15.95
76.17 152.65 394.40 2.00 2.00 11.00 10.78 8.68 2.05 7.38
47.22 341.27 271.10 2.00 6.00 3.00 10.82 9.64 10.42 5.67
34.72 366.21 201.82 4.00 9.00 3.00 9.39 9.81 5.40 2.42
36.94 314.80 182.49 3.00 10.00 6.00 8.37 8.32 7.88 6.09
54.78 268.12 280.32 1.00 5.00 8.00 9.94 8.63 12.50 0.00
76.06 175.12 477.62 2.00 0.00 7.00 12.27 10.61 0.00 0.22
37.94 416.30 251.77 1.00 7.00 4.00 11.22 11.17 0.00 0.00
3.72 554.27 29.15 1.00 17.00 0.00 9.62 13.46 0.00 0.00
40.56 319.92 268.81 1.00 11.00 3.00 9.00 11.28 0.00 0.00
77.83 184.01 477.05 1.00 1.00 8.00 13.98 10.36 5.42 0.00
49.00 212.77 281.65 2.00 15.00 5.00 6.98 9.65 6.67 9.73
55.56 126.63 245.01 2.00 16.00 15.00 4.76 7.44 0.00 11.70
56.44 222.15 259.93 1.00 5.00 15.00 8.56 7.78 0.00 0.00
24.94 354.99 167.24 1.00 11.00 1.00 7.91 11.30 0.00 0.00
34.33 346.53 231.05 3.00 8.00 2.00 8.82 11.27 1.17 4.81
45.61 326.16 279.87 3.00 3.00 4.00 10.04 10.30 2.25 4.35
49.89 251.65 266.29 1.00 4.00 7.00 8.40 8.96 1.27 0.00
49.61 256.87 268.90 1.00 6.00 6.00 8.52 9.16 0.00 0.00
76.78 121.96 291.02 1.00 3.00 20.00 8.77 6.37 0.00 0.00
60.22 172.99 179.76 1.00 8.00 19.00 7.26 5.00 0.00 0.00
35.78 320.62 187.47 2.00 11.00 5.00 8.34 8.82 4.60 5.80
64.44 247.87 324.98 2.00 3.00 10.00 11.67 8.46 5.56 6.55
54.78 329.60 300.81 2.00 3.00 6.00 12.18 9.20 8.33 5.23
55.44 269.54 370.75 2.00 4.00 3.00 10.12 11.20 0.20 5.17
64.89 153.12 342.94 2.00 1.00 11.00 7.30 8.86 3.52 3.30
61.94 186.68 218.82 2.00 2.00 18.00 8.20 5.91 0.00 3.38
66.61 145.58 314.51 1.00 7.00 13.00 7.30 7.91 0.00 0.00
30.00 197.71 182.62 0.00 25.00 3.00 4.71 10.24 0.00 0.00
