29.78 1012.17 461.82 3.00 16.00 4.00 12.09 13.06 15.32 1.40
36.39 926.84 550.93 4.00 14.00 6.00 12.23 12.74 12.47 2.11
42.00 837.14 616.24 4.00 10.00 8.00 12.13 12.33 7.36 3.41
51.81 737.57 734.31 4.00 6.00 12.00 12.92 11.93 7.54 3.91
60.78 591.16 748.07 3.00 6.00 16.00 12.72 10.35 2.30 16.99
63.86 545.87 781.71 3.00 5.00 15.00 12.76 10.31 0.57 15.93
67.53 526.08 807.78 3.00 5.00 17.00 13.71 10.07 7.11 15.84
66.22 460.91 760.92 3.00 7.00 18.00 11.49 9.66 4.73 5.86
62.78 505.89 701.66 4.00 7.00 21.00 11.45 9.38 6.79 12.56
69.61 378.92 779.51 4.00 6.00 20.00 10.49 9.38 4.29 12.28
58.64 499.72 625.00 4.00 10.00 19.00 10.14 8.92 9.26 12.45
55.44 519.13 596.22 6.00 11.00 14.00 9.76 9.03 8.33 5.81
42.08 656.15 453.59 5.00 16.00 9.00 9.49 9.06 8.72 6.79
44.75 634.33 482.14 5.00 14.00 11.00 9.62 9.09 9.46 7.76
56.50 490.00 660.11 5.00 10.00 13.00 9.44 9.86 9.30 8.91
46.36 684.67 532.09 2.00 12.00 12.00 10.68 9.67 9.31 0.13
39.89 729.40 507.11 3.00 17.00 7.00 10.14 10.74 24.65 9.82
39.25 736.97 520.58 2.00 18.00 7.00 10.14 11.23 25.02 0.78
40.78 738.29 506.36 2.00 18.00 8.00 10.43 10.50 24.50 0.05
44.78 532.85 550.46 3.00 26.00 8.00 8.07 10.38 5.47 9.15
66.69 310.75 722.06 3.00 17.00 23.00 7.81 9.14 6.17 10.23
52.72 434.92 541.58 3.00 21.00 20.00 7.70 8.65 7.88 12.03
40.25 481.62 412.66 3.00 27.00 16.00 6.74 8.64 11.80 12.70
45.39 568.95 490.98 4.00 13.00 17.00 8.72 9.11 16.81 12.41
35.28 681.15 447.18 4.00 14.00 5.00 8.80 10.65 14.92 4.48
42.11 598.17 497.55 4.00 12.00 9.00 8.64 9.90 3.05 4.62
47.61 583.04 549.76 4.00 9.00 10.00 9.30 9.72 8.61 4.87
63.33 373.76 557.31 2.00 7.00 27.00 8.51 7.39 8.23 14.05
54.92 429.86 449.21 2.00 14.00 25.00 7.96 6.87 3.18 22.70
56.28 442.58 478.71 3.00 14.00 25.00 8.45 7.15 4.60 19.18
62.33 420.86 505.92 3.00 11.00 29.00 9.34 6.80 8.71 5.41
45.28 650.22 488.47 4.00 14.00 11.00 9.92 9.05 7.31 5.07
59.94 517.80 695.72 4.00 7.00 13.00 10.81 9.73 7.48 6.11
59.83 482.73 643.85 4.00 4.00 17.00 10.05 9.01 6.75 4.06
58.69 456.58 589.57 4.00 6.00 21.00 9.24 8.41 7.22 4.47
65.75 298.71 657.45 3.00 9.00 24.00 7.30 8.38 6.33 10.47
45.97 384.39 401.92 2.00 27.00 21.00 5.94 7.32 11.10 12.38
