47.32 1951.44 1557.91 8.00 25.00 25.00 12.46 11.08 11.19 12.32
57.82 1521.86 1777.92 9.00 19.00 41.00 12.16 10.33 7.64 13.63
58.87 1439.05 1721.08 9.00 19.00 40.00 11.78 9.82 8.44 13.73
57.86 1340.83 1615.27 10.00 25.00 42.00 10.70 9.38 7.81 14.36
57.16 1337.96 1632.87 11.00 23.00 37.00 10.48 9.61 8.29 10.26
46.80 1544.06 1314.60 10.00 37.00 32.00 9.72 9.44 17.06 11.02
48.36 1569.63 1437.91 9.00 34.00 24.00 10.17 10.03 16.75 8.44
50.02 1355.02 1411.82 9.00 44.00 36.00 9.07 9.53 17.10 9.66
47.62 1395.13 1396.97 7.00 45.00 31.00 8.91 9.90 19.46 9.13
41.53 1546.17 1198.96 8.00 48.00 28.00 8.84 9.73 17.81 10.27
50.71 1248.77 1439.54 8.00 37.00 34.00 8.47 9.57 12.38 8.96
47.19 1237.65 1142.79 8.00 44.00 45.00 7.83 8.14 11.88 14.93
48.97 1358.88 1223.54 8.00 31.00 40.00 8.90 8.39 13.00 12.67
55.07 1273.83 1426.98 9.00 24.00 42.00 9.48 8.70 8.82 12.11
58.33 1134.71 1364.94 8.00 23.00 56.00 9.10 7.85 9.30 11.87
54.41 1075.54 1278.59 7.00 42.00 53.00 7.88 7.87 12.02 9.85
