33.85 1424.60 750.13 5.00 20.00 8.00 12.05 12.42 12.38 3.16
43.70 1239.01 956.60 6.00 16.00 12.00 12.33 12.27 11.45 3.55
54.52 1015.96 1076.01 5.00 12.00 20.00 12.54 11.07 7.54 14.38
57.67 972.21 1110.36 5.00 9.00 21.00 12.92 10.82 6.92 14.40
59.02 939.17 1096.09 5.00 9.00 21.00 12.89 10.42 8.51 14.46
63.59 772.14 1166.79 5.00 9.00 25.00 11.93 10.28 4.85 13.27
68.37 683.95 1161.67 5.00 9.00 33.00 12.18 9.51 6.79 16.16
69.54 613.55 1155.42 5.00 9.00 29.00 11.31 9.30 5.69 11.24
57.59 847.89 972.76 6.00 13.00 24.00 11.20 9.45 7.98 10.98
57.98 745.40 981.33 8.00 15.00 23.00 9.92 9.47 7.54 10.87
51.41 814.59 807.49 7.00 20.00 25.00 9.37 8.78 8.66 11.40
55.22 787.25 876.54 7.00 16.00 22.00 9.82 8.90 9.75 7.69
53.41 831.34 931.21 7.00 16.00 16.00 9.96 9.79 9.30 8.12
42.48 1050.89 733.91 6.00 21.00 15.00 10.19 9.71 10.41 8.38
38.91 1044.27 689.60 6.00 27.00 13.00 9.53 9.97 20.71 9.23
44.43 1005.34 800.90 3.00 23.00 15.00 10.09 10.16 20.29 0.68
52.54 913.41 984.32 4.00 18.00 15.00 10.74 10.55 22.22 0.75
42.50 949.90 802.23 4.00 33.00 12.00 9.21 10.62 20.05 8.20
45.70 865.02 751.37 4.00 34.00 23.00 8.88 9.26 19.97 9.13
48.67 755.01 810.39 4.00 32.00 23.00 8.20 9.38 7.21 10.52
52.78 665.73 889.71 4.00 28.00 24.00 7.86 9.49 14.74 11.57
46.59 781.72 772.64 6.00 29.00 22.00 8.16 9.30 14.31 11.60
42.04 807.78 692.60 6.00 30.00 20.00 7.77 9.24 13.37 10.30
46.89 820.60 757.48 5.00 17.00 24.00 8.62 9.05 13.40 9.45
40.06 938.02 717.06 5.00 20.00 11.00 8.72 10.04 14.03 4.36
53.67 720.28 788.56 5.00 15.00 29.00 8.66 8.22 8.61 14.00
51.81 756.03 730.07 5.00 17.00 29.00 8.74 7.89 8.36 16.38
54.15 694.38 745.00 4.00 18.00 32.00 8.43 7.70 6.81 16.73
58.09 677.73 775.37 4.00 17.00 35.00 9.01 7.47 10.86 15.77
55.78 772.18 779.71 5.00 17.00 31.00 9.72 7.82 7.31 15.06
60.04 690.79 876.67 5.00 15.00 32.00 9.63 8.16 8.65 5.47
51.81 803.35 831.51 6.00 15.00 22.00 9.29 8.97 7.58 4.99
60.61 704.85 914.54 6.00 9.00 31.00 9.97 8.43 7.34 5.61
62.09 628.31 958.36 5.00 12.00 30.00 9.24 8.62 7.23 9.83
49.13 654.29 772.66 4.00 31.00 24.00 7.16 8.78 15.32 10.95
