47.32 1951.44 1557.91 8.00 25.00 25.00 12.46 11.08 11.19 12.32
52.71 1699.92 1717.72 9.00 23.00 31.00 12.09 10.96 9.88 11.63
57.82 1521.86 1777.92 9.00 19.00 41.00 12.16 10.33 7.64 13.63
62.44 1351.13 1889.94 9.00 15.00 42.00 12.13 10.17 7.00 13.34
58.87 1439.05 1721.08 9.00 19.00 40.00 11.78 9.82 8.44 13.73
60.33 1291.27 1763.10 11.00 20.00 39.00 10.95 9.82 7.74 14.08
57.86 1340.83 1615.27 10.00 25.00 42.00 10.70 9.38 7.81 14.36
59.62 1248.15 1637.56 10.00 23.00 40.00 10.38 9.24 8.81 10.51
57.16 1337.96 1632.87 11.00 23.00 37.00 10.48 9.61 8.29 10.26
53.33 1430.08 1513.42 10.00 27.00 35.00 10.27 9.54 9.67 10.43
46.80 1544.06 1314.60 10.00 37.00 32.00 9.72 9.44 17.06 11.02
48.83 1524.47 1397.12 9.00 34.00 29.00 9.97 9.64 16.38 8.51
48.36 1569.63 1437.91 9.00 34.00 24.00 10.17 10.03 16.75 8.44
43.40 1584.48 1284.37 9.00 47.00 23.00 9.37 9.98 16.10 8.98
50.02 1355.02 1411.82 9.00 44.00 36.00 9.07 9.53 17.10 9.66
47.74 1440.42 1342.49 6.00 44.00 35.00 9.22 9.49 16.14 8.60
47.62 1395.13 1396.97 7.00 45.00 31.00 8.91 9.90 19.46 9.13
43.66 1518.84 1293.22 8.00 47.00 29.00 9.02 9.99 18.75 10.87
41.53 1546.17 1198.96 8.00 48.00 28.00 8.84 9.73 17.81 10.27
46.04 1353.45 1307.94 8.00 44.00 32.00 8.39 9.57 11.56 9.35
50.71 1248.77 1439.54 8.00 37.00 34.00 8.47 9.57 12.38 8.96
53.29 1155.47 1330.15 8.00 36.00 49.00 8.27 8.39 12.98 13.32
47.19 1237.65 1142.79 8.00 44.00 45.00 7.83 8.14 11.88 14.93
50.64 1263.33 1236.19 8.00 31.00 49.00 8.56 8.21 12.15 14.18
48.97 1358.88 1223.54 8.00 31.00 40.00 8.90 8.39 13.00 12.67
50.31 1370.51 1277.26 9.00 29.00 40.00 9.22 8.52 7.99 12.21
55.07 1273.83 1426.98 9.00 24.00 42.00 9.48 8.70 8.82 12.11
56.42 1177.10 1389.05 8.00 22.00 49.00 9.03 8.26 8.70 11.87
58.33 1134.71 1364.94 8.00 23.00 56.00 9.10 7.85 9.30 11.87
59.77 1070.89 1437.27 8.00 26.00 55.00 8.90 8.07 7.50 13.58
54.41 1075.54 1278.59 7.00 42.00 53.00 7.88 7.87 12.02 9.85
