51.11 2109.31 1911.80 10.00 29.00 41.00 12.09 10.48 10.70 13.19
56.62 1852.57 2112.22 11.00 25.00 42.00 11.97 10.45 10.09 12.59
56.06 1863.86 2049.02 11.00 25.00 44.00 11.89 10.23 8.01 12.72
57.82 1717.61 2091.75 13.00 24.00 45.00 11.42 10.14 7.83 13.15
55.21 1753.93 1903.57 12.00 29.00 46.00 10.97 9.65 8.17 13.36
59.41 1559.39 2043.43 12.00 25.00 47.00 10.76 9.64 8.75 13.20
60.89 1516.02 2092.88 12.00 25.00 49.00 10.86 9.64 8.29 13.27
56.01 1664.71 1889.33 11.00 30.00 44.00 10.58 9.46 9.39 10.27
48.25 1892.24 1662.36 12.00 40.00 37.00 10.21 9.66 15.01 10.52
51.20 1750.74 1782.23 11.00 38.00 38.00 10.01 9.76 15.13 10.31
51.97 1728.07 1791.80 11.00 38.00 40.00 10.04 9.67 16.03 10.39
48.86 1737.40 1678.77 11.00 49.00 34.00 9.47 9.64 15.10 8.75
49.56 1696.36 1682.92 11.00 50.00 39.00 9.38 9.55 15.49 9.12
45.57 1806.63 1544.30 10.00 53.00 38.00 9.26 9.53 15.47 10.32
45.84 1710.01 1579.47 10.00 55.00 37.00 8.80 9.69 18.31 10.25
45.51 1787.22 1573.54 9.00 52.00 37.00 9.14 9.72 17.22 10.46
47.29 1721.29 1676.91 10.00 48.00 35.00 9.10 9.97 17.31 9.65
44.69 1770.49 1559.71 9.00 51.00 36.00 8.92 9.80 16.88 8.98
42.88 1803.04 1468.85 9.00 54.00 34.00 8.80 9.63 16.99 8.82
51.17 1475.56 1598.96 9.00 47.00 52.00 8.42 8.77 12.38 12.63
52.30 1421.76 1619.84 9.00 45.00 53.00 8.30 8.69 11.79 14.23
50.37 1476.10 1517.84 10.00 47.00 54.00 8.29 8.44 11.65 13.52
50.06 1485.51 1468.96 10.00 47.00 55.00 8.29 8.22 12.41 13.06
51.33 1592.93 1537.19 10.00 34.00 55.00 9.12 8.38 11.82 12.67
50.05 1628.81 1594.28 10.00 35.00 43.00 9.08 8.91 12.37 11.57
52.74 1523.63 1620.31 11.00 30.00 51.00 8.98 8.59 8.13 11.05
56.21 1460.87 1645.80 11.00 26.00 60.00 9.29 8.18 8.29 11.05
58.12 1322.69 1703.56 9.00 30.00 62.00 8.80 8.19 8.40 12.88
53.61 1332.42 1548.04 8.00 48.00 59.00 8.00 8.07 12.06 13.58
