48.85 2766.19 2365.40 15.00 45.00 50.00 11.36 10.17 9.87 12.11
53.65 2487.17 2594.36 16.00 39.00 53.00 11.27 10.16 10.41 11.87
56.17 2353.93 2709.13 16.00 35.00 57.00 11.28 10.14 8.19 11.87
54.96 2402.28 2623.85 15.00 36.00 57.00 11.20 10.04 8.98 12.18
51.38 2483.39 2410.68 15.00 46.00 53.00 10.72 9.86 14.09 12.74
54.37 2296.61 2564.00 14.00 43.00 54.00 10.55 9.92 14.09 12.39
55.86 2254.31 2599.58 14.00 43.00 57.00 10.71 9.79 14.38 12.47
53.20 2198.30 2439.79 14.00 56.00 52.00 9.84 9.65 13.69 10.09
52.86 2202.98 2384.58 15.00 57.00 60.00 9.79 9.50 13.73 10.22
51.58 2185.82 2323.81 14.00 59.00 58.00 9.45 9.48 13.91 10.94
49.04 2209.80 2204.46 14.00 65.00 56.00 9.07 9.46 16.55 10.93
47.99 2306.35 2169.76 15.00 63.00 51.00 9.27 9.52 15.67 9.86
45.99 2377.51 2130.51 15.00 64.00 44.00 9.20 9.76 15.34 9.39
44.71 2405.07 2041.85 14.00 65.00 47.00 9.10 9.62 15.24 9.22
46.28 2293.04 2129.29 14.00 64.00 47.00 8.93 9.70 16.11 9.03
49.97 2160.97 2131.05 11.00 59.00 64.00 9.03 8.98 15.96 11.47
49.19 2151.16 2127.11 12.00 62.00 60.00 8.85 9.10 15.92 12.52
47.59 2213.22 2038.42 12.00 65.00 61.00 8.82 9.01 15.55 12.51
47.74 2223.90 1975.32 12.00 65.00 63.00 8.89 8.70 15.86 12.16
49.69 2125.78 2087.66 13.00 61.00 63.00 8.83 8.83 11.00 11.95
54.21 1939.56 2316.76 13.00 52.00 66.00 8.85 8.98 11.40 11.78
52.74 1958.82 2161.89 14.00 51.00 71.00 8.66 8.60 11.19 11.38
52.22 1942.49 2058.52 14.00 53.00 76.00 8.49 8.27 11.23 11.30
54.94 1891.64 2194.75 13.00 43.00 79.00 8.77 8.38 11.24 12.45
49.03 2013.57 1996.20 12.00 62.00 64.00 8.25 8.54 13.01 12.30
