50.56 2451.31 2182.91 12.00 35.00 44.00 11.90 10.36 10.40 12.37
53.49 2219.05 2314.04 15.00 34.00 45.00 11.45 10.39 10.08 12.35
53.33 2178.73 2231.51 14.00 35.00 50.00 11.21 10.05 7.86 12.46
57.39 1985.73 2372.08 14.00 29.00 53.00 11.20 9.93 8.63 12.51
58.19 1929.12 2381.19 14.00 29.00 53.00 11.08 9.83 8.50 12.57
56.34 1975.94 2295.20 13.00 32.00 51.00 10.85 9.79 9.18 12.75
52.72 2070.29 2122.37 13.00 42.00 49.00 10.49 9.67 15.01 13.46
53.80 1985.38 2158.14 12.00 41.00 47.00 10.29 9.65 14.57 10.13
52.48 2076.25 2139.57 13.00 41.00 45.00 10.46 9.81 14.38 9.97
50.89 1963.67 2063.88 13.00 53.00 43.00 9.56 9.75 14.14 10.23
52.48 1854.81 2036.81 13.00 54.00 55.00 9.34 9.33 15.15 10.61
49.94 1959.55 1938.70 12.00 55.00 49.00 9.36 9.34 14.75 10.00
46.04 2051.35 1850.57 12.00 61.00 40.00 9.08 9.68 16.70 9.68
43.97 2153.43 1775.36 13.00 61.00 40.00 9.18 9.73 16.41 10.17
45.81 2036.17 1859.41 13.00 58.00 41.00 8.98 9.78 16.43 9.83
46.13 2038.86 1840.03 10.00 56.00 44.00 9.04 9.60 15.80 8.66
47.62 1978.17 1946.80 11.00 54.00 41.00 9.02 9.85 16.68 8.29
49.28 1892.60 1850.73 10.00 54.00 56.00 8.91 9.03 16.99 12.01
45.36 1976.03 1649.15 10.00 62.00 53.00 8.64 8.74 16.12 13.62
48.97 1796.18 1786.65 11.00 58.00 57.00 8.41 8.77 11.27 13.02
54.03 1669.63 1946.01 11.00 48.00 63.00 8.68 8.66 11.79 12.59
51.00 1805.70 1818.85 12.00 50.00 60.00 8.80 8.56 11.34 12.31
50.83 1755.45 1839.70 12.00 51.00 58.00 8.53 8.68 11.93 12.12
53.27 1746.05 1880.24 12.00 35.00 66.00 8.92 8.47 11.66 11.53
51.75 1815.86 1813.10 12.00 37.00 61.00 8.98 8.40 11.62 10.66
54.72 1669.21 1934.82 12.00 38.00 64.00 8.80 8.47 7.96 12.30
52.47 1658.58 1828.90 11.00 51.00 63.00 8.33 8.35 11.02 12.72
