27.00 1919.69 980.40 10.00 66.00 11.00 8.79 12.32 22.33 7.71
23.29 2001.63 882.73 11.00 69.00 6.00 8.72 12.93 22.07 5.36
22.64 2053.01 881.91 12.00 63.00 5.00 8.87 13.28 21.89 5.21
25.70 1922.86 1047.79 14.00 61.00 5.00 8.66 13.91 21.11 5.06
23.47 1867.80 990.05 15.00 66.00 1.00 8.16 14.44 12.52 3.77
24.42 1830.54 992.30 15.00 65.00 5.00 8.10 13.92 15.44 3.92
22.51 1732.96 937.23 16.00 74.00 6.00 7.48 14.22 15.05 3.46
22.20 1614.72 915.20 12.00 84.00 7.00 6.94 14.01 18.88 3.20
21.10 1562.05 818.67 12.00 91.00 8.00 6.61 13.20 18.42 3.12
22.30 1557.32 815.45 12.00 91.00 10.00 6.70 12.37 17.34 3.35
22.49 1674.58 882.97 13.00 78.00 6.00 7.22 13.30 14.07 3.07
17.69 1738.81 668.55 13.00 88.00 4.00 7.06 12.84 14.46 3.09
19.14 1760.26 692.23 14.00 82.00 4.00 7.28 12.28 15.76 3.38
21.80 1713.81 774.98 17.00 76.00 6.00 7.33 12.12 14.86 3.97
19.02 1660.23 665.92 15.00 93.00 7.00 6.85 11.95 19.90 3.94
23.42 1510.82 671.15 15.00 89.00 16.00 6.60 9.72 16.78 6.26
