39.44 705.76 560.17 6.00 17.00 7.00 9.75 12.07 12.31 8.71
27.81 819.78 392.02 5.00 20.00 5.00 9.49 12.05 15.36 3.49
16.53 1016.70 259.78 6.00 20.00 1.00 10.18 13.51 13.21 3.37
28.65 928.58 415.56 5.00 11.00 5.00 10.88 12.43 11.49 6.61
22.73 927.08 337.22 3.00 17.00 4.00 10.02 12.58 7.17 6.45
22.73 822.02 337.22 3.00 26.00 4.00 8.89 12.58 19.54 6.45
23.22 638.89 332.15 3.00 40.00 4.00 6.95 12.12 34.19 6.35
12.42 724.12 206.26 2.00 48.00 0.00 6.90 14.00 26.12 0.30
23.81 631.72 373.82 3.00 41.00 1.00 6.92 13.35 10.55 2.21
23.81 767.14 373.82 3.00 30.00 1.00 8.41 13.35 7.49 2.21
28.53 839.02 461.67 8.00 14.00 1.00 9.84 13.88 11.60 4.33
35.11 802.39 593.59 9.00 7.00 1.00 10.38 14.51 10.66 3.77
22.56 938.06 424.84 9.00 12.00 0.00 10.14 16.17 9.58 2.91
34.86 729.70 616.23 12.00 12.00 0.00 9.41 15.19 8.50 3.04
24.81 741.63 445.35 6.00 20.00 0.00 8.24 15.39 12.94 3.10
21.11 700.73 303.20 5.00 29.00 4.00 7.42 12.33 12.34 3.42
20.03 546.71 276.51 4.00 44.00 4.00 5.71 11.85 19.35 3.81
14.42 585.34 210.76 2.00 48.00 4.00 5.71 12.40 17.83 0.62
21.42 497.20 321.00 4.00 49.00 6.00 5.29 12.67 19.30 3.70
13.69 570.47 235.73 3.00 50.00 2.00 5.52 14.49 20.09 3.83
22.97 623.61 384.57 5.00 32.00 3.00 6.76 14.07 19.16 3.13
18.28 665.76 286.55 5.00 33.00 3.00 6.80 13.16 18.30 3.04
19.03 767.07 306.43 5.00 29.00 2.00 7.91 13.68 9.23 1.63
29.69 665.93 432.37 6.00 22.00 4.00 7.92 12.32 8.25 3.17
25.06 683.85 345.61 6.00 27.00 3.00 7.62 11.72 9.30 3.42
31.25 644.79 470.93 7.00 24.00 3.00 7.84 12.83 5.87 3.04
23.50 659.31 340.36 5.00 32.00 2.00 7.20 12.29 9.77 3.56
13.39 697.78 219.04 7.00 41.00 0.00 6.73 14.04 18.68 2.07
9.89 678.74 173.08 5.00 46.00 0.00 6.29 15.09 19.19 2.22
7.31 734.67 87.59 5.00 44.00 1.00 6.62 10.18 14.05 2.52
14.61 710.03 193.84 6.00 36.00 1.00 6.95 11.20 14.54 3.48
20.42 757.27 274.24 4.00 27.00 2.00 7.95 11.32 13.02 3.40
29.31 742.01 413.31 9.00 16.00 4.00 8.80 12.04 9.96 4.21
23.69 693.33 347.03 7.00 30.00 3.00 7.60 12.54 14.28 4.41
24.75 583.75 320.32 7.00 38.00 6.00 6.49 11.08 22.14 4.62
29.19 512.77 318.01 7.00 38.00 11.00 6.06 9.29 22.09 8.13
27.56 455.69 236.53 3.00 45.00 12.00 5.26 7.21 4.10 9.19
