26.85 3500.95 1887.43 24.00 100.00 12.00 8.89 13.31 17.97 5.94
25.98 3478.30 1804.56 24.00 106.00 14.00 8.73 13.18 18.02 4.53
22.40 3487.12 1584.23 24.00 125.00 10.00 8.35 13.44 19.21 4.53
23.11 3402.58 1644.78 22.00 125.00 10.00 8.22 13.52 19.29 4.53
22.85 3292.74 1648.27 22.00 132.00 11.00 7.93 13.66 19.44 4.49
22.85 3228.38 1648.27 22.00 137.00 11.00 7.77 13.66 20.52 4.49
23.83 3093.23 1709.02 23.00 138.00 12.00 7.54 13.56 20.63 4.42
20.80 3139.82 1515.36 22.00 148.00 8.00 7.36 13.78 20.41 3.63
22.02 3132.56 1617.48 24.00 144.00 9.00 7.46 13.91 16.27 3.48
24.40 3073.35 1743.42 25.00 133.00 11.00 7.55 13.51 15.74 3.69
24.24 3138.87 1722.48 26.00 125.00 11.00 7.70 13.45 15.64 3.67
24.99 3060.49 1779.75 27.00 125.00 11.00 7.58 13.49 15.05 3.42
21.96 3159.41 1584.47 26.00 135.00 10.00 7.52 13.66 15.35 3.25
22.08 3004.71 1588.64 29.00 144.00 10.00 7.16 13.62 16.66 3.35
20.10 2978.12 1434.91 23.00 157.00 10.00 6.92 13.49 17.18 3.32
18.81 2992.92 1273.76 23.00 162.00 11.00 6.84 12.79 17.60 3.35
20.19 2931.45 1353.32 23.00 159.00 11.00 6.82 12.64 17.48 3.46
18.87 3032.09 1247.27 21.00 159.00 12.00 6.94 12.44 17.35 3.42
21.10 2978.15 1402.86 26.00 154.00 14.00 7.01 12.56 17.07 3.71
19.38 2986.41 1317.59 25.00 162.00 10.00 6.88 12.83 16.41 3.65
21.24 2968.49 1397.13 26.00 152.00 13.00 7.00 12.41 18.00 3.75
22.15 2960.59 1354.53 26.00 148.00 19.00 7.06 11.52 17.98 5.11
22.46 2937.26 1318.39 25.00 150.00 20.00 7.03 11.06 16.13 5.16
