29.52 1279.94 648.26 7.00 26.00 7.00 10.12 12.43 13.71 8.07
32.19 1250.99 700.82 8.00 22.00 9.00 10.28 12.37 13.85 5.87
22.95 1369.67 508.91 8.00 28.00 5.00 9.91 12.64 12.53 5.70
20.60 1320.00 443.98 5.00 35.00 5.00 9.26 12.30 18.28 6.18
18.71 1213.86 420.24 4.00 49.00 4.00 8.31 12.67 29.74 5.70
21.93 1154.73 515.47 5.00 50.00 4.00 8.23 13.25 25.89 5.21
27.80 984.07 622.94 5.00 49.00 5.00 7.59 12.70 27.63 5.00
17.37 1158.62 401.82 3.00 54.00 1.00 7.80 13.12 24.81 2.21
22.57 1125.69 544.70 9.00 46.00 1.00 8.11 13.74 12.42 4.14
30.19 1135.03 772.12 11.00 31.00 1.00 9.08 14.56 11.49 3.98
27.35 1283.84 715.64 11.00 21.00 1.00 9.86 14.94 12.08 4.08
32.33 1164.35 811.52 13.00 18.00 1.00 9.61 14.38 11.00 3.55
23.24 1235.35 616.23 12.00 25.00 0.00 8.98 15.19 10.97 3.04
28.39 1068.53 701.50 13.00 30.00 4.00 8.33 14.13 11.11 3.30
21.69 991.04 530.62 7.00 51.00 4.00 7.05 13.96 17.62 3.24
18.54 947.42 428.69 6.00 59.00 4.00 6.48 13.18 18.84 3.31
22.48 794.91 512.24 7.00 62.00 6.00 5.71 12.94 17.59 3.82
14.28 909.12 321.00 4.00 69.00 6.00 5.90 12.67 21.84 3.70
20.46 872.67 469.84 6.00 64.00 7.00 6.11 12.91 22.04 3.18
16.65 912.52 412.04 6.00 63.00 3.00 6.09 13.87 16.72 3.09
21.81 1015.28 542.16 8.00 46.00 4.00 7.23 14.02 16.66 2.71
24.46 990.76 542.62 8.00 42.00 6.00 7.30 12.49 16.27 3.52
22.89 1060.06 494.45 8.00 42.00 4.00 7.65 12.19 8.26 3.07
28.35 985.72 647.24 10.00 38.00 4.00 7.66 12.91 8.01 2.79
22.17 1050.17 498.39 8.00 46.00 3.00 7.51 12.76 10.38 3.01
21.20 1023.66 475.10 10.00 49.00 3.00 7.23 12.75 15.88 3.46
16.80 971.73 361.68 8.00 59.00 2.00 6.50 12.21 16.25 3.68
13.43 1053.80 302.45 9.00 60.00 1.00 6.78 12.80 17.76 2.33
15.20 1076.41 345.60 8.00 55.00 1.00 7.07 12.88 18.37 3.18
13.98 1135.93 279.04 7.00 52.00 2.00 7.36 11.24 13.20 3.62
20.67 1054.44 434.62 12.00 44.00 4.00 7.41 11.98 12.31 3.91
20.30 1050.24 429.83 9.00 49.00 4.00 7.34 12.05 15.68 4.21
25.11 981.42 492.84 10.00 46.00 7.00 7.31 11.13 19.24 4.39
28.57 914.27 509.46 9.00 46.00 12.00 7.14 10.09 19.24 7.30
29.30 800.72 477.31 9.00 53.00 15.00 6.31 9.22 18.24 7.33
