27.00 1919.69 980.40 10.00 66.00 11.00 8.79 12.32 22.33 7.71
24.28 1975.12 907.49 10.00 70.00 9.00 8.71 12.70 22.64 5.11
23.29 2001.63 882.73 11.00 69.00 6.00 8.72 12.93 22.07 5.36
21.88 2087.21 817.80 8.00 65.00 6.00 8.92 12.76 21.13 5.18
22.64 2053.01 881.91 12.00 63.00 5.00 8.87 13.28 21.89 5.21
27.20 1957.12 1109.33 14.00 57.00 5.00 8.99 13.90 20.60 4.92
25.70 1922.86 1047.79 14.00 61.00 5.00 8.66 13.91 21.11 5.06
24.37 1888.47 1018.05 15.00 66.00 1.00 8.35 14.30 20.04 3.77
23.47 1867.80 990.05 15.00 66.00 1.00 8.16 14.44 12.52 3.77
26.56 1835.82 1075.32 16.00 60.00 5.00 8.36 13.85 12.38 3.81
24.42 1830.54 992.30 15.00 65.00 5.00 8.10 13.92 15.44 3.92
25.17 1749.87 1022.27 15.00 66.00 5.00 7.82 13.92 15.60 3.66
22.51 1732.96 937.23 16.00 74.00 6.00 7.48 14.22 15.05 3.46
22.51 1639.00 937.23 16.00 81.00 6.00 7.08 14.22 17.45 3.46
22.20 1614.72 915.20 12.00 84.00 7.00 6.94 14.01 18.88 3.20
18.43 1613.24 715.24 11.00 93.00 7.00 6.61 13.17 18.60 3.24
21.10 1562.05 818.67 12.00 91.00 8.00 6.61 13.20 18.42 3.12
20.44 1576.17 753.37 10.00 91.00 10.00 6.62 12.47 18.26 3.40
22.30 1557.32 815.45 12.00 91.00 10.00 6.70 12.37 17.34 3.35
22.49 1557.31 882.97 13.00 88.00 6.00 6.71 13.30 13.73 3.07
22.49 1674.58 882.97 13.00 78.00 6.00 7.22 13.30 14.07 3.07
20.03 1689.41 761.65 15.00 83.00 6.00 7.06 12.90 17.36 3.34
17.69 1738.81 668.55 13.00 88.00 4.00 7.06 12.84 14.46 3.09
19.93 1720.60 734.83 15.00 82.00 5.00 7.18 12.51 14.83 3.13
19.14 1760.26 692.23 14.00 82.00 4.00 7.28 12.28 15.76 3.38
20.89 1780.93 749.97 14.00 76.00 5.00 7.52 12.19 15.10 3.46
21.80 1713.81 774.98 17.00 76.00 6.00 7.33 12.12 14.86 3.97
17.53 1748.02 649.49 16.00 90.00 4.00 7.09 12.66 16.87 3.47
19.02 1660.23 665.92 15.00 93.00 7.00 6.85 11.95 19.90 3.94
20.07 1649.84 597.05 14.00 90.00 13.00 6.90 10.11 17.91 6.33
23.42 1510.82 671.15 15.00 89.00 16.00 6.60 9.72 16.78 6.26
