31.09 1632.91 897.38 9.00 34.00 11.00 9.90 12.26 12.90 8.13
25.27 1642.41 729.24 8.00 46.00 9.00 9.18 12.29 18.58 5.70
19.88 1656.45 591.93 9.00 60.00 5.00 8.63 12.69 24.06 5.38
20.53 1652.71 622.23 7.00 59.00 5.00 8.68 12.91 23.35 5.26
23.27 1559.04 711.04 6.00 58.00 5.00 8.48 12.98 25.23 4.82
23.27 1589.23 711.04 6.00 56.00 5.00 8.65 12.98 22.62 4.82
25.87 1478.04 793.82 11.00 54.00 5.00 8.34 13.08 22.75 5.44
23.76 1526.51 800.12 11.00 55.00 1.00 8.37 14.37 22.06 3.98
23.18 1570.51 798.66 12.00 53.00 1.00 8.55 14.72 12.38 3.94
29.33 1496.99 990.05 15.00 42.00 1.00 8.87 14.44 11.51 3.77
26.67 1581.13 907.03 14.00 34.00 1.00 9.02 14.58 12.32 3.87
28.11 1503.18 896.79 14.00 36.00 5.00 8.75 13.69 12.23 3.68
21.29 1484.76 701.50 13.00 56.00 4.00 7.89 14.13 15.31 3.30
24.64 1315.23 826.99 14.00 60.00 4.00 7.30 14.37 15.57 3.35
23.11 1239.25 766.35 10.00 69.00 6.00 6.73 14.12 16.64 3.43
17.40 1271.20 538.93 8.00 80.00 6.00 6.43 13.19 20.49 3.58
21.50 1170.38 661.08 9.00 77.00 7.00 6.23 13.05 19.94 3.46
16.35 1251.16 497.31 7.00 82.00 7.00 6.24 12.83 19.59 3.23
20.22 1264.33 627.43 9.00 78.00 8.00 6.62 13.14 19.24 2.90
21.69 1237.52 668.10 9.00 72.00 6.00 6.60 13.01 15.39 3.41
24.01 1308.26 730.18 11.00 59.00 6.00 7.19 12.85 14.64 3.30
24.76 1310.55 757.48 12.00 58.00 6.00 7.28 12.96 14.20 3.08
21.26 1426.38 647.24 10.00 61.00 4.00 7.56 12.91 9.56 2.79
21.54 1364.58 651.41 13.00 63.00 4.00 7.26 12.85 14.59 3.20
17.47 1362.60 519.71 11.00 73.00 3.00 6.89 12.68 15.53 3.22
19.28 1379.67 558.52 12.00 68.00 4.00 7.14 12.33 15.88 3.35
19.06 1369.40 534.20 11.00 68.00 3.00 7.07 11.87 16.31 3.75
16.90 1455.05 493.90 11.00 68.00 2.00 7.32 12.39 16.48 3.00
19.60 1420.82 586.38 14.00 63.00 4.00 7.39 12.80 16.00 3.70
15.50 1428.90 434.62 12.00 74.00 4.00 7.07 11.98 14.94 3.91
19.68 1293.84 514.16 13.00 74.00 7.00 6.73 11.13 18.63 4.19
24.81 1271.18 592.26 11.00 65.00 13.00 7.07 10.13 18.74 6.81
28.43 1198.39 649.83 12.00 61.00 16.00 7.00 9.68 16.81 6.62
