27.13 3203.66 1696.04 21.00 87.00 12.00 9.19 13.31 18.66 6.24
27.30 3139.46 1719.29 23.00 88.00 10.00 9.03 13.44 18.22 4.54
23.27 3237.71 1498.96 23.00 94.00 6.00 8.82 13.77 18.25 4.54
24.32 3155.89 1519.30 21.00 95.00 10.00 8.71 13.36 18.14 4.61
22.28 3044.53 1412.53 19.00 114.00 9.00 8.18 13.53 20.16 4.59
23.95 2904.60 1538.02 20.00 116.00 9.00 7.98 13.69 19.98 4.50
24.49 2717.76 1560.17 21.00 123.00 11.00 7.52 13.57 19.84 4.60
20.58 2797.77 1339.05 19.00 135.00 7.00 7.36 13.87 21.41 3.82
22.34 2740.89 1459.89 21.00 130.00 8.00 7.37 13.91 16.76 3.67
22.84 2748.34 1487.35 22.00 124.00 8.00 7.44 13.86 16.24 3.63
23.44 2845.88 1534.46 23.00 112.00 9.00 7.77 13.96 16.48 3.54
24.90 2740.70 1564.89 23.00 109.00 11.00 7.63 13.39 15.90 3.63
22.65 2793.09 1431.68 24.00 116.00 10.00 7.54 13.45 15.73 3.36
24.70 2625.84 1584.47 26.00 119.00 10.00 7.29 13.66 15.03 3.25
22.19 2665.69 1413.59 20.00 130.00 10.00 7.15 13.54 15.84 3.13
19.47 2636.90 1190.34 21.00 143.00 10.00 6.84 13.00 17.87 3.40
19.49 2533.78 1180.79 20.00 150.00 10.00 6.57 12.88 17.59 3.41
17.81 2630.84 1055.83 19.00 151.00 11.00 6.68 12.56 18.10 3.41
19.64 2633.73 1162.08 20.00 146.00 11.00 6.84 12.53 17.93 3.45
19.30 2693.44 1162.00 20.00 140.00 8.00 6.97 12.74 15.95 3.36
21.81 2729.09 1317.59 25.00 122.00 10.00 7.29 12.83 15.66 3.65
20.13 2739.65 1192.10 24.00 132.00 10.00 7.16 12.58 16.73 3.64
20.47 2720.29 1161.40 23.00 135.00 11.00 7.14 12.06 17.09 3.72
23.17 2635.76 1244.28 24.00 128.00 17.00 7.17 11.39 16.72 5.18
22.95 2561.05 1169.54 23.00 135.00 19.00 6.94 10.82 16.76 5.36
