27.44 2758.84 1442.08 18.00 80.00 12.00 9.08 12.78 19.47 6.60
27.38 2777.51 1501.36 19.00 77.00 10.00 9.14 13.36 19.20 4.78
23.08 2940.42 1307.57 20.00 81.00 6.00 9.13 13.83 19.10 4.73
25.59 2817.05 1434.03 20.00 77.00 6.00 9.04 13.70 18.41 4.64
23.26 2795.12 1327.26 18.00 83.00 5.00 8.70 13.92 19.19 4.63
25.46 2657.91 1412.53 19.00 86.00 9.00 8.52 13.53 18.74 4.59
24.08 2469.56 1324.44 18.00 105.00 9.00 7.77 13.42 20.66 4.71
21.52 2474.00 1228.81 17.00 114.00 5.00 7.53 13.93 20.94 3.77
22.88 2365.42 1311.05 19.00 115.00 7.00 7.32 13.96 15.03 3.82
22.88 2406.29 1311.05 19.00 111.00 7.00 7.45 13.96 16.90 3.82
24.01 2454.22 1376.87 20.00 98.00 8.00 7.71 13.96 16.99 3.75
23.20 2415.69 1308.82 20.00 100.00 8.00 7.51 13.75 16.46 3.52
21.52 2500.10 1243.66 21.00 103.00 8.00 7.61 14.08 16.66 3.12
24.56 2306.06 1369.60 22.00 103.00 10.00 7.30 13.56 15.99 3.47
23.02 2299.37 1260.80 18.00 111.00 10.00 7.13 13.29 16.42 3.28
22.10 2258.03 1186.17 18.00 118.00 10.00 6.92 13.03 16.09 3.17
21.79 2221.35 1159.48 17.00 123.00 10.00 6.78 12.92 16.20 3.26
18.43 2274.82 972.41 17.00 132.00 10.00 6.65 12.79 18.50 3.48
18.75 2236.07 989.55 17.00 137.00 10.00 6.57 12.78 18.08 3.39
18.15 2292.19 970.56 18.00 132.00 7.00 6.68 12.94 16.61 3.31
20.24 2384.68 1076.81 19.00 114.00 7.00 7.14 12.87 16.52 3.37
20.14 2446.68 1036.52 19.00 110.00 8.00 7.31 12.44 16.35 3.35
21.01 2480.89 1081.86 22.00 105.00 8.00 7.50 12.52 14.04 3.59
21.01 2414.82 1081.86 22.00 112.00 8.00 7.30 12.52 15.10 3.59
20.75 2344.08 1012.55 21.00 120.00 10.00 7.06 11.88 17.85 3.84
23.26 2294.84 1067.98 21.00 114.00 16.00 7.14 11.15 17.55 5.48
23.44 2170.19 1011.51 20.00 121.00 18.00 6.77 10.45 17.14 5.72
