25.71 3750.36 1972.70 25.00 131.00 16.00 8.44 13.08 18.82 5.86
24.72 3724.99 1930.04 25.00 136.00 14.00 8.27 13.32 19.10 4.47
22.90 3735.32 1819.96 27.00 143.00 12.00 8.10 13.56 18.68 4.46
22.20 3726.36 1755.03 24.00 146.00 12.00 8.00 13.50 19.84 4.52
22.42 3668.21 1797.11 24.00 147.00 12.00 7.90 13.64 20.23 4.32
22.82 3570.42 1824.57 25.00 150.00 12.00 7.73 13.60 19.67 4.28
23.40 3484.90 1866.61 26.00 152.00 13.00 7.60 13.59 19.90 4.21
22.41 3464.83 1771.42 25.00 157.00 11.00 7.46 13.46 19.65 3.69
22.88 3425.55 1805.50 27.00 157.00 11.00 7.42 13.43 15.49 3.61
24.52 3393.13 1958.29 29.00 149.00 11.00 7.51 13.60 14.95 3.50
23.46 3505.19 1875.26 28.00 144.00 11.00 7.65 13.62 15.30 3.55
22.60 3439.35 1783.92 30.00 150.00 11.00 7.43 13.47 16.53 3.52
20.10 3471.84 1605.78 29.00 162.00 10.00 7.26 13.61 16.56 3.30
21.22 3360.72 1672.06 31.00 163.00 11.00 7.13 13.42 16.58 3.31
20.67 3375.79 1607.43 26.00 166.00 11.00 7.11 13.21 17.13 3.37
19.66 3394.17 1465.20 25.00 170.00 12.00 7.06 12.65 17.02 3.37
21.45 3275.86 1594.10 29.00 167.00 14.00 6.97 12.65 16.70 3.69
18.99 3325.06 1402.86 26.00 181.00 14.00 6.86 12.56 17.65 3.71
20.66 3217.55 1482.40 27.00 184.00 17.00 6.78 12.18 19.01 3.79
21.28 3207.35 1480.01 27.00 178.00 19.00 6.81 11.80 17.65 5.05
22.96 3185.46 1554.12 28.00 167.00 22.00 6.91 11.47 17.12 5.04
