100.00 0.00 906.82 0.00 0.00 2.00 0.00 15.28 0.00 0.00
75.22 167.66 630.94 0.00 2.00 3.00 11.33 14.15 0.00 0.00
46.56 343.78 341.40 1.00 8.00 3.00 10.77 12.40 10.80 0.00
21.33 527.08 169.14 1.00 11.00 1.00 11.21 13.39 0.00 0.00
0.00 623.99 0.00 0.00 13.00 0.00 10.43 0.00 0.00 0.00
0.00 508.70 0.00 0.00 15.00 0.00 8.52 0.00 0.00 0.00
6.44 403.97 51.42 1.00 17.00 0.00 7.23 13.41 0.00 0.00
39.17 285.20 226.05 2.00 11.00 4.00 7.84 9.72 1.68 5.52
53.56 271.94 309.63 2.00 5.00 7.00 9.79 9.72 6.75 3.13
23.44 355.40 152.70 3.00 13.00 3.00 7.78 10.93 5.00 5.55
28.61 327.97 143.05 4.00 12.00 6.00 7.71 8.41 7.60 3.91
67.33 172.06 409.91 2.00 3.00 10.00 8.84 10.21 0.37 14.73
44.06 328.14 305.81 1.00 5.00 4.00 9.80 11.66 0.00 0.00
31.61 408.23 235.97 3.00 8.00 0.00 10.01 12.57 5.03 2.70
55.33 220.80 364.67 3.00 9.00 3.00 8.31 11.06 4.85 6.10
39.06 302.82 224.99 2.00 13.00 5.00 8.34 9.67 2.10 2.28
27.06 383.29 147.60 2.00 11.00 2.00 8.82 9.17 0.08 0.55
14.44 395.48 70.89 1.00 14.00 0.00 7.73 8.21 0.00 0.00
14.56 420.43 90.68 1.00 14.00 1.00 8.22 10.46 0.00 0.00
27.83 335.63 190.75 2.00 13.00 2.00 7.78 11.51 0.32 0.38
29.22 283.26 186.16 2.00 16.00 4.00 6.69 10.68 0.00 0.80
57.22 177.69 300.40 2.00 10.00 6.00 6.95 8.86 1.88 1.40
56.17 191.86 265.62 2.00 7.00 4.00 7.32 7.99 5.19 4.82
36.94 267.13 150.69 2.00 11.00 4.00 7.08 6.85 0.00 2.15
54.78 173.20 239.11 3.00 10.00 11.00 6.43 7.33 1.88 6.55
42.17 236.10 183.02 3.00 18.00 9.00 6.84 7.28 9.62 3.42
31.39 276.06 114.92 1.00 22.00 9.00 6.72 6.11 0.00 0.00
46.78 234.84 190.72 1.00 11.00 10.00 7.37 6.81 0.00 0.00
68.11 151.81 299.12 1.00 5.00 12.00 7.98 7.34 0.00 0.00
68.11 106.78 303.56 1.00 6.00 12.00 5.60 7.46 5.97 0.00
46.78 187.16 230.19 4.00 9.00 5.00 5.89 8.27 5.17 4.84
37.28 235.80 181.04 4.00 15.00 4.00 6.30 8.18 3.87 2.76
15.33 211.42 73.89 1.00 34.00 2.00 4.17 8.12 13.30 0.00
0.00 176.00 0.00 0.00 43.00 0.00 2.93 0.00 0.00 0.00
0.00 178.06 0.00 0.00 40.00 0.00 2.97 0.00 0.00 0.00
12.78 185.09 52.86 1.00 28.00 2.00 3.54 6.95 0.00 0.00
21.17 238.51 89.49 2.00 20.00 3.00 5.05 7.14 0.00 3.42
47.06 176.80 176.72 1.00 16.00 11.00 5.58 6.29 9.08 0.00
38.67 211.51 140.09 0.00 17.00 9.00 5.75 6.05 0.00 0.00
