40.18 2904.88 2570.61 14.00 80.00 27.00 9.03 11.96 27.99 8.67
34.62 3125.39 2122.40 14.00 90.00 26.00 8.89 11.45 28.57 8.67
30.69 3325.80 1754.40 15.00 94.00 26.00 8.92 10.68 28.35 8.38
29.36 3293.92 1682.21 16.00 101.00 25.00 8.67 10.69 28.28 8.13
28.76 3264.98 1599.16 16.00 103.00 27.00 8.52 10.37 13.90 8.10
33.35 2943.45 1813.47 17.00 100.00 30.00 8.21 10.16 13.97 8.23
35.00 2832.75 1865.41 18.00 97.00 31.00 8.10 9.95 13.30 8.00
37.45 2701.50 1964.16 19.00 97.00 34.00 8.03 9.79 13.11 7.81
40.37 2602.29 2053.04 20.00 90.00 42.00 8.12 9.49 13.09 7.86
37.78 2652.27 1921.35 20.00 104.00 39.00 7.93 9.49 13.29 7.87
37.91 2606.27 1858.33 19.00 108.00 44.00 7.80 9.15 12.92 8.21
40.38 2531.50 1959.43 18.00 102.00 47.00 7.89 9.05 13.90 7.70
42.30 2430.11 2014.40 16.00 101.00 50.00 7.83 8.88 14.01 9.06
40.46 2465.46 1853.24 17.00 105.00 49.00 7.70 8.54 13.52 8.81
42.60 2289.29 1938.71 19.00 105.00 51.00 7.41 8.49 13.20 8.73
41.09 2293.47 1796.50 18.00 112.00 53.00 7.23 8.15 12.84 8.87
38.15 2279.46 1648.21 17.00 130.00 50.00 6.85 8.05 14.23 8.88
36.75 2166.71 1571.51 16.00 142.00 48.00 6.36 7.97 18.45 9.07
35.15 2073.73 1500.61 15.00 159.00 48.00 5.94 7.96 23.19 9.32
36.57 1955.73 1553.47 16.00 157.00 50.00 5.72 7.92 28.30 9.10
35.88 1891.91 1499.42 16.00 164.00 50.00 5.48 7.79 28.28 9.30
38.70 1796.90 1539.44 15.00 160.00 59.00 5.44 7.41 28.26 9.77
36.93 1820.15 1452.72 14.00 165.00 56.00 5.35 7.33 28.27 10.10
