48.85 968.08 1248.29 1.00 21.00 5.00 10.55 14.36 19.20 0.00
32.19 1204.65 800.08 1.00 28.00 4.00 9.91 13.98 34.20 0.00
17.67 1372.14 392.82 2.00 38.00 3.00 9.29 12.52 47.27 4.47
20.17 1322.50 395.18 3.00 37.00 5.00 9.24 11.01 54.79 4.53
20.00 1300.00 361.11 3.00 35.00 7.00 9.06 10.11 6.75 4.52
20.87 1149.88 378.75 5.00 39.00 7.00 8.11 10.17 5.47 6.53
29.54 1004.02 504.17 7.00 34.00 13.00 7.95 9.56 7.33 5.66
43.31 813.00 788.66 7.00 27.00 17.00 8.00 10.19 7.17 11.19
42.07 928.19 758.49 7.00 22.00 17.00 8.94 10.10 10.21 11.31
40.80 936.67 798.58 8.00 24.00 13.00 8.84 10.95 10.86 10.47
42.67 876.91 813.60 8.00 26.00 13.00 8.55 10.67 10.31 10.96
46.00 883.88 872.68 7.00 24.00 15.00 9.15 10.61 9.46 10.52
42.15 932.68 818.15 6.00 25.00 9.00 9.01 10.86 8.92 4.91
28.37 1106.53 533.66 6.00 35.00 5.00 8.62 10.53 13.76 4.91
32.31 1025.47 602.96 6.00 34.00 6.00 8.46 10.44 15.86 4.44
27.11 1034.61 486.64 5.00 40.00 7.00 7.92 10.04 14.83 2.14
23.61 1087.48 424.44 5.00 42.00 7.00 7.94 10.06 16.02 0.69
33.17 909.49 562.04 5.00 37.00 8.00 7.58 9.51 20.40 4.37
33.31 895.56 543.09 5.00 38.00 9.00 7.48 9.15 11.75 4.33
40.67 780.51 641.84 6.00 35.00 12.00 7.33 8.86 10.63 3.98
46.72 648.63 691.52 7.00 33.00 19.00 6.79 8.30 12.21 5.54
45.44 680.99 634.32 7.00 40.00 19.00 6.96 7.82 8.72 5.83
47.44 641.43 619.65 6.00 40.00 24.00 6.80 7.32 8.18 6.09
41.96 738.07 524.71 6.00 40.00 24.00 7.09 6.98 11.10 5.69
51.43 601.08 653.16 5.00 38.00 32.00 6.90 7.08 11.97 12.65
52.35 577.73 677.52 5.00 35.00 32.00 6.76 7.22 11.01 12.72
48.76 615.19 644.23 6.00 36.00 26.00 6.69 7.37 10.57 13.11
50.72 577.86 675.47 6.00 32.00 26.00 6.54 7.43 9.09 13.10
43.41 550.55 603.49 6.00 48.00 19.00 5.42 7.76 11.90 13.10
35.13 519.09 484.60 5.00 64.00 16.00 4.45 7.71 22.56 4.47
20.70 576.64 304.37 5.00 83.00 7.00 4.05 8.23 36.50 4.47
16.69 597.05 233.90 5.00 87.00 6.00 3.99 7.87 49.87 2.61
12.17 628.08 163.38 3.00 94.00 5.00 3.98 7.55 48.60 3.24
19.94 537.98 229.58 2.00 88.00 13.00 3.74 6.42 9.08 8.18
19.94 628.17 229.58 2.00 77.00 13.00 4.36 6.42 5.92 8.18
