41.31 1644.09 1609.41 4.00 43.00 12.00 9.37 13.12 43.92 3.93
27.03 1972.19 845.57 8.00 55.00 16.00 9.04 10.53 36.43 5.57
26.53 1956.24 809.97 8.00 52.00 17.00 8.91 10.25 10.21 10.93
37.60 1552.95 1174.72 11.00 48.00 20.00 8.34 10.49 9.51 9.70
41.72 1532.73 1270.83 12.00 42.00 22.00 8.81 10.23 8.37 9.06
33.92 1681.58 1051.89 11.00 51.00 16.00 8.52 10.41 14.24 9.37
34.04 1636.87 1094.99 9.00 56.00 14.00 8.30 10.80 15.63 4.02
36.47 1500.59 1055.36 10.00 58.00 14.00 7.90 9.73 14.87 4.77
36.36 1452.85 929.81 10.00 59.00 22.00 7.64 8.60 16.06 4.94
37.22 1345.12 897.12 9.00 71.00 29.00 7.16 8.10 10.34 5.48
47.93 1076.50 1105.56 9.00 61.00 40.00 6.91 7.74 12.26 10.29
51.44 980.56 1148.96 11.00 54.00 41.00 6.76 7.50 9.61 10.59
43.28 999.81 957.52 10.00 81.00 39.00 5.89 7.41 12.04 10.98
32.32 1004.67 718.41 7.00 110.00 28.00 4.96 7.44 31.18 12.30
30.28 967.22 692.98 8.00 108.00 22.00 4.63 7.68 38.73 11.83
24.39 1026.75 533.94 7.00 120.00 20.00 4.53 7.34 38.49 7.48
