38.25 1372.14 1299.71 2.00 38.00 5.00 9.29 14.32 47.27 4.47
33.93 1490.29 1026.13 3.00 39.00 8.00 9.43 12.75 48.02 4.53
26.64 1644.09 702.52 4.00 43.00 10.00 9.37 11.10 43.92 3.93
20.99 1678.03 547.89 6.00 50.00 8.00 8.88 10.99 41.34 6.28
22.15 1628.11 504.17 7.00 47.00 13.00 8.75 9.56 7.33 5.66
32.49 1322.15 788.66 7.00 42.00 17.00 8.19 10.19 7.17 11.19
33.17 1332.15 809.97 8.00 39.00 17.00 8.34 10.25 10.21 10.93
40.39 1222.00 1024.62 10.00 35.00 17.00 8.58 10.65 9.97 9.74
45.39 1148.99 1123.23 10.00 31.00 20.00 8.81 10.39 9.51 9.91
40.36 1239.49 1025.38 10.00 37.00 18.00 8.71 10.66 9.17 9.87
38.76 1260.66 961.20 10.00 37.00 15.00 8.63 10.41 8.56 9.83
38.11 1279.35 943.57 8.00 38.00 15.00 8.66 10.38 13.83 9.90
35.25 1353.61 908.83 7.00 39.00 10.00 8.75 10.82 15.77 4.54
28.24 1442.85 724.41 8.00 48.00 7.00 8.41 10.77 14.71 4.25
31.54 1308.73 789.11 8.00 51.00 10.00 8.00 10.50 16.00 3.88
34.64 1212.30 787.04 7.00 50.00 13.00 7.76 9.56 16.72 4.91
31.75 1279.34 690.69 7.00 49.00 11.00 7.84 9.15 16.79 4.07
34.11 1176.68 712.73 7.00 49.00 12.00 7.46 8.79 16.32 3.88
38.68 1069.07 782.21 8.00 48.00 20.00 7.29 8.50 11.51 5.29
41.04 1016.61 825.08 9.00 53.00 21.00 7.21 8.45 10.96 5.33
42.89 924.69 806.44 8.00 56.00 28.00 6.77 7.90 10.96 5.65
45.78 915.83 825.11 8.00 51.00 30.00 7.06 7.56 10.45 5.36
52.61 793.24 918.77 7.00 45.00 36.00 7.00 7.32 10.51 11.20
48.50 844.85 828.43 7.00 46.00 36.00 6.86 7.15 10.59 11.21
50.26 788.39 883.34 9.00 47.00 37.00 6.63 7.36 10.27 11.49
48.58 813.97 858.56 9.00 50.00 36.00 6.62 7.40 9.27 11.38
40.40 826.61 718.41 7.00 70.00 28.00 5.79 7.44 12.60 12.30
38.04 753.93 675.47 6.00 75.00 26.00 5.08 7.43 21.34 13.10
32.56 728.61 603.49 6.00 88.00 19.00 4.51 7.76 33.56 13.10
29.54 704.28 537.46 6.00 93.00 18.00 4.17 7.63 41.81 4.08
20.82 815.24 393.86 7.00 103.00 10.00 4.30 7.96 41.48 4.22
24.28 773.85 410.62 6.00 103.00 17.00 4.26 7.10 42.02 7.83
18.79 839.59 303.46 3.00 111.00 15.00 4.31 6.77 42.65 9.76
