41.82 2521.13 2423.01 12.00 69.00 25.00 9.06 12.18 30.39 9.32
37.15 2729.91 2051.51 13.00 76.00 26.00 9.09 11.61 29.06 8.98
32.70 2904.88 1663.72 14.00 80.00 25.00 9.03 10.69 27.99 8.67
29.55 2957.60 1491.46 14.00 88.00 23.00 8.78 10.60 29.56 8.67
28.70 2981.71 1413.00 14.00 86.00 23.00 8.75 10.33 13.40 8.64
30.36 2765.76 1513.07 15.00 90.00 24.00 8.31 10.46 12.90 8.36
32.35 2640.89 1599.16 16.00 90.00 27.00 8.17 10.37 13.90 8.10
37.51 2434.30 1813.47 17.00 85.00 30.00 8.15 10.16 13.97 8.23
38.57 2428.78 1813.92 17.00 80.00 31.00 8.27 9.88 13.30 8.06
37.24 2416.17 1738.11 17.00 86.00 30.00 8.05 9.80 13.64 8.03
38.72 2330.21 1743.41 18.00 85.00 35.00 7.96 9.46 13.67 8.21
39.58 2296.66 1768.65 17.00 91.00 36.00 7.95 9.38 13.90 7.82
39.07 2278.30 1715.27 15.00 96.00 38.00 7.82 9.22 13.58 5.60
37.01 2358.68 1549.52 16.00 99.00 37.00 7.83 8.79 13.91 5.51
42.08 2101.97 1708.52 15.00 96.00 46.00 7.59 8.52 13.90 9.06
41.57 2057.23 1615.46 14.00 97.00 49.00 7.36 8.15 13.63 9.26
41.01 2068.04 1574.03 16.00 96.00 48.00 7.33 8.05 14.12 9.11
41.35 1990.65 1571.51 16.00 99.00 48.00 7.09 7.97 13.92 9.07
39.54 1895.67 1500.61 15.00 119.00 48.00 6.55 7.96 11.76 9.32
39.54 1770.54 1500.61 15.00 128.00 48.00 6.12 7.96 16.80 9.32
37.72 1653.30 1409.93 14.00 144.00 47.00 5.54 7.84 23.99 9.58
37.66 1620.11 1362.72 14.00 144.00 48.00 5.43 7.59 30.08 9.59
36.72 1608.64 1312.63 14.00 148.00 46.00 5.31 7.50 29.00 9.84
36.39 1619.14 1239.04 13.00 149.00 53.00 5.31 7.13 29.95 10.39
34.53 1627.98 1187.10 12.00 158.00 52.00 5.19 7.20 31.03 10.73
