41.31 1644.09 1609.41 4.00 43.00 12.00 9.37 13.12 43.92 3.93
31.83 1845.83 1178.83 6.00 52.00 11.00 9.06 12.48 38.28 6.28
27.03 1972.19 845.57 8.00 55.00 16.00 9.04 10.53 36.43 5.57
30.26 1850.31 957.80 8.00 53.00 18.00 8.88 10.64 37.16 10.49
26.53 1956.24 809.97 8.00 52.00 17.00 8.91 10.25 10.21 10.93
32.31 1731.15 1024.62 10.00 50.00 17.00 8.56 10.65 9.97 9.74
37.60 1552.95 1174.72 11.00 48.00 20.00 8.34 10.49 9.51 9.70
40.12 1524.82 1251.42 12.00 48.00 22.00 8.53 10.48 8.70 9.32
41.72 1532.73 1270.83 12.00 42.00 22.00 8.81 10.23 8.37 9.06
35.18 1634.96 1096.27 11.00 51.00 18.00 8.45 10.46 12.74 9.42
33.92 1681.58 1051.89 11.00 51.00 16.00 8.52 10.41 14.24 9.37
36.06 1615.67 1134.32 10.00 51.00 17.00 8.46 10.56 14.55 8.94
34.04 1636.87 1094.99 9.00 56.00 14.00 8.30 10.80 15.63 4.02
34.03 1620.54 1024.81 10.00 58.00 13.00 8.22 10.13 16.03 5.19
36.47 1500.59 1055.36 10.00 58.00 14.00 7.90 9.73 14.87 4.77
35.10 1479.50 937.73 9.00 62.00 17.00 7.62 8.98 14.39 4.47
36.36 1452.85 929.81 10.00 59.00 22.00 7.64 8.60 16.06 4.94
35.72 1412.78 895.97 10.00 67.00 21.00 7.35 8.43 15.85 5.10
37.22 1345.12 897.12 9.00 71.00 29.00 7.16 8.10 10.34 5.48
42.19 1251.45 1015.86 10.00 64.00 32.00 7.24 8.08 11.41 5.26
47.93 1076.50 1105.56 9.00 61.00 40.00 6.91 7.74 12.26 10.29
50.24 1022.61 1128.82 9.00 57.00 42.00 6.87 7.53 9.96 9.91
51.44 980.56 1148.96 11.00 54.00 41.00 6.76 7.50 9.61 10.59
46.26 1081.09 1009.46 11.00 61.00 40.00 6.73 7.31 9.31 10.53
43.28 999.81 957.52 10.00 81.00 39.00 5.89 7.41 12.04 10.98
38.87 990.03 858.56 9.00 93.00 36.00 5.41 7.40 19.14 11.38
32.32 1004.67 718.41 7.00 110.00 28.00 4.96 7.44 31.18 12.30
32.99 939.12 728.33 7.00 104.00 28.00 4.68 7.40 38.73 12.28
30.28 967.22 692.98 8.00 108.00 22.00 4.63 7.68 38.73 11.83
33.04 881.07 714.18 7.00 109.00 29.00 4.39 7.25 36.88 7.48
24.39 1026.75 533.94 7.00 120.00 20.00 4.53 7.34 38.49 7.48
