39.19 1972.19 1752.46 8.00 55.00 18.00 9.04 12.55 36.43 5.57
37.75 2018.10 1588.74 8.00 55.00 21.00 9.04 11.80 35.04 10.49
29.87 2300.33 1151.38 9.00 60.00 20.00 9.14 10.81 34.40 10.35
30.48 2259.30 1193.76 11.00 61.00 18.00 9.07 10.97 33.86 9.32
31.33 2177.04 1174.72 11.00 61.00 20.00 8.84 10.49 9.51 9.70
33.44 2033.97 1251.42 12.00 63.00 22.00 8.53 10.48 8.70 9.32
35.84 1936.70 1322.32 13.00 59.00 22.00 8.43 10.32 8.37 8.96
35.84 1920.29 1322.32 13.00 62.00 22.00 8.35 10.32 12.01 8.96
37.19 1953.66 1361.51 13.00 56.00 23.00 8.68 10.24 13.40 8.71
33.95 1971.28 1287.02 13.00 64.00 20.00 8.33 10.60 13.57 8.67
33.14 1964.84 1238.04 13.00 68.00 20.00 8.20 10.45 14.49 8.63
39.58 1793.36 1434.72 12.00 61.00 23.00 8.28 10.15 15.72 8.52
37.73 1828.73 1361.24 11.00 63.00 18.00 8.19 10.11 14.93 4.96
34.52 1887.73 1175.50 12.00 70.00 17.00 8.04 9.54 14.45 4.83
39.52 1674.10 1294.48 13.00 68.00 25.00 7.72 9.18 14.31 5.24
36.28 1715.60 1120.96 12.00 80.00 26.00 7.50 8.65 14.05 5.16
35.53 1728.91 1044.72 11.00 82.00 31.00 7.47 8.23 14.45 5.23
37.56 1647.62 1086.75 11.00 78.00 32.00 7.35 8.09 15.40 5.14
42.37 1496.94 1196.25 10.00 76.00 41.00 7.24 7.89 11.64 10.00
46.51 1358.24 1319.57 11.00 70.00 44.00 7.07 7.93 11.15 9.53
47.74 1263.82 1335.75 13.00 70.00 45.00 6.74 7.82 11.34 9.88
48.08 1258.85 1309.86 13.00 72.00 46.00 6.76 7.62 8.92 9.84
45.43 1191.98 1223.14 12.00 88.00 43.00 6.09 7.53 11.16 10.22
38.55 1257.16 1009.46 11.00 104.00 40.00 5.70 7.31 18.29 10.53
36.06 1177.87 957.52 10.00 121.00 39.00 5.13 7.41 27.37 10.98
34.52 1175.22 911.42 10.00 122.00 38.00 5.00 7.37 33.76 10.89
30.46 1243.27 807.90 9.00 130.00 31.00 4.97 7.41 36.25 11.40
35.33 1115.92 905.05 8.00 120.00 39.00 4.80 7.15 34.84 12.25
31.68 1178.72 833.07 8.00 125.00 32.00 4.80 7.34 36.35 12.25
