39.89 2300.33 2058.27 9.00 60.00 22.00 9.14 12.41 34.40 10.35
36.87 2427.10 1824.71 11.00 63.00 21.00 9.19 11.90 32.29 9.32
33.51 2521.13 1516.12 12.00 69.00 23.00 9.06 10.87 30.39 9.32
31.71 2562.12 1420.56 13.00 74.00 23.00 8.97 10.75 30.12 8.98
30.72 2560.79 1322.32 13.00 72.00 22.00 8.84 10.32 8.37 8.96
30.72 2429.44 1322.32 13.00 77.00 22.00 8.39 10.32 12.01 8.96
32.80 2357.63 1413.00 14.00 73.00 23.00 8.39 10.33 13.40 8.64
34.70 2256.61 1513.07 15.00 75.00 24.00 8.26 10.46 12.90 8.36
36.06 2236.92 1547.67 15.00 73.00 27.00 8.36 10.29 13.90 8.11
37.28 2148.97 1587.42 15.00 74.00 26.00 8.19 10.22 14.66 8.51
36.43 2156.70 1504.29 15.00 75.00 24.00 8.11 9.91 13.91 8.50
39.21 2060.56 1585.41 14.00 73.00 27.00 8.10 9.71 14.36 7.93
40.17 2002.24 1600.36 14.00 73.00 29.00 8.00 9.56 14.54 5.35
35.61 2123.84 1358.74 15.00 88.00 26.00 7.88 9.16 13.89 5.30
38.36 1950.16 1409.40 14.00 91.00 34.00 7.56 8.82 13.42 5.46
37.78 1950.44 1311.75 13.00 91.00 37.00 7.49 8.33 13.93 5.44
40.18 1880.72 1343.85 12.00 87.00 43.00 7.51 8.01 14.95 9.51
41.93 1754.41 1390.47 12.00 84.00 44.00 7.21 7.94 14.99 9.31
43.00 1684.26 1426.43 14.00 85.00 46.00 7.06 7.95 10.91 9.59
45.19 1594.48 1500.61 15.00 85.00 48.00 6.95 7.96 10.32 9.32
43.11 1475.24 1409.93 14.00 104.00 47.00 6.19 7.84 12.17 9.58
41.21 1434.92 1309.86 13.00 115.00 46.00 5.83 7.62 17.24 9.84
38.94 1370.04 1223.14 12.00 128.00 43.00 5.35 7.53 24.45 10.22
34.87 1442.35 1062.32 12.00 133.00 42.00 5.28 7.29 32.19 10.18
33.94 1416.48 1047.01 12.00 141.00 42.00 5.12 7.39 32.19 10.42
36.31 1352.02 1088.14 11.00 138.00 49.00 5.06 7.17 31.17 11.09
31.63 1454.78 947.99 9.00 147.00 41.00 5.07 7.17 34.29 11.64
