37.62 3325.80 2661.29 15.00 94.00 28.00 8.92 11.90 28.35 8.38
33.94 3461.71 2313.15 16.00 103.00 28.00 8.77 11.46 27.45 8.13
30.54 3609.06 1940.56 17.00 111.00 30.00 8.69 10.68 27.59 7.89
32.14 3471.61 1982.61 18.00 111.00 31.00 8.56 10.37 27.67 8.01
31.50 3456.84 1865.41 18.00 110.00 31.00 8.44 9.95 13.30 8.00
33.71 3210.64 1964.16 19.00 112.00 34.00 8.10 9.79 13.11 7.81
36.98 3006.26 2104.52 21.00 107.00 42.00 7.98 9.56 13.09 7.81
37.92 2937.60 2147.39 22.00 115.00 43.00 7.92 9.51 12.83 7.70
39.47 2878.35 2167.95 21.00 113.00 51.00 7.96 9.22 12.54 7.88
38.68 2887.11 2112.13 21.00 115.00 50.00 7.88 9.16 13.36 7.87
40.93 2758.09 2157.45 20.00 113.00 56.00 7.81 8.84 13.34 10.35
43.15 2638.28 2263.14 19.00 108.00 59.00 7.76 8.80 13.57 9.87
42.74 2617.43 2244.59 20.00 110.00 55.00 7.65 8.81 13.40 8.70
40.14 2701.70 2034.27 21.00 120.00 53.00 7.55 8.50 12.68 8.51
39.87 2500.71 2012.89 20.00 139.00 53.00 6.96 8.47 13.48 8.54
36.98 2469.53 1796.50 18.00 155.00 53.00 6.55 8.15 17.13 8.87
34.34 2457.52 1648.21 17.00 170.00 50.00 6.25 8.05 23.27 8.88
34.36 2351.90 1624.36 17.00 171.00 50.00 5.98 7.93 28.51 8.87
33.75 2312.34 1590.10 17.00 179.00 51.00 5.83 7.91 27.41 9.06
37.62 2132.53 1730.19 17.00 173.00 61.00 5.71 7.71 26.85 9.35
36.16 2103.41 1639.51 16.00 181.00 60.00 5.50 7.60 27.59 9.56
