73.28 343.78 1248.29 1.00 8.00 5.00 10.77 14.36 10.80 0.00
48.28 694.87 800.08 1.00 13.00 4.00 11.24 13.98 4.20 0.00
23.28 968.08 341.40 1.00 21.00 3.00 10.55 12.40 19.20 0.00
10.67 1036.86 169.14 1.00 26.00 1.00 9.71 13.39 0.00 0.00
3.22 1028.05 51.42 1.00 30.00 0.00 8.88 13.41 0.00 0.00
19.58 794.35 226.05 2.00 26.00 4.00 8.26 9.72 1.68 5.52
30.00 675.91 361.11 3.00 22.00 7.00 8.08 10.11 6.75 4.52
31.31 640.73 378.75 5.00 24.00 7.00 7.80 10.17 5.47 6.53
41.08 600.05 452.68 6.00 17.00 13.00 8.53 9.26 7.33 4.38
45.39 527.67 562.61 5.00 16.00 13.00 8.10 10.39 7.52 12.77
36.33 656.11 448.86 5.00 17.00 10.00 8.63 10.37 10.76 13.23
49.47 581.06 645.88 5.00 11.00 10.00 9.64 10.96 12.37 11.72
49.69 548.93 670.55 4.00 14.00 7.00 9.14 11.32 11.59 5.99
35.33 711.05 462.77 5.00 21.00 5.00 9.22 11.00 4.58 5.37
41.19 604.54 512.27 5.00 20.00 5.00 8.63 10.44 4.99 4.86
26.75 698.30 295.89 3.00 27.00 5.00 7.98 9.28 13.78 2.45
20.81 804.22 238.28 3.00 25.00 3.00 8.50 9.62 19.33 0.53
21.14 731.79 261.64 3.00 27.00 2.00 7.75 10.38 17.75 0.35
21.89 703.70 276.84 3.00 31.00 5.00 7.52 10.61 9.90 0.65
42.53 513.32 491.15 4.00 23.00 8.00 7.46 9.73 14.27 4.53
42.69 475.12 452.41 4.00 23.00 8.00 6.93 8.92 13.12 4.48
47.08 444.88 451.09 4.00 22.00 10.00 7.02 8.07 7.45 3.54
55.47 365.37 504.73 5.00 17.00 15.00 6.87 7.66 7.69 6.07
39.56 503.23 333.93 5.00 29.00 13.00 6.96 7.08 9.58 5.48
43.08 449.26 354.03 4.00 33.00 20.00 6.60 6.88 8.64 6.62
44.47 470.94 373.81 4.00 29.00 20.00 7.09 7.03 12.13 5.90
49.75 427.87 414.04 2.00 27.00 21.00 7.12 6.95 13.95 11.02
57.44 341.62 494.43 2.00 17.00 22.00 6.71 7.19 11.61 12.98
57.44 339.13 529.31 5.00 14.00 17.00 6.67 7.72 5.86 14.22
52.69 343.02 484.60 5.00 21.00 16.00 6.07 7.71 4.93 4.47
31.06 398.58 304.37 5.00 43.00 7.00 4.83 8.23 13.03 4.47
18.64 411.86 181.04 4.00 58.00 4.00 4.23 8.18 27.33 2.76
7.67 389.48 73.89 1.00 74.00 2.00 3.52 8.12 43.30 0.00
6.39 361.19 52.86 1.00 72.00 2.00 3.22 6.95 0.00 0.00
10.58 416.67 89.49 2.00 60.00 3.00 3.89 7.14 0.00 3.42
29.92 361.89 229.58 2.00 44.00 13.00 4.31 6.42 9.08 8.18
29.92 450.02 229.58 2.00 37.00 13.00 5.36 6.42 5.92 8.18
