44.72 439.74 364.48 1.00 3.00 2.00 13.33 13.86 0.00 0.00
21.50 568.27 177.37 2.00 5.00 0.00 12.13 13.89 0.00 2.48
46.83 363.10 333.86 1.00 4.00 0.00 11.43 11.99 4.45 0.00
40.83 373.06 304.60 1.00 7.00 0.00 10.58 12.55 7.95 0.00
20.28 529.88 167.34 2.00 9.00 0.00 11.15 13.87 0.00 0.08
34.39 396.28 226.17 1.00 9.00 0.00 10.11 10.98 0.00 0.00
45.61 260.43 269.04 1.00 8.00 3.00 8.04 9.90 10.78 0.00
35.44 370.89 235.60 2.00 3.00 4.00 9.66 11.18 0.00 2.27
46.67 336.70 333.73 1.00 4.00 1.00 10.63 12.02 0.00 0.00
32.72 435.79 222.72 0.00 6.00 0.00 10.86 11.48 0.00 0.00
24.00 435.58 137.20 3.00 7.00 2.00 9.59 9.62 4.25 4.53
44.17 283.59 257.07 5.00 6.00 3.00 8.53 9.77 4.53 3.66
20.17 365.30 119.86 2.00 14.00 1.00 7.65 9.96 17.08 1.28
4.06 459.97 20.73 1.00 16.00 0.00 8.00 8.64 0.00 0.00
42.11 287.50 252.90 2.00 9.00 5.00 8.30 10.05 0.00 10.20
49.56 230.44 285.83 1.00 10.00 6.00 7.64 9.63 0.00 0.00
20.50 465.13 94.08 1.00 7.00 3.00 9.76 7.69 0.00 0.00
34.33 353.20 196.55 3.00 6.00 2.00 8.99 9.60 2.31 2.94
39.33 220.57 246.69 3.00 13.00 0.00 6.08 10.60 9.17 1.79
26.78 267.71 154.96 1.00 17.00 2.00 6.10 9.77 0.00 0.00
12.78 401.99 63.12 0.00 16.00 2.00 7.69 8.27 0.00 0.00
9.33 452.57 49.71 1.00 13.00 0.00 8.33 8.93 0.00 0.00
22.78 248.66 99.52 2.00 25.00 3.00 5.38 7.32 7.10 1.03
55.72 80.60 271.20 2.00 20.00 8.00 3.04 8.16 4.78 8.75
50.72 230.48 262.70 1.00 8.00 7.00 7.82 8.67 0.00 0.00
48.00 249.04 189.58 2.00 9.00 11.00 8.03 6.61 11.08 2.13
57.61 170.87 242.39 3.00 12.00 12.00 6.77 7.04 5.24 1.81
31.33 333.24 131.26 2.00 12.00 5.00 8.11 7.02 14.23 1.43
18.56 401.87 69.31 2.00 14.00 4.00 8.24 6.26 0.00 2.40
12.28 347.59 67.25 1.00 21.00 2.00 6.62 9.30 0.00 0.00
52.44 152.53 180.50 1.00 14.00 15.00 5.35 5.77 0.00 0.00
85.67 41.29 287.89 2.00 3.00 26.00 4.84 5.61 0.00 4.30
75.17 59.60 310.65 3.00 7.00 16.00 4.03 6.92 0.83 8.20
84.94 33.09 380.27 2.00 5.00 9.00 3.69 7.49 0.65 14.53
92.83 15.69 366.34 0.00 2.00 15.00 3.68 6.59 0.00 0.00
42.83 191.54 154.47 0.00 15.00 10.00 5.59 6.03 0.00 0.00
15.89 347.00 82.35 1.00 19.00 2.00 6.89 8.67 0.00 0.00
56.78 217.65 210.60 2.00 7.00 13.00 8.44 6.21 0.00 7.50
82.94 83.75 278.38 2.00 4.00 23.00 8.24 5.62 0.00 24.12
