40.82 1931.19 1469.19 6.00 28.00 6.00 10.95 12.12 7.42 7.80
36.68 1927.48 1241.73 8.00 32.00 6.00 10.21 11.38 13.14 9.25
31.34 1929.00 1027.73 9.00 42.00 7.00 9.42 11.01 14.51 8.41
35.71 1686.89 1112.74 9.00 42.00 12.00 8.79 10.46 18.33 9.01
30.69 1891.15 938.62 9.00 41.00 12.00 9.13 10.26 21.27 10.37
29.22 1774.58 851.79 11.00 50.00 11.00 8.38 9.79 19.03 7.61
26.98 1740.77 777.92 8.00 59.00 11.00 7.96 9.67 21.88 8.47
27.50 1624.23 757.58 8.00 70.00 13.00 7.48 9.24 23.96 8.37
29.22 1567.28 766.54 7.00 69.00 15.00 7.39 8.80 23.03 8.58
36.64 1273.66 914.63 9.00 74.00 24.00 6.72 8.37 20.80 7.64
32.49 1455.39 737.04 8.00 75.00 28.00 7.20 7.60 22.19 7.87
40.42 1205.56 855.02 9.00 73.00 41.00 6.76 7.08 11.27 8.54
50.90 1016.43 1066.22 10.00 55.00 55.00 6.92 7.01 12.51 9.06
59.32 800.99 1169.93 9.00 49.00 63.00 6.59 6.60 12.41 17.27
50.98 976.76 1009.89 7.00 56.00 53.00 6.66 6.63 15.52 19.07
63.86 659.59 1218.36 7.00 46.00 72.00 6.10 6.38 14.98 21.23
