36.30 3020.50 1979.16 13.00 58.00 14.00 9.92 11.46 15.86 8.70
32.83 3119.24 1731.50 13.00 63.00 13.00 9.72 11.06 15.62 9.54
33.27 3045.90 1709.40 13.00 62.00 15.00 9.55 10.78 16.98 9.68
34.44 2905.46 1749.90 14.00 64.00 15.00 9.27 10.66 17.72 9.01
32.33 2902.48 1622.46 15.00 71.00 15.00 8.97 10.53 17.66 8.72
32.68 2799.86 1600.26 14.00 75.00 17.00 8.70 10.27 17.37 9.03
31.40 2774.59 1517.90 13.00 78.00 17.00 8.45 10.14 19.12 8.97
29.55 2856.25 1423.80 14.00 79.00 17.00 8.47 10.11 23.33 8.73
28.54 2762.75 1348.37 14.00 95.00 17.00 8.08 9.91 23.15 8.71
32.08 2565.95 1458.91 14.00 96.00 21.00 7.89 9.54 22.91 8.33
29.05 2656.15 1277.34 14.00 99.00 23.00 7.82 9.22 22.33 9.09
33.99 2378.95 1425.93 16.00 99.00 33.00 7.53 8.79 21.88 8.56
33.25 2391.86 1382.53 14.00 104.00 33.00 7.48 8.71 22.25 8.46
32.39 2428.34 1300.12 13.00 106.00 35.00 7.50 8.41 20.64 8.55
33.05 2428.60 1331.98 14.00 104.00 36.00 7.57 8.44 20.22 8.54
33.42 2316.04 1346.64 13.00 112.00 37.00 7.26 8.44 19.99 8.22
34.34 2293.63 1259.34 13.00 109.00 46.00 7.29 7.68 20.02 7.83
37.93 2125.75 1348.70 14.00 105.00 57.00 7.15 7.45 19.34 8.30
41.17 1888.10 1475.77 15.00 109.00 60.00 6.70 7.51 18.86 8.54
44.26 1805.64 1532.42 13.00 103.00 65.00 6.76 7.25 20.24 10.40
47.86 1683.21 1595.27 12.00 98.00 75.00 6.74 6.97 19.92 16.12
46.26 1729.37 1532.15 12.00 100.00 73.00 6.72 6.92 12.22 16.12
48.25 1627.91 1614.49 13.00 101.00 75.00 6.57 7.00 13.66 15.67
52.19 1494.55 1692.90 13.00 95.00 86.00 6.53 6.78 13.46 15.35
55.77 1463.89 1793.36 13.00 80.00 95.00 6.92 6.72 14.25 17.78
