40.82 1931.19 1469.19 6.00 28.00 6.00 10.95 12.12 7.42 7.80
32.98 2144.55 1167.88 6.00 31.00 4.00 10.73 11.90 6.36 7.80
36.68 1927.48 1241.73 8.00 32.00 6.00 10.21 11.38 13.14 9.25
37.51 1860.12 1246.80 9.00 32.00 7.00 9.98 11.17 13.49 8.41
31.34 1929.00 1027.73 9.00 42.00 7.00 9.42 11.01 14.51 8.41
30.16 1947.15 962.93 9.00 41.00 7.00 9.34 10.72 18.85 8.69
35.71 1686.89 1112.74 9.00 42.00 12.00 8.79 10.46 18.33 9.01
33.19 1781.37 1022.59 9.00 41.00 13.00 8.93 10.34 18.23 10.25
30.69 1891.15 938.62 9.00 41.00 12.00 9.13 10.26 21.27 10.37
32.97 1764.97 982.89 10.00 44.00 11.00 8.81 10.01 19.93 7.98
29.22 1774.58 851.79 11.00 50.00 11.00 8.38 9.79 19.03 7.61
31.78 1596.64 915.13 11.00 56.00 13.00 7.82 9.66 18.19 7.96
26.98 1740.77 777.92 8.00 59.00 11.00 7.96 9.67 21.88 8.47
24.81 1765.35 707.77 7.00 64.00 10.00 7.84 9.57 25.86 8.91
27.50 1624.23 757.58 8.00 70.00 13.00 7.48 9.24 23.96 8.37
35.14 1385.91 958.39 8.00 68.00 18.00 7.14 9.14 24.61 9.08
29.22 1567.28 766.54 7.00 69.00 15.00 7.39 8.80 23.03 8.58
34.83 1403.22 862.31 9.00 67.00 24.00 7.19 8.30 22.18 7.64
36.64 1273.66 914.63 9.00 74.00 24.00 6.72 8.37 20.80 7.64
34.23 1383.37 797.01 8.00 73.00 27.00 7.03 7.80 23.06 7.36
32.49 1455.39 737.04 8.00 75.00 28.00 7.20 7.60 22.19 7.87
31.33 1463.30 709.31 8.00 77.00 27.00 7.12 7.59 11.02 7.44
40.42 1205.56 855.02 9.00 73.00 41.00 6.76 7.08 11.27 8.54
46.60 1052.17 947.34 9.00 67.00 53.00 6.59 6.81 11.43 8.86
50.90 1016.43 1066.22 10.00 55.00 55.00 6.92 7.01 12.51 9.06
52.44 1004.66 1056.25 9.00 52.00 54.00 7.06 6.74 12.51 10.65
59.32 800.99 1169.93 9.00 49.00 63.00 6.59 6.60 12.41 17.27
51.41 947.06 1021.35 7.00 57.00 53.00 6.51 6.65 13.35 18.96
50.98 976.76 1009.89 7.00 56.00 53.00 6.66 6.63 15.52 19.07
56.50 831.40 1100.69 7.00 52.00 61.00 6.39 6.52 15.48 18.21
63.86 659.59 1218.36 7.00 46.00 72.00 6.10 6.38 14.98 21.23
