45.78 802.84 698.53 2.00 7.00 2.00 12.40 12.90 8.89 6.77
31.17 941.34 482.74 3.00 12.00 0.00 11.46 13.02 6.61 7.17
33.56 893.87 501.20 3.00 13.00 0.00 11.27 12.56 5.44 7.72
37.61 769.59 530.77 2.00 16.00 0.00 10.33 11.83 7.41 7.32
32.94 790.32 436.93 3.00 17.00 3.00 9.89 11.13 12.01 5.98
34.92 767.18 461.77 3.00 13.00 4.00 9.88 11.08 0.03 5.06
46.14 597.57 602.78 2.00 12.00 4.00 9.32 10.97 7.90 7.55
34.08 806.68 458.97 2.00 9.00 4.00 10.27 11.33 6.60 7.55
35.33 772.73 470.94 4.00 11.00 3.00 10.02 11.20 16.58 10.79
38.44 719.63 479.79 5.00 12.00 3.00 9.80 10.50 13.91 3.66
22.08 801.09 257.07 5.00 21.00 3.00 8.60 9.77 13.02 3.66
24.11 743.93 277.79 6.00 22.00 3.00 8.20 9.68 20.25 3.50
31.14 653.07 372.76 4.00 23.00 6.00 7.92 10.02 24.72 7.98
26.81 690.48 306.55 2.00 26.00 6.00 7.88 9.56 5.40 13.65
31.31 752.64 347.82 3.00 16.00 8.00 9.15 9.29 17.70 12.23
41.94 584.93 482.38 4.00 16.00 8.00 8.42 9.62 18.63 10.22
29.92 685.71 340.99 4.00 20.00 3.00 8.17 9.60 17.33 2.63
30.56 620.91 351.50 4.00 24.00 4.00 7.47 9.67 9.09 4.73
26.06 622.57 310.03 3.00 29.00 2.00 7.03 10.02 19.13 5.33
18.06 720.38 204.67 2.00 31.00 2.00 7.33 9.55 0.00 5.23
17.78 651.02 162.64 2.00 41.00 5.00 6.61 7.66 31.54 1.03
32.53 533.17 321.06 3.00 33.00 8.00 6.60 8.27 4.78 8.78
36.75 479.21 362.22 3.00 33.00 10.00 6.33 8.25 6.74 11.16
51.86 329.64 460.95 4.00 29.00 20.00 5.73 7.44 9.21 8.90
54.17 401.99 505.09 4.00 20.00 19.00 7.34 7.80 9.01 8.34
39.67 582.39 320.84 4.00 22.00 16.00 8.07 6.77 12.47 2.20
38.08 573.17 311.70 5.00 26.00 16.00 7.74 6.85 13.80 3.57
21.81 680.99 198.51 3.00 34.00 7.00 7.27 7.65 3.01 1.51
35.50 554.40 250.41 3.00 28.00 19.00 7.18 5.91 1.33 9.24
48.97 389.02 355.14 3.00 24.00 28.00 6.37 6.07 11.33 9.33
63.81 212.13 491.22 4.00 21.00 32.00 4.90 6.44 10.23 9.88
85.31 74.39 668.16 4.00 8.00 36.00 4.25 6.54 0.83 10.63
84.00 75.29 677.06 3.00 9.00 31.00 3.95 6.74 0.77 22.90
63.89 224.63 534.95 2.00 20.00 19.00 5.20 7.00 14.05 27.38
54.36 362.75 448.68 1.00 21.00 17.00 6.64 6.90 18.92 0.00
49.81 409.29 365.07 2.00 23.00 23.00 6.81 6.13 16.18 7.50
49.42 431.70 360.73 3.00 23.00 25.00 7.13 6.11 4.58 20.98
