35.47 2732.73 1726.26 11.00 49.00 9.00 10.13 11.70 13.03 8.39
30.44 2888.74 1445.67 12.00 53.00 7.00 9.94 11.40 16.75 8.40
35.10 2580.77 1614.49 12.00 55.00 12.00 9.51 11.03 16.26 9.02
34.45 2550.97 1553.35 11.00 58.00 13.00 9.31 10.81 16.24 9.82
31.33 2681.91 1375.55 12.00 58.00 15.00 9.34 10.52 18.41 9.55
33.52 2532.15 1445.30 13.00 57.00 15.00 9.11 10.33 18.61 9.26
34.06 2372.60 1454.57 13.00 62.00 15.00 8.60 10.25 18.03 8.83
32.44 2403.58 1374.09 13.00 65.00 17.00 8.50 10.16 17.95 8.97
29.37 2513.72 1248.86 12.00 70.00 14.00 8.50 10.20 20.59 9.31
28.71 2485.35 1187.56 12.00 76.00 13.00 8.32 9.92 24.27 7.67
25.95 2425.60 1014.64 13.00 91.00 16.00 7.82 9.37 23.39 7.36
31.99 2129.91 1236.18 14.00 90.00 21.00 7.47 9.26 23.16 8.33
29.77 2220.35 1140.14 11.00 92.00 21.00 7.54 9.17 23.51 9.50
32.54 2095.00 1168.86 11.00 93.00 30.00 7.41 8.60 21.85 9.20
35.12 2026.30 1262.67 12.00 90.00 32.00 7.45 8.61 20.73 8.81
36.44 1968.30 1279.39 12.00 90.00 35.00 7.39 8.40 21.32 8.42
31.75 2141.09 1078.24 12.00 95.00 31.00 7.49 8.13 20.80 7.05
31.11 2084.31 1060.81 12.00 102.00 31.00 7.22 8.17 19.55 6.77
36.32 1828.49 1165.04 12.00 102.00 43.00 6.85 7.68 19.61 8.15
38.44 1772.55 1152.16 11.00 98.00 55.00 6.87 7.17 20.74 8.49
41.44 1667.52 1228.86 12.00 96.00 60.00 6.80 7.09 20.24 8.85
46.75 1537.83 1377.47 12.00 85.00 63.00 6.89 7.04 11.54 10.82
52.87 1280.85 1532.15 12.00 82.00 73.00 6.49 6.92 11.47 16.12
51.54 1276.80 1482.29 11.00 87.00 73.00 6.29 6.87 12.22 16.35
51.89 1379.18 1514.98 11.00 76.00 72.00 6.85 6.98 14.59 16.25
51.69 1413.95 1421.53 11.00 75.00 77.00 6.99 6.57 14.35 15.98
56.49 1232.76 1530.66 12.00 72.00 88.00 6.77 6.47 14.63 18.27
