39.36 1594.04 1135.46 5.00 24.00 5.00 11.01 12.15 9.51 6.42
33.04 1708.76 944.51 6.00 25.00 4.00 10.69 12.00 4.22 6.25
39.85 1491.45 1104.52 5.00 25.00 4.00 10.40 11.64 7.24 7.71
35.85 1576.28 989.73 4.00 26.00 4.00 10.30 11.59 5.52 8.25
34.14 1563.49 907.87 7.00 28.00 6.00 9.95 11.17 14.78 9.13
36.68 1486.81 942.20 8.00 25.00 7.00 9.84 10.78 13.65 8.77
34.11 1399.12 859.84 7.00 33.00 7.00 8.89 10.58 14.68 8.52
29.10 1550.87 736.76 8.00 31.00 7.00 9.16 10.65 19.85 8.32
33.24 1426.02 843.70 8.00 34.00 9.00 8.94 10.65 20.49 9.51
32.62 1410.48 786.34 7.00 38.00 9.00 8.76 10.11 19.20 9.30
26.69 1554.00 604.88 8.00 37.00 11.00 8.85 9.49 21.45 8.76
33.03 1328.93 760.17 10.00 38.00 11.00 8.29 9.64 19.37 7.98
30.53 1338.78 714.59 8.00 43.00 9.00 8.05 9.82 20.90 8.17
28.68 1312.68 658.06 6.00 50.00 10.00 7.68 9.62 14.55 9.36
28.68 1375.21 658.06 6.00 45.00 10.00 8.05 9.62 19.03 9.36
30.00 1305.31 687.04 6.00 48.00 10.00 7.78 9.60 27.14 8.92
23.85 1336.73 503.84 6.00 61.00 8.00 7.33 8.87 25.15 4.06
31.54 1154.18 672.56 7.00 58.00 12.00 7.04 8.95 24.93 7.03
31.40 1102.15 672.24 6.00 62.00 12.00 6.71 8.98 23.08 9.26
34.96 1050.03 665.76 6.00 60.00 22.00 6.74 7.98 25.70 8.14
35.97 1053.09 667.73 6.00 61.00 24.00 6.87 7.77 23.52 8.15
36.10 1115.56 642.06 7.00 55.00 25.00 7.29 7.44 10.86 7.76
37.42 1053.02 673.92 8.00 59.00 26.00 7.03 7.54 11.45 7.87
36.83 1010.73 659.45 7.00 64.00 27.00 6.68 7.50 11.02 7.58
44.83 956.83 755.50 7.00 48.00 38.00 7.25 7.05 12.07 8.80
44.32 971.57 675.98 7.00 47.00 44.00 7.29 6.38 12.41 7.73
50.94 785.30 803.52 9.00 47.00 48.00 6.69 6.60 12.71 7.92
53.56 755.52 866.67 7.00 42.00 43.00 6.80 6.77 13.02 11.63
59.75 629.69 927.54 6.00 37.00 51.00 6.54 6.49 11.86 19.87
56.43 613.66 890.09 5.00 44.00 48.00 5.88 6.59 13.10 20.32
59.08 574.89 939.97 5.00 42.00 49.00 5.87 6.65 15.80 19.91
67.56 483.67 1033.44 6.00 31.00 59.00 6.23 6.39 16.03 18.21
66.71 507.06 1037.79 6.00 32.00 56.00 6.37 6.50 15.13 22.89
