35.02 3706.21 2320.99 17.00 78.00 17.00 9.55 11.15 16.25 8.69
32.38 3741.45 2083.00 17.00 87.00 17.00 9.26 10.80 16.05 8.74
31.83 3668.47 2019.65 16.00 91.00 17.00 9.00 10.65 17.54 8.99
31.16 3625.84 1954.57 16.00 96.00 17.00 8.81 10.53 21.13 8.63
29.42 3553.51 1785.31 17.00 112.00 20.00 8.42 10.18 21.19 8.39
32.65 3333.13 1921.32 17.00 109.00 25.00 8.27 9.87 21.47 9.01
32.47 3254.17 1880.12 16.00 111.00 27.00 8.06 9.71 20.83 9.56
34.01 3185.89 1884.89 18.00 108.00 37.00 8.07 9.30 21.29 9.04
33.67 3164.81 1853.47 18.00 115.00 36.00 7.98 9.23 21.12 9.04
33.60 3148.34 1779.90 18.00 118.00 38.00 7.92 8.88 21.04 8.08
30.86 3229.96 1589.04 19.00 125.00 39.00 7.80 8.63 20.81 8.02
31.56 3060.04 1624.43 19.00 134.00 40.00 7.47 8.63 20.28 7.89
33.70 2946.70 1632.94 17.00 132.00 52.00 7.42 8.12 20.98 8.67
35.71 2817.52 1655.26 16.00 131.00 63.00 7.32 7.76 19.37 9.19
39.20 2640.73 1823.80 18.00 125.00 68.00 7.26 7.79 19.07 9.10
43.79 2390.57 2014.80 17.00 120.00 73.00 7.10 7.70 19.55 10.48
44.27 2368.92 1936.47 16.00 118.00 78.00 7.10 7.32 19.35 14.72
43.12 2350.38 1883.65 16.00 125.00 77.00 6.90 7.31 18.64 14.72
43.81 2250.85 1924.52 16.00 130.00 77.00 6.69 7.35 19.07 14.76
45.37 2214.93 1897.71 15.00 126.00 88.00 6.77 7.00 20.00 14.69
48.17 2114.98 1956.00 15.00 121.00 100.00 6.82 6.79 19.78 17.21
