34.54 3485.64 2074.08 14.00 65.00 17.00 9.90 11.22 16.51 9.36
33.00 3473.73 1928.05 16.00 69.00 15.00 9.64 10.89 17.16 8.93
33.94 3266.47 1956.31 16.00 75.00 15.00 9.19 10.75 16.55 8.94
33.59 3173.17 1904.86 15.00 82.00 17.00 8.88 10.58 16.54 8.82
30.16 3304.48 1685.79 15.00 87.00 17.00 8.79 10.42 18.64 8.82
30.09 3252.53 1649.97 15.00 89.00 17.00 8.64 10.22 22.48 8.83
30.44 3023.62 1617.42 15.00 103.00 20.00 8.07 9.91 21.70 8.45
32.46 2936.85 1695.15 16.00 99.00 25.00 8.08 9.74 22.15 8.99
31.01 2993.30 1611.07 15.00 103.00 24.00 8.06 9.68 22.14 9.86
33.85 2815.00 1648.65 16.00 105.00 33.00 7.90 9.08 21.86 8.56
32.22 2827.66 1519.73 17.00 111.00 35.00 7.74 8.78 21.08 8.30
33.70 2712.30 1557.18 18.00 112.00 38.00 7.59 8.60 21.01 8.08
31.62 2794.17 1451.84 16.00 118.00 37.00 7.58 8.55 21.64 8.19
30.15 2776.09 1367.37 14.00 128.00 37.00 7.37 8.45 19.49 8.32
35.20 2581.13 1513.08 15.00 118.00 51.00 7.39 8.00 19.53 8.93
39.22 2357.48 1634.53 15.00 115.00 63.00 7.20 7.75 19.86 9.04
38.88 2353.23 1570.06 16.00 116.00 63.00 7.15 7.52 19.55 8.28
43.15 2158.84 1728.97 16.00 110.00 67.00 7.05 7.45 18.86 10.16
46.91 1903.78 1842.17 15.00 111.00 75.00 6.66 7.30 18.60 15.14
44.10 1997.19 1687.10 13.00 118.00 75.00 6.63 7.11 19.79 15.50
44.31 2030.27 1677.61 13.00 117.00 77.00 6.77 7.04 20.20 15.67
47.43 1947.12 1742.75 14.00 108.00 86.00 6.88 6.83 13.46 15.20
52.10 1712.62 1892.88 15.00 105.00 98.00 6.64 6.75 13.39 17.21
