37.28 1333.61 865.87 4.00 16.00 2.00 11.87 13.07 5.51 6.78
32.24 1337.87 708.91 4.00 21.00 0.00 11.02 12.29 6.71 7.15
37.57 1154.31 770.79 4.00 21.00 3.00 10.33 11.49 9.46 6.56
36.89 1140.49 766.37 4.00 20.00 4.00 10.10 11.62 3.08 5.58
37.52 1127.46 770.66 4.00 21.00 4.00 10.10 11.50 8.62 8.25
34.19 1202.97 685.14 3.00 19.00 4.00 10.21 11.21 6.24 6.17
38.76 1033.61 739.98 5.00 19.00 6.00 9.44 10.69 14.89 9.69
37.44 1090.53 716.03 7.00 15.00 7.00 9.75 10.72 13.88 8.52
30.28 1138.24 590.80 6.00 25.00 4.00 9.11 10.93 16.23 9.09
26.98 1179.97 500.51 6.00 28.00 3.00 9.01 10.41 21.01 3.50
28.76 1088.87 509.96 7.00 30.00 8.00 8.52 9.91 19.85 7.09
32.59 974.44 563.62 7.00 32.00 9.00 8.06 9.66 18.54 9.30
27.59 1118.20 467.68 5.00 30.00 9.00 8.60 9.45 23.61 10.02
29.31 1044.97 503.10 5.00 32.00 8.00 8.23 9.58 16.71 10.01
33.98 973.21 594.73 6.00 29.00 8.00 8.21 9.79 15.89 9.17
36.89 852.64 637.33 5.00 34.00 10.00 7.52 9.66 15.51 9.25
24.20 1087.70 404.32 4.00 36.00 5.00 7.98 9.36 19.93 4.73
23.48 1073.58 401.22 5.00 38.00 4.00 7.81 9.58 29.08 4.46
24.96 871.60 409.54 5.00 54.00 5.00 6.46 9.20 25.44 4.27
30.61 800.98 476.02 4.00 51.00 10.00 6.42 8.70 30.16 7.72
28.76 881.57 425.34 3.00 49.00 12.00 6.89 8.25 26.45 11.16
37.69 782.22 510.80 5.00 42.00 20.00 6.99 7.56 9.21 8.86
43.70 650.72 604.61 6.00 45.00 22.00 6.44 7.72 7.86 8.15
45.02 662.99 592.20 6.00 42.00 25.00 6.72 7.34 10.86 7.86
42.30 804.29 574.40 6.00 34.00 23.00 7.77 7.58 12.73 8.58
30.54 930.13 388.09 5.00 44.00 18.00 7.46 7.10 11.83 2.36
42.87 725.70 492.80 6.00 40.00 31.00 7.08 6.41 13.01 6.79
43.09 722.43 486.40 5.00 37.00 33.00 7.07 6.30 10.93 8.83
48.72 614.00 561.13 6.00 35.00 36.00 6.67 6.43 12.24 9.45
60.96 422.12 735.41 5.00 29.00 38.00 6.02 6.72 10.23 11.98
73.48 227.82 857.62 4.00 23.00 47.00 4.79 6.51 9.52 19.86
71.15 265.93 822.84 4.00 23.00 46.00 5.14 6.44 12.72 19.86
61.30 422.36 759.41 4.00 28.00 33.00 6.08 6.90 16.25 22.22
61.52 442.38 745.55 4.00 28.00 32.00 6.41 6.76 17.18 22.24
63.89 447.46 727.07 3.00 25.00 40.00 6.90 6.34 17.82 20.98
