36.48 438.09 282.48 3.00 3.00 1.00 11.77 13.30 6.86 0.99
16.67 596.91 126.01 2.00 9.00 1.00 11.99 12.86 4.10 0.50
43.17 440.00 243.44 2.00 7.00 5.00 13.04 9.52 1.17 2.42
51.18 365.04 322.09 3.00 4.00 3.00 12.82 10.82 5.82 5.20
32.55 438.45 223.51 3.00 7.00 3.00 11.10 11.78 4.87 1.30
34.00 465.81 229.73 3.00 7.00 3.00 11.89 11.47 4.58 1.65
39.56 489.08 304.55 4.00 5.00 1.00 13.73 13.20 5.26 2.64
39.78 464.78 309.92 5.00 5.00 1.00 13.14 13.36 3.47 2.80
40.89 430.69 273.11 4.00 4.00 4.00 12.38 11.46 6.14 4.66
51.44 419.75 312.32 3.00 0.00 8.00 14.63 10.43 3.19 2.86
70.17 310.38 327.69 3.00 0.00 21.00 17.64 7.95 0.72 8.02
69.72 281.54 332.38 1.00 1.00 23.00 15.82 8.05 0.00 0.00
51.78 353.34 350.23 3.00 4.00 7.00 12.54 11.42 6.34 3.11
44.83 432.64 327.68 4.00 3.00 4.00 13.39 12.41 4.55 4.10
31.06 493.40 227.39 3.00 7.00 2.00 12.03 12.68 8.09 4.28
30.06 458.78 214.24 5.00 11.00 2.00 11.03 12.34 10.22 2.59
52.11 357.12 371.47 4.00 6.00 4.00 12.68 12.23 1.47 2.57
46.44 323.30 323.08 2.00 8.00 3.00 10.17 11.98 6.98 0.25
36.89 414.15 259.81 3.00 6.00 2.00 11.05 12.20 0.82 2.24
39.28 394.77 248.31 3.00 8.00 3.00 10.96 10.84 5.10 6.32
55.06 274.62 251.75 2.00 7.00 10.00 10.27 7.83 6.68 4.95
72.56 213.67 371.44 2.00 1.00 15.00 13.19 8.73 1.71 4.37
54.22 317.78 327.14 5.00 4.00 8.00 11.76 10.21 2.98 6.25
36.44 490.08 258.15 5.00 4.00 2.00 13.09 12.04 5.01 2.13
31.39 576.89 231.70 2.00 1.00 1.00 14.23 12.75 3.61 1.72
60.83 319.43 258.49 2.00 0.00 11.00 13.83 7.28 4.82 9.08
79.89 86.64 329.14 2.00 3.00 13.00 7.24 6.95 2.85 3.37
39.00 253.38 187.29 2.00 11.00 3.00 6.95 8.03 0.00 8.90
35.17 265.24 122.20 1.00 11.00 6.00 6.84 5.82 0.00 0.00
41.39 175.87 131.21 1.00 20.00 9.00 5.02 5.32 0.00 0.00
40.33 195.14 153.11 3.00 20.00 7.00 5.48 6.73 2.80 4.53
64.61 150.68 233.94 2.00 8.00 10.00 7.13 6.47 2.62 15.95
59.44 206.75 215.39 2.00 6.00 8.00 8.53 6.30 6.86 3.35
44.54 263.75 197.86 5.00 8.00 4.00 8.07 7.69 6.21 3.49
36.54 310.89 193.89 3.00 9.00 2.00 8.33 9.43 8.33 3.00
42.61 331.24 139.37 1.00 5.00 14.00 9.69 5.62 0.00 0.00
54.47 252.48 170.56 2.00 5.00 17.00 9.41 5.31 0.00 5.65
56.97 173.44 260.69 1.00 9.00 6.00 6.82 7.84 0.02 0.00
46.86 177.35 231.25 2.00 11.00 5.00 5.59 8.36 4.17 2.78
