44.22 3752.84 2604.13 29.00 44.00 50.00 12.68 11.18 7.18 7.35
42.67 3810.48 2497.59 28.00 48.00 49.00 12.49 11.11 7.43 7.44
44.26 3728.98 2581.47 29.00 47.00 51.00 12.59 11.08 6.29 7.31
45.18 3608.49 2619.88 29.00 47.00 50.00 12.38 11.01 6.46 7.54
45.58 3563.30 2591.07 29.00 47.00 56.00 12.32 10.81 6.38 7.55
47.57 3457.12 2669.45 28.00 44.00 62.00 12.38 10.65 6.37 7.85
47.97 3441.12 2694.77 31.00 44.00 61.00 12.43 10.66 6.36 7.75
47.84 3481.70 2697.87 30.00 41.00 61.00 12.55 10.70 6.30 7.79
47.06 3528.79 2622.60 29.00 40.00 61.00 12.53 10.58 6.44 7.86
50.18 3336.82 2646.45 27.00 36.00 71.00 12.58 10.01 6.46 8.62
51.40 3184.90 2678.63 27.00 39.00 70.00 12.31 9.87 6.40 8.82
48.80 3169.04 2521.42 26.00 47.00 66.00 11.61 9.78 7.45 9.08
47.51 3139.76 2473.08 25.00 51.00 54.00 11.21 9.85 7.31 6.92
45.65 3063.29 2320.40 26.00 66.00 52.00 10.56 9.62 8.79 6.81
46.23 2982.04 2275.75 25.00 67.00 53.00 10.37 9.36 8.72 6.82
47.85 2781.14 2226.85 24.00 71.00 58.00 9.97 8.87 8.85 8.59
49.39 2695.25 2264.33 24.00 65.00 59.00 9.96 8.73 8.35 8.37
49.46 2586.31 2210.32 24.00 68.00 60.00 9.58 8.52 8.52 8.64
47.68 2649.14 2086.75 23.00 68.00 57.00 9.47 8.36 8.62 8.55
49.04 2594.09 2027.01 23.00 65.00 71.00 9.52 7.88 9.88 8.58
49.63 2487.97 1996.21 22.00 67.00 72.00 9.24 7.67 9.87 8.79
51.00 2372.76 2039.24 21.00 66.00 74.00 9.06 7.62 9.72 9.54
48.71 2390.71 1976.06 22.00 71.00 67.00 8.72 7.72 9.79 9.55
