39.84 878.23 525.92 5.00 10.00 6.00 12.37 11.24 9.64 4.27
33.81 961.94 448.10 5.00 13.00 5.00 12.30 11.32 9.15 4.58
37.89 878.74 466.95 5.00 14.00 8.00 11.99 10.49 5.64 3.68
42.53 830.85 551.81 6.00 11.00 6.00 12.28 11.07 5.15 3.73
36.07 929.04 528.06 7.00 12.00 4.00 12.36 12.56 5.10 2.18
36.89 930.65 539.65 8.00 12.00 4.00 12.48 12.48 5.17 2.52
40.22 919.90 577.66 8.00 9.00 5.00 13.05 12.32 5.79 3.79
45.61 884.66 622.24 8.00 5.00 9.00 13.80 11.71 5.02 3.88
55.53 741.14 600.79 7.00 4.00 25.00 14.13 9.23 4.92 7.43
60.58 702.76 644.69 4.00 1.00 31.00 15.10 9.05 2.75 13.88
60.97 663.73 677.98 6.00 4.00 29.00 14.50 9.43 5.13 13.55
57.28 714.26 660.06 5.00 4.00 27.00 14.25 9.75 5.54 14.51
41.42 846.74 577.83 6.00 11.00 10.00 12.24 11.88 7.40 4.16
37.44 891.61 541.92 9.00 14.00 6.00 12.06 12.38 7.93 3.69
41.58 850.66 598.85 7.00 14.00 6.00 12.29 12.40 7.68 3.59
38.25 782.08 537.47 7.00 19.00 5.00 10.66 12.11 8.98 3.36
44.50 771.49 631.28 7.00 12.00 6.00 11.75 12.22 5.10 2.44
42.86 718.22 571.38 5.00 16.00 6.00 10.58 11.46 5.70 4.91
45.97 688.77 512.85 5.00 13.00 12.00 10.73 9.59 4.95 5.31
55.92 608.43 619.96 5.00 9.00 18.00 11.65 9.47 5.85 5.54
54.64 592.39 578.96 7.00 11.00 18.00 11.02 9.01 5.67 6.67
54.50 704.12 629.58 7.00 5.00 17.00 13.12 9.84 4.22 5.30
42.81 894.67 559.52 7.00 5.00 9.00 13.24 11.14 5.13 5.27
48.64 810.11 516.64 7.00 4.00 13.00 13.38 9.07 5.90 8.13
55.64 663.75 560.84 4.00 4.00 14.00 12.63 8.56 5.31 8.68
49.92 572.87 445.79 4.00 11.00 14.00 9.61 7.58 9.60 9.57
57.53 351.88 451.34 3.00 15.00 19.00 6.93 6.61 9.38 3.06
40.19 429.24 318.65 3.00 31.00 12.00 6.00 6.63 2.85 6.75
37.75 460.86 275.31 4.00 31.00 13.00 6.19 6.30 13.86 6.87
53.00 326.55 365.34 3.00 28.00 19.00 5.81 6.00 12.37 14.34
49.89 401.89 369.07 5.00 26.00 15.00 6.71 6.48 5.68 11.94
54.64 414.62 431.80 7.00 16.00 14.00 7.70 6.98 6.17 11.04
48.07 517.98 409.28 5.00 15.00 10.00 8.41 7.47 7.75 3.15
43.57 594.99 337.63 6.00 13.00 18.00 8.90 6.68 12.57 4.27
45.51 563.87 364.46 5.00 14.00 19.00 8.78 6.92 12.36 6.11
49.75 504.68 400.13 2.00 14.00 20.00 8.46 6.89 10.22 2.95
50.64 429.84 402.23 4.00 16.00 22.00 7.34 6.73 3.72 10.07
