44.98 2902.17 2005.07 22.00 30.00 43.00 12.79 10.86 6.93 8.13
43.93 3028.21 1960.12 21.00 29.00 44.00 13.07 10.86 6.91 8.30
44.19 2957.35 1950.19 22.00 34.00 45.00 12.83 10.75 6.03 8.27
45.85 2890.27 2048.35 24.00 31.00 44.00 12.93 10.90 6.37 8.07
45.47 2874.32 2078.21 24.00 34.00 44.00 12.77 11.17 6.19 7.84
45.18 2848.53 2049.49 23.00 35.00 44.00 12.55 11.07 6.53 7.97
46.06 2848.72 2114.52 24.00 33.00 43.00 12.78 11.22 6.50 7.85
45.94 2777.58 2068.07 23.00 36.00 44.00 12.41 11.00 6.70 8.23
48.28 2634.12 2063.01 22.00 35.00 52.00 12.31 10.44 6.83 8.45
50.62 2526.34 2129.81 20.00 32.00 58.00 12.35 10.27 6.64 8.70
50.18 2521.15 2117.11 23.00 35.00 56.00 12.22 10.29 6.60 8.56
48.48 2595.57 2075.64 22.00 36.00 52.00 12.17 10.43 6.78 8.70
44.64 2787.66 2021.74 22.00 36.00 35.00 12.16 11.06 6.68 5.03
47.21 2633.98 2001.76 23.00 35.00 40.00 12.05 10.36 6.78 6.33
48.66 2521.17 2000.44 21.00 35.00 40.00 11.84 10.03 6.63 6.78
46.37 2454.59 1861.36 21.00 43.00 39.00 11.02 9.79 7.87 6.93
49.25 2292.87 1895.25 19.00 39.00 44.00 10.88 9.36 6.74 7.12
47.99 2171.68 1778.33 17.00 52.00 46.00 10.04 9.01 8.89 7.35
47.56 2131.16 1676.89 18.00 53.00 47.00 9.77 8.61 8.86 7.39
50.59 1998.90 1689.38 17.00 52.00 53.00 9.73 8.18 8.89 9.45
50.79 1923.76 1631.75 17.00 53.00 53.00 9.38 7.86 9.17 9.42
51.35 1868.08 1638.71 19.00 52.00 54.00 9.24 7.82 9.01 9.33
48.16 1960.37 1573.83 18.00 55.00 45.00 9.09 8.03 9.20 9.28
47.07 1985.28 1407.04 18.00 56.00 53.00 9.02 7.34 10.69 9.18
48.19 1895.58 1416.58 15.00 56.00 54.00 8.80 7.22 10.66 9.40
49.99 1668.04 1409.66 14.00 61.00 57.00 8.01 6.92 11.02 10.11
50.41 1495.82 1416.54 15.00 66.00 58.00 7.24 6.89 11.08 10.27
