38.55 2238.38 1327.08 16.00 26.00 14.00 12.36 11.78 7.43 3.75
45.30 2110.61 1372.29 16.00 23.00 34.00 13.08 10.34 5.25 5.69
47.03 2023.66 1479.15 17.00 20.00 37.00 12.99 10.73 5.28 8.96
46.69 2077.10 1483.24 17.00 20.00 37.00 13.21 10.84 6.21 9.18
49.20 1945.14 1550.15 17.00 22.00 40.00 12.98 10.76 6.63 9.10
48.40 1928.76 1536.86 16.00 24.00 38.00 12.65 10.86 6.87 9.06
45.38 1892.99 1462.15 15.00 31.00 26.00 11.71 11.04 7.25 4.86
45.87 1857.42 1438.92 17.00 31.00 26.00 11.58 10.75 6.95 5.44
45.93 1940.77 1443.91 16.00 24.00 25.00 12.13 10.76 5.57 5.07
51.49 1670.30 1401.58 14.00 21.00 34.00 11.62 9.28 5.32 7.53
51.14 1521.39 1262.68 12.00 27.00 38.00 10.49 8.38 7.35 8.14
48.20 1442.39 1163.97 13.00 40.00 35.00 9.36 8.24 9.75 8.09
49.24 1331.37 1052.12 10.00 42.00 35.00 8.80 7.33 10.13 10.47
50.31 1065.48 1014.31 11.00 50.00 36.00 7.20 6.95 10.87 10.31
45.19 1231.83 855.73 11.00 51.00 40.00 7.56 6.55 11.87 9.48
47.54 1143.45 965.20 12.00 51.00 39.00 7.34 7.03 9.36 10.22
