43.23 3395.57 2232.66 25.00 37.00 46.00 12.68 11.02 7.12 7.84
42.20 3487.17 2174.36 26.00 40.00 46.00 12.76 10.99 7.48 7.81
45.18 3314.61 2321.65 26.00 41.00 49.00 12.81 10.97 6.23 7.67
45.92 3213.57 2371.58 26.00 39.00 47.00 12.58 11.03 6.45 7.66
44.39 3288.68 2338.03 27.00 40.00 46.00 12.53 11.27 6.28 7.43
44.44 3243.45 2297.80 26.00 43.00 47.00 12.33 11.04 6.53 7.80
47.19 3123.34 2367.56 26.00 40.00 53.00 12.51 10.73 6.60 7.93
49.26 2991.24 2439.73 25.00 37.00 59.00 12.47 10.58 6.48 8.22
49.02 2951.90 2390.22 27.00 39.00 60.00 12.25 10.41 6.52 8.18
48.85 3016.79 2387.95 25.00 36.00 60.00 12.46 10.43 6.41 8.23
47.83 3098.04 2349.49 25.00 36.00 57.00 12.55 10.49 6.47 8.17
50.02 2915.60 2334.13 24.00 36.00 63.00 12.33 9.96 6.80 9.08
49.05 2874.52 2350.88 24.00 39.00 48.00 11.92 10.22 6.60 6.64
46.18 2887.43 2189.05 25.00 46.00 43.00 11.32 10.11 7.51 6.63
46.97 2786.42 2122.64 22.00 47.00 46.00 11.07 9.63 7.41 7.04
45.75 2630.46 1992.72 22.00 63.00 48.00 10.20 9.28 9.23 7.08
48.13 2488.49 2048.36 22.00 59.00 51.00 10.10 9.10 8.46 6.89
50.07 2322.36 2012.46 19.00 60.00 56.00 9.78 8.61 8.52 9.02
49.05 2337.91 1892.86 20.00 59.00 55.00 9.64 8.26 8.70 8.95
49.84 2262.85 1887.24 22.00 60.00 57.00 9.50 8.12 8.81 9.00
49.03 2234.99 1825.64 20.00 62.00 55.00 9.22 8.00 9.01 8.93
50.26 2199.32 1778.48 20.00 57.00 68.00 9.30 7.59 10.19 8.87
48.94 2213.35 1744.39 20.00 60.00 62.00 9.13 7.64 10.12 9.11
48.29 2158.72 1667.81 19.00 65.00 59.00 8.79 7.41 10.11 9.91
48.02 2072.93 1648.24 17.00 67.00 59.00 8.39 7.36 10.13 9.89
