37.42 1316.96 749.42 8.00 17.00 9.00 11.91 11.40 8.33 3.57
33.87 1427.75 677.83 8.00 20.00 8.00 12.16 11.36 8.02 3.64
38.45 1369.34 771.50 9.00 19.00 9.00 12.57 11.41 5.48 3.61
41.61 1295.69 861.73 11.00 16.00 7.00 12.58 11.80 5.37 3.60
37.69 1359.86 801.17 11.00 16.00 8.00 12.36 12.16 5.52 3.30
41.74 1350.53 851.96 11.00 12.00 12.00 13.07 11.64 5.48 3.43
50.20 1230.35 905.35 11.00 9.00 26.00 13.97 10.27 5.08 6.37
53.65 1167.67 954.61 9.00 6.00 32.00 14.25 10.11 4.61 11.59
54.28 1094.48 951.09 10.00 8.00 33.00 13.58 9.93 5.52 11.30
55.33 1135.48 972.38 8.00 4.00 35.00 14.40 9.96 4.52 11.73
51.00 1157.13 905.58 9.00 11.00 32.00 13.34 10.07 6.67 11.76
48.20 1173.23 874.29 10.00 15.00 29.00 12.78 10.28 7.88 11.59
44.98 1204.01 949.29 10.00 18.00 14.00 12.37 12.02 7.35 3.78
40.44 1214.91 865.15 11.00 22.00 9.00 11.49 12.23 7.72 3.64
40.02 1265.03 858.67 10.00 20.00 8.00 11.86 12.34 7.48 3.25
38.59 1177.00 785.77 10.00 27.00 8.00 10.75 11.68 8.23 4.49
48.02 1046.10 884.32 9.00 19.00 16.00 11.32 10.54 5.71 4.60
52.76 931.89 943.04 7.00 17.00 21.00 11.09 10.20 6.11 5.16
48.72 1006.55 840.07 10.00 17.00 20.00 11.03 9.82 5.17 6.30
49.43 1098.89 878.11 10.00 13.00 20.00 12.25 10.10 5.51 6.17
46.89 1169.29 811.33 9.00 12.00 19.00 12.40 9.84 5.81 5.74
56.61 1024.15 888.08 9.00 5.00 28.00 13.34 8.93 5.21 7.84
55.17 981.53 888.66 9.00 8.00 22.00 12.34 9.11 5.01 8.57
45.43 1063.55 703.93 9.00 15.00 16.00 10.96 8.77 8.09 8.42
48.81 928.99 683.05 5.00 16.00 20.00 10.17 7.90 6.99 8.06
47.07 748.74 577.14 5.00 31.00 23.00 7.91 6.91 11.76 7.84
51.80 547.50 604.45 6.00 35.00 26.00 6.33 6.64 12.79 8.41
48.33 579.93 552.78 5.00 39.00 22.00 6.26 6.56 12.66 11.46
44.98 667.62 491.28 6.00 37.00 21.00 6.77 6.30 11.60 11.42
50.20 590.49 563.20 8.00 36.00 23.00 6.64 6.50 10.75 10.36
45.48 713.12 562.97 8.00 35.00 17.00 7.33 7.26 7.09 9.89
50.61 745.87 571.57 8.00 21.00 28.00 8.47 6.59 10.55 9.94
50.20 770.96 579.84 7.00 20.00 27.00 8.71 6.68 10.76 5.69
48.02 768.43 598.39 7.00 22.00 24.00 8.33 7.14 10.63 8.49
45.97 741.23 596.12 7.00 25.00 24.00 7.73 7.42 10.38 8.78
