43.84 2548.83 1654.77 19.00 26.00 35.00 12.83 10.75 7.01 5.39
43.78 2595.49 1632.44 17.00 26.00 40.00 13.02 10.60 7.03 8.95
46.38 2463.95 1722.59 19.00 27.00 42.00 13.00 10.54 5.45 8.63
48.49 2431.30 1834.11 19.00 20.00 42.00 13.36 10.75 5.32 8.65
44.36 2517.06 1706.75 20.00 27.00 40.00 12.79 10.96 5.97 8.51
44.97 2525.23 1726.26 21.00 27.00 41.00 12.94 10.91 6.44 8.44
47.59 2434.36 1854.71 21.00 27.00 41.00 13.13 11.09 6.38 8.34
47.05 2382.66 1819.76 20.00 28.00 41.00 12.69 11.02 6.68 8.48
47.15 2359.51 1809.97 20.00 28.00 42.00 12.60 10.94 6.74 8.45
46.96 2312.67 1758.15 18.00 31.00 43.00 12.28 10.66 6.90 8.93
49.51 2203.37 1789.90 18.00 31.00 48.00 12.30 10.30 6.94 8.94
50.48 2105.12 1817.49 17.00 32.00 50.00 11.97 10.24 7.11 9.36
46.85 2210.76 1789.36 20.00 35.00 34.00 11.72 10.87 6.86 5.32
44.94 2313.96 1743.26 21.00 35.00 29.00 11.84 11.06 6.75 5.14
43.45 2434.31 1671.30 19.00 32.00 27.00 12.11 10.99 6.73 5.07
47.60 2201.15 1674.07 19.00 32.00 36.00 11.82 10.04 7.14 6.64
51.59 2027.63 1773.05 18.00 27.00 38.00 11.79 9.77 5.54 6.88
49.09 1995.81 1646.97 16.00 32.00 37.00 11.02 9.54 7.14 7.33
48.77 1935.54 1523.79 15.00 33.00 40.00 10.60 8.85 6.86 7.70
48.25 1848.22 1455.25 15.00 44.00 43.00 10.02 8.54 9.41 7.76
49.34 1717.01 1415.78 15.00 47.00 45.00 9.50 8.16 9.42 7.73
52.47 1604.14 1440.86 14.00 44.00 50.00 9.46 7.84 9.19 10.02
50.07 1649.14 1379.94 15.00 46.00 43.00 9.25 7.86 9.40 9.89
47.81 1654.04 1267.28 17.00 51.00 39.00 8.89 7.59 9.52 9.66
47.15 1642.60 1246.01 13.00 51.00 37.00 8.71 7.60 9.72 9.77
48.84 1494.61 1148.90 13.00 52.00 51.00 8.18 6.75 11.88 9.58
51.00 1318.46 1184.87 13.00 55.00 53.00 7.54 6.66 11.84 9.78
48.18 1348.55 1151.17 12.00 61.00 46.00 7.29 6.85 11.69 10.16
45.47 1409.18 1087.40 13.00 62.00 45.00 7.24 6.87 11.00 10.12
