43.48 4167.20 2863.95 32.00 50.00 52.00 12.49 11.27 7.11 7.03
42.33 4205.40 2745.90 31.00 56.00 52.00 12.33 11.08 7.31 7.34
45.34 4003.59 2834.51 31.00 54.00 61.00 12.40 10.69 6.38 7.41
47.93 3822.16 2991.54 31.00 48.00 65.00 12.42 10.67 6.32 7.60
46.45 3881.08 2918.28 34.00 51.00 64.00 12.27 10.74 6.20 7.43
46.46 3947.58 2927.60 33.00 48.00 64.00 12.47 10.76 6.24 7.48
46.31 4018.01 2927.15 33.00 45.00 62.00 12.66 10.80 6.30 7.48
49.14 3801.73 2956.37 32.00 41.00 72.00 12.65 10.28 6.36 8.22
50.34 3615.65 2951.74 31.00 43.00 74.00 12.31 10.00 6.37 8.51
49.06 3590.26 2833.74 29.00 47.00 74.00 11.90 9.85 7.13 8.65
49.77 3450.14 2800.83 28.00 51.00 76.00 11.59 9.58 7.13 8.89
48.06 3344.91 2652.78 27.00 67.00 75.00 10.86 9.39 8.68 9.06
46.79 3335.38 2626.19 28.00 71.00 61.00 10.57 9.59 8.52 6.72
47.54 3213.97 2554.54 28.00 74.00 62.00 10.32 9.21 8.46 8.23
47.56 3188.79 2491.71 27.00 73.00 61.00 10.23 8.98 8.61 8.20
47.52 3045.08 2424.71 29.00 79.00 62.00 9.77 8.76 8.79 8.22
48.12 3006.48 2458.22 27.00 74.00 61.00 9.76 8.78 8.32 8.05
48.78 2917.55 2350.09 25.00 73.00 74.00 9.59 8.27 9.49 8.27
48.35 2902.12 2257.31 25.00 73.00 74.00 9.46 8.01 9.46 8.47
49.82 2767.53 2287.77 24.00 74.00 77.00 9.29 7.88 9.46 9.18
49.35 2665.32 2227.87 24.00 78.00 77.00 8.86 7.73 9.58 9.24
