38.55 2238.38 1327.08 16.00 26.00 14.00 12.36 11.78 7.43 3.75
38.58 2312.48 1300.06 16.00 25.00 17.00 12.74 11.53 7.49 3.77
45.30 2110.61 1372.29 16.00 23.00 34.00 13.08 10.34 5.25 5.69
49.22 1998.58 1506.43 15.00 17.00 38.00 13.36 10.44 5.18 9.42
47.03 2023.66 1479.15 17.00 20.00 37.00 12.99 10.73 5.28 8.96
47.96 2066.26 1512.02 16.00 16.00 39.00 13.46 10.74 5.23 9.20
46.69 2077.10 1483.24 17.00 20.00 37.00 13.21 10.84 6.21 9.18
47.17 2059.35 1496.53 18.00 20.00 38.00 13.21 10.83 6.59 9.07
49.20 1945.14 1550.15 17.00 22.00 40.00 12.98 10.76 6.63 9.10
48.50 1917.75 1509.84 15.00 23.00 40.00 12.59 10.64 6.96 9.34
48.40 1928.76 1536.86 16.00 24.00 38.00 12.65 10.86 6.87 9.06
46.07 1891.45 1445.83 15.00 31.00 35.00 11.85 10.72 7.41 9.69
45.38 1892.99 1462.15 15.00 31.00 26.00 11.71 11.04 7.25 4.86
46.63 1823.50 1485.12 16.00 31.00 27.00 11.54 10.90 7.13 5.35
45.87 1857.42 1438.92 17.00 31.00 26.00 11.58 10.75 6.95 5.44
44.96 1881.12 1415.58 17.00 32.00 25.00 11.53 10.78 7.15 5.32
45.93 1940.77 1443.91 16.00 24.00 25.00 12.13 10.76 5.57 5.07
51.11 1742.37 1459.68 14.00 21.00 34.00 12.04 9.77 6.05 7.06
51.49 1670.30 1401.58 14.00 21.00 34.00 11.62 9.28 5.32 7.53
49.62 1672.36 1323.90 14.00 24.00 34.00 11.20 9.08 7.36 7.80
51.14 1521.39 1262.68 12.00 27.00 38.00 10.49 8.38 7.35 8.14
50.04 1453.46 1206.72 12.00 36.00 40.00 9.80 8.18 9.90 8.08
48.20 1442.39 1163.97 13.00 40.00 35.00 9.36 8.24 9.75 8.09
48.46 1390.10 1069.42 12.00 43.00 35.00 9.07 7.58 9.77 10.64
49.24 1331.37 1052.12 10.00 42.00 35.00 8.80 7.33 10.13 10.47
50.09 1163.36 1009.13 12.00 47.00 37.00 7.83 6.94 10.67 10.53
50.31 1065.48 1014.31 11.00 50.00 36.00 7.20 6.95 10.87 10.31
46.43 1175.11 890.40 11.00 52.00 40.00 7.36 6.61 12.76 9.42
45.19 1231.83 855.73 11.00 51.00 40.00 7.56 6.55 11.87 9.48
50.02 1095.17 963.72 10.00 50.00 43.00 7.37 6.66 11.32 10.67
47.54 1143.45 965.20 12.00 51.00 39.00 7.34 7.03 9.36 10.22
