37.96 1807.56 1053.98 12.00 22.00 10.00 12.36 11.86 7.67 3.37
35.35 1892.60 987.75 13.00 25.00 9.00 12.39 11.92 7.72 3.58
39.06 1800.15 1044.61 13.00 23.00 13.00 12.52 11.42 5.71 4.02
44.08 1715.57 1174.05 14.00 16.00 15.00 13.02 11.40 5.56 3.83
45.83 1670.31 1128.85 14.00 16.00 29.00 13.09 10.54 4.99 5.73
48.74 1633.55 1184.34 12.00 13.00 35.00 13.49 10.35 5.02 10.26
50.60 1583.69 1255.64 14.00 13.00 34.00 13.62 10.57 5.43 9.81
51.44 1600.39 1282.30 13.00 9.00 36.00 14.01 10.62 4.99 10.08
48.47 1587.88 1178.69 13.00 15.00 36.00 13.06 10.36 6.49 10.30
49.01 1594.45 1186.61 13.00 15.00 37.00 13.23 10.32 6.92 10.28
51.28 1514.39 1277.05 13.00 18.00 36.00 13.17 10.62 6.81 9.95
47.76 1496.53 1197.53 12.00 23.00 32.00 12.11 10.69 7.67 10.34
42.96 1618.37 1209.11 13.00 24.00 16.00 12.00 12.05 7.25 3.51
40.15 1609.84 1113.46 14.00 30.00 12.00 11.35 11.89 7.52 4.39
43.78 1539.65 1111.71 12.00 27.00 18.00 11.54 10.92 7.42 4.85
47.08 1390.67 1157.43 12.00 28.00 23.00 11.07 10.54 7.73 5.55
49.57 1363.88 1211.53 14.00 23.00 24.00 11.42 10.45 5.55 5.52
48.68 1422.35 1201.19 12.00 21.00 23.00 11.70 10.55 5.89 5.63
44.39 1583.44 1072.44 12.00 18.00 21.00 12.02 10.34 5.34 5.63
52.28 1418.91 1136.60 12.00 13.00 31.00 12.58 9.29 5.85 7.59
55.14 1256.15 1140.47 11.00 15.00 32.00 11.82 8.79 5.70 8.02
52.21 1277.59 1075.37 11.00 16.00 31.00 11.28 8.76 7.48 8.08
50.17 1246.77 1010.87 10.00 20.00 28.00 10.53 8.53 7.40 8.69
44.42 1239.42 835.29 10.00 35.00 25.00 9.38 7.96 10.53 8.52
46.69 1124.61 836.15 8.00 36.00 27.00 8.86 7.65 10.33 8.13
51.46 899.42 811.27 7.00 39.00 33.00 7.77 6.78 11.31 10.84
53.71 754.25 820.41 8.00 41.00 34.00 6.82 6.55 11.76 11.01
47.39 843.87 750.64 10.00 47.00 26.00 6.73 6.83 11.66 10.42
42.89 978.85 685.17 9.00 46.00 23.00 7.20 6.95 10.53 9.94
48.30 921.73 702.96 9.00 41.00 37.00 7.49 6.31 12.50 9.49
47.71 966.10 733.53 10.00 40.00 34.00 7.78 6.69 9.96 9.50
52.19 919.31 832.33 9.00 30.00 34.00 8.10 6.94 9.46 11.02
49.36 948.32 811.51 9.00 31.00 32.00 7.89 7.08 9.79 8.11
