57.42 2893.51 2961.34 21.00 52.00 128.00 11.40 8.65 7.86 20.80
58.27 2874.54 2924.89 19.00 49.00 127.00 11.56 8.41 7.66 23.21
57.47 2775.61 2830.83 19.00 58.00 127.00 10.94 8.25 7.97 23.27
55.75 2622.40 2675.56 17.00 68.00 126.00 9.93 8.03 12.28 24.15
58.91 2366.45 2669.72 16.00 65.00 142.00 9.64 7.58 13.29 24.21
59.41 2315.27 2474.86 16.00 64.00 154.00 9.56 6.99 13.34 25.76
62.21 2091.79 2436.51 17.00 62.00 170.00 9.27 6.57 13.61 24.77
60.04 2055.98 2352.88 15.00 75.00 161.00 8.61 6.57 13.66 26.18
58.20 1979.34 2250.44 16.00 90.00 155.00 7.93 6.49 16.26 25.75
59.87 1797.62 2231.24 14.00 92.00 166.00 7.49 6.25 16.78 26.04
59.01 1702.03 2174.49 13.00 98.00 166.00 6.95 6.18 18.44 26.37
57.66 1709.98 2024.10 11.00 100.00 165.00 6.75 5.89 20.62 26.96
57.06 1608.14 1980.77 11.00 106.00 165.00 6.26 5.82 20.60 19.81
55.19 1700.35 1958.98 11.00 108.00 150.00 6.34 5.96 20.00 18.51
51.44 1826.80 1876.50 12.00 116.00 130.00 6.28 6.13 19.92 18.36
51.74 1818.98 1853.91 12.00 115.00 137.00 6.29 6.02 20.51 18.01
47.68 1902.91 1672.47 11.00 125.00 132.00 6.07 5.89 19.40 17.64
43.96 1978.98 1523.72 11.00 137.00 122.00 5.90 5.83 22.58 17.64
44.05 1947.77 1520.38 11.00 136.00 123.00 5.81 5.80 22.41 17.59
45.38 1867.00 1519.39 11.00 136.00 129.00 5.71 5.63 22.64 14.87
44.73 1909.38 1577.53 12.00 136.00 119.00 5.77 5.95 22.84 14.02
