45.37 2021.92 1497.15 13.00 25.00 38.00 12.42 11.11 5.65 9.76
45.67 1977.79 1436.33 14.00 29.00 39.00 12.21 10.57 6.48 9.54
59.51 1388.80 1451.92 10.00 25.00 81.00 11.52 8.18 6.93 18.89
64.76 1159.42 1420.46 10.00 24.00 88.00 11.05 7.34 6.60 25.66
61.44 1122.72 1358.44 9.00 34.00 77.00 9.77 7.40 9.91 28.59
69.47 871.59 1464.19 8.00 26.00 90.00 9.57 7.05 10.51 28.83
69.28 797.82 1394.35 5.00 29.00 88.00 8.68 6.73 10.22 22.34
58.30 977.65 1217.74 6.00 40.00 60.00 7.84 6.98 18.22 20.42
59.66 932.36 1015.80 7.00 38.00 82.00 7.73 5.72 18.71 21.30
54.96 856.62 891.85 7.00 56.00 78.00 6.36 5.46 20.98 21.45
48.54 830.43 710.20 5.00 72.00 76.00 5.39 4.93 22.74 17.50
44.83 810.22 586.43 6.00 77.00 77.00 4.91 4.41 22.75 17.38
44.57 849.14 658.60 6.00 76.00 70.00 5.12 5.00 20.94 8.34
35.70 970.54 656.46 4.00 87.00 50.00 5.04 6.19 12.18 6.94
33.14 1091.16 628.44 4.00 80.00 45.00 5.44 6.37 18.33 11.30
40.92 1078.85 867.33 7.00 64.00 43.00 6.10 7.15 20.17 9.98
