41.58 971.38 656.01 7.00 8.00 8.00 13.98 13.38 6.03 4.37
46.28 934.43 732.30 6.00 6.00 7.00 14.63 13.40 4.73 7.68
45.22 888.70 688.76 5.00 8.00 9.00 13.60 12.83 5.64 12.57
54.08 701.07 655.86 5.00 8.00 20.00 12.82 10.17 5.34 11.87
60.08 604.08 667.74 3.00 6.00 29.00 12.71 9.30 4.51 11.15
46.50 773.25 495.24 4.00 9.00 24.00 12.13 8.92 5.17 9.40
42.00 750.00 425.64 5.00 13.00 22.00 10.84 8.49 4.25 8.77
42.86 722.95 538.68 6.00 16.00 14.00 10.62 10.56 7.18 2.38
38.69 784.22 495.33 7.00 19.00 9.00 10.74 10.78 7.54 3.84
56.22 554.05 546.20 5.00 15.00 28.00 10.62 8.15 9.21 11.65
76.94 338.74 610.78 4.00 7.00 51.00 12.39 6.64 7.95 24.76
81.25 250.86 577.98 1.00 6.00 56.00 11.25 5.94 8.42 0.00
92.94 70.68 672.73 1.00 3.00 58.00 8.48 6.04 0.00 0.00
86.50 158.04 654.27 1.00 5.00 48.00 9.86 6.31 0.37 0.00
64.92 338.51 574.20 2.00 15.00 24.00 8.07 7.39 12.58 21.27
49.08 516.87 476.45 4.00 18.00 15.00 8.48 8.12 11.69 18.54
53.78 462.17 469.13 3.00 16.00 24.00 8.35 7.29 11.69 12.06
55.86 454.11 496.69 3.00 14.00 19.00 8.60 7.42 5.41 23.71
58.28 459.31 531.24 3.00 14.00 20.00 9.20 7.62 7.29 23.02
51.47 430.55 426.16 1.00 20.00 20.00 7.41 6.91 23.25 0.00
49.03 444.80 364.30 2.00 21.00 22.00 7.28 6.21 24.72 10.03
51.95 375.03 282.36 3.00 20.00 35.00 6.53 4.61 26.85 23.67
68.93 205.13 294.43 3.00 12.00 52.00 5.53 3.61 0.53 19.78
75.58 134.18 333.24 3.00 15.00 56.00 4.61 3.73 9.39 19.39
56.57 217.47 248.31 3.00 31.00 42.00 4.19 3.74 21.50 11.59
48.78 255.67 251.63 2.00 37.00 35.00 4.17 4.33 19.57 3.35
26.00 360.24 163.42 1.00 50.00 18.00 4.06 5.31 3.33 0.00
30.97 376.89 210.05 2.00 41.00 18.00 4.55 5.69 0.00 4.65
32.97 413.02 225.72 2.00 35.00 19.00 5.14 5.74 16.92 10.25
32.83 456.63 274.04 2.00 31.00 12.00 5.67 7.04 6.03 0.87
39.11 463.41 312.85 3.00 25.00 16.00 6.35 6.74 5.20 5.78
51.64 359.96 407.65 2.00 21.00 27.00 6.21 6.63 13.63 8.83
46.06 365.45 364.51 1.00 22.00 25.00 5.65 6.65 1.33 0.00
30.42 437.10 219.00 1.00 34.00 20.00 5.24 6.01 0.00 0.00
27.97 459.48 218.17 1.00 35.00 17.00 5.32 6.53 22.88 0.00
17.28 564.82 142.14 3.00 39.00 7.00 5.70 6.93 7.67 2.94
39.05 468.57 374.29 4.00 27.00 11.00 6.43 8.14 8.87 6.91
