47.61 1271.56 1071.51 8.00 12.00 16.00 13.60 12.67 6.02 10.32
48.35 1303.89 981.13 8.00 9.00 22.00 14.16 11.40 5.17 9.97
50.31 1193.08 941.00 7.00 10.00 30.00 13.43 10.46 5.11 12.14
49.56 1104.87 902.37 7.00 14.00 30.00 12.25 10.18 5.11 12.26
47.89 1050.06 841.13 6.00 17.00 30.00 11.26 9.82 4.46 12.49
46.07 1092.41 787.48 8.00 19.00 29.00 11.34 9.55 6.91 7.24
45.96 1088.74 747.58 9.00 21.00 30.00 11.27 9.09 6.90 7.26
50.98 957.92 792.64 7.00 21.00 37.00 10.92 8.70 7.24 10.67
59.13 784.22 784.17 7.00 19.00 52.00 10.74 7.41 7.54 20.81
69.24 569.95 870.37 5.00 16.00 61.00 10.39 7.01 9.01 34.03
79.93 409.42 994.82 5.00 10.00 66.00 11.48 6.94 6.89 32.63
80.07 393.00 908.18 2.00 10.00 71.00 11.03 6.32 5.46 22.93
76.61 338.51 862.95 2.00 15.00 68.00 8.07 6.27 12.58 21.27
64.48 532.86 800.52 4.00 19.00 48.00 8.37 6.91 11.02 18.54
64.48 532.86 853.34 4.00 19.00 38.00 8.37 7.37 11.02 17.54
63.15 596.75 826.88 4.00 18.00 34.00 9.02 7.29 11.64 23.07
53.50 727.14 721.38 4.00 26.00 30.00 8.70 7.51 10.67 21.58
41.13 804.78 572.62 4.00 34.00 20.00 7.61 7.76 19.23 21.58
53.89 639.15 643.39 4.00 25.00 36.00 7.72 6.65 20.46 20.00
65.08 455.04 632.58 3.00 21.00 54.00 7.27 5.46 24.37 23.67
63.59 470.19 546.58 4.00 22.00 58.00 7.20 4.83 22.54 19.30
54.25 485.20 409.18 4.00 34.00 57.00 5.91 4.25 21.73 19.56
52.74 397.21 360.61 4.00 42.00 58.00 4.69 3.86 21.50 20.19
63.28 279.68 458.05 4.00 38.00 70.00 4.25 4.08 18.82 17.06
48.22 385.64 345.75 3.00 51.00 54.00 4.15 4.05 21.27 9.84
40.26 487.12 336.87 3.00 55.00 39.00 4.53 4.69 23.77 6.56
28.80 605.09 291.79 3.00 65.00 25.00 4.72 5.69 14.26 10.35
34.80 602.22 398.84 3.00 54.00 26.00 5.14 6.43 19.43 1.81
36.59 631.67 410.20 3.00 45.00 28.00 5.54 6.28 14.15 5.78
42.17 591.26 493.04 3.00 39.00 32.00 5.69 6.54 13.63 7.95
42.17 610.20 493.04 3.00 37.00 32.00 5.87 6.54 4.41 7.95
34.43 662.59 407.65 2.00 47.00 27.00 5.62 6.63 15.91 8.83
33.26 678.14 402.56 2.00 45.00 26.00 5.65 6.78 19.22 15.95
31.80 699.35 361.14 4.00 47.00 27.00 5.70 6.34 23.93 13.06
42.13 615.44 554.41 4.00 39.00 27.00 5.92 7.41 24.38 6.91
