52.39 382.42 382.75 3.00 4.00 7.00 13.59 12.40 4.22 4.56
36.89 602.54 325.27 3.00 1.00 2.00 16.11 15.08 2.91 2.40
30.78 588.52 273.26 4.00 4.00 1.00 14.25 15.04 6.57 1.73
55.67 331.62 407.03 3.00 5.00 5.00 12.55 12.30 1.08 10.14
59.67 299.70 415.50 1.00 4.00 8.00 12.49 11.69 0.00 0.00
52.50 369.46 248.73 2.00 3.00 14.00 13.09 7.93 5.52 1.42
60.50 304.03 252.25 2.00 2.00 21.00 12.94 6.96 2.97 9.08
40.50 403.79 246.44 2.00 6.00 9.00 11.37 10.21 4.70 0.95
23.50 445.48 173.39 3.00 11.00 1.00 9.76 12.47 4.12 0.83
45.22 319.09 292.24 4.00 10.00 5.00 9.80 10.86 9.30 2.51
53.89 338.74 321.94 4.00 7.00 8.00 12.39 10.04 7.95 4.51
67.22 234.97 253.82 1.00 5.00 23.00 11.99 6.33 0.00 0.00
100.00 0.00 288.69 0.00 0.00 43.00 0.00 4.82 0.00 0.00
95.28 15.90 324.07 0.00 1.00 33.00 5.89 5.67 0.00 0.00
85.89 70.68 383.97 1.00 3.00 14.00 8.48 7.47 0.00 0.00
77.72 142.05 330.20 1.00 4.00 15.00 10.68 7.10 0.00 0.00
43.94 267.82 189.98 1.00 12.00 10.00 7.97 7.24 0.00 0.00
20.44 374.23 146.25 3.00 14.00 0.00 7.86 12.02 5.75 2.42
63.61 194.35 278.99 2.00 4.00 14.00 8.93 7.33 5.75 12.03
91.28 79.88 350.22 0.00 0.00 19.00 15.36 6.40 0.00 0.00
52.94 264.96 252.15 1.00 10.00 6.00 9.41 7.97 8.25 0.00
11.67 350.54 75.94 1.00 19.00 1.00 6.63 10.95 0.00 0.00
45.11 179.74 112.15 1.00 11.00 16.00 5.47 4.15 0.00 0.00
92.41 24.01 206.42 2.00 1.00 34.00 5.38 3.80 0.00 26.43
92.86 25.39 182.13 2.00 1.00 36.00 6.05 3.34 0.53 7.72
58.83 110.17 126.82 1.00 14.00 21.00 4.47 3.63 9.68 0.00
20.44 192.07 65.98 1.00 30.00 6.00 4.03 5.54 0.00 0.00
38.72 145.43 124.81 1.00 23.00 14.00 3.96 5.40 0.00 0.00
31.56 168.17 97.34 0.00 20.00 12.00 4.10 5.17 0.00 0.00
23.22 231.30 85.24 1.00 18.00 4.00 5.02 6.16 0.00 0.00
34.39 244.75 128.38 2.00 15.00 7.00 6.23 6.26 0.00 10.25
42.44 225.33 188.65 1.00 13.00 7.00 6.54 7.53 6.03 0.00
43.83 218.66 184.32 1.00 10.00 9.00 6.49 7.12 0.00 0.00
60.83 134.47 219.00 1.00 8.00 20.00 5.74 6.01 0.00 0.00
48.28 146.79 180.12 0.00 12.00 16.00 4.74 6.23 0.00 0.00
0.00 302.57 0.00 0.00 26.00 0.00 5.05 0.00 0.00 0.00
7.67 312.62 38.05 1.00 23.00 1.00 5.65 8.46 0.00 0.00
34.56 262.18 142.14 3.00 12.00 7.00 6.70 6.93 7.67 2.94
70.53 155.89 336.24 3.00 4.00 10.00 8.91 8.11 2.83 6.43
