56.73 2699.16 2682.19 19.00 48.00 114.00 11.63 8.81 8.04 21.50
54.60 2794.66 2574.46 19.00 49.00 108.00 11.48 8.78 7.67 21.72
57.98 2510.65 2578.59 18.00 48.00 121.00 11.13 8.28 7.93 22.24
60.65 2271.73 2599.62 16.00 48.00 125.00 10.75 7.97 8.22 24.67
60.44 2186.62 2557.57 15.00 54.00 126.00 10.29 7.87 8.48 24.97
55.76 2290.78 2268.44 14.00 63.00 120.00 9.63 7.56 12.72 25.55
58.82 2066.39 2254.22 15.00 61.00 134.00 9.34 7.12 13.71 24.73
60.18 1945.81 2226.06 14.00 61.00 139.00 9.09 6.89 14.10 27.29
62.40 1787.26 2184.26 15.00 60.00 149.00 8.85 6.52 14.45 26.11
62.22 1652.12 2106.44 13.00 69.00 152.00 8.13 6.31 15.07 27.02
62.06 1533.86 2077.05 13.00 78.00 154.00 7.52 6.24 17.98 27.07
61.49 1478.53 1938.86 10.00 82.00 161.00 7.13 5.88 17.76 27.70
59.58 1363.29 1852.40 9.00 91.00 158.00 6.26 5.79 19.53 20.28
56.60 1475.02 1770.19 10.00 95.00 142.00 6.31 5.83 21.60 19.58
52.29 1608.14 1692.02 11.00 106.00 121.00 6.26 6.04 20.60 19.81
50.73 1684.36 1634.91 11.00 107.00 117.00 6.34 6.02 20.43 18.51
47.61 1756.11 1492.28 11.00 113.00 116.00 6.22 5.86 20.20 17.73
48.85 1676.34 1523.72 11.00 111.00 122.00 6.08 5.83 21.19 17.64
48.09 1635.08 1482.33 10.00 113.00 122.00 5.84 5.76 20.13 17.29
46.58 1604.75 1377.25 8.00 123.00 122.00 5.57 5.52 23.12 14.68
41.87 1753.42 1241.30 9.00 132.00 109.00 5.60 5.54 22.94 15.20
40.27 1786.99 1169.17 11.00 135.00 110.00 5.55 5.43 22.38 14.87
43.82 1644.32 1325.38 11.00 126.00 113.00 5.43 5.67 22.40 14.03
