45.37 2021.92 1497.15 13.00 25.00 38.00 12.42 11.11 5.65 9.76
46.16 2026.84 1519.88 14.00 25.00 37.00 12.65 11.08 6.11 9.33
45.67 1977.79 1436.33 14.00 29.00 39.00 12.21 10.57 6.48 9.54
52.22 1658.99 1448.57 12.00 29.00 58.00 11.65 9.31 6.68 12.02
59.51 1388.80 1451.92 10.00 25.00 81.00 11.52 8.18 6.93 18.89
60.14 1343.27 1365.62 9.00 25.00 85.00 11.32 7.60 7.24 26.99
64.76 1159.42 1420.46 10.00 24.00 88.00 11.05 7.34 6.60 25.66
65.19 1115.96 1447.01 8.00 26.00 85.00 10.76 7.43 6.66 29.69
61.44 1122.72 1358.44 9.00 34.00 77.00 9.77 7.40 9.91 28.59
61.18 1086.91 1346.82 9.00 34.00 76.00 9.38 7.37 10.35 28.67
69.47 871.59 1464.19 8.00 26.00 90.00 9.57 7.05 10.51 28.83
70.39 847.70 1404.87 5.00 24.00 90.00 9.58 6.67 10.05 32.91
69.28 797.82 1394.35 5.00 29.00 88.00 8.68 6.73 10.22 22.34
59.28 963.41 1226.89 5.00 39.00 68.00 7.91 6.91 17.30 22.34
58.30 977.65 1217.74 6.00 40.00 60.00 7.84 6.98 18.22 20.42
58.67 971.90 1109.24 7.00 39.00 69.00 7.86 6.35 19.15 23.63
59.66 932.36 1015.80 7.00 38.00 82.00 7.73 5.72 18.71 21.30
54.89 939.43 905.87 7.00 49.00 76.00 6.96 5.55 17.67 21.46
54.96 856.62 891.85 7.00 56.00 78.00 6.36 5.46 20.98 21.45
58.55 710.71 884.21 5.00 58.00 90.00 5.73 5.08 22.10 17.50
48.54 830.43 710.20 5.00 72.00 76.00 5.39 4.93 22.74 17.50
44.93 862.15 619.23 6.00 75.00 75.00 5.23 4.65 25.31 16.43
44.83 810.22 586.43 6.00 77.00 77.00 4.91 4.41 22.75 17.38
51.09 736.47 732.09 6.00 69.00 82.00 5.03 4.84 21.53 14.53
44.57 849.14 658.60 6.00 76.00 70.00 5.12 5.00 20.94 8.34
44.81 847.08 744.67 5.00 76.00 67.00 5.12 5.58 21.06 6.54
35.70 970.54 656.46 4.00 87.00 50.00 5.04 6.19 12.18 6.94
33.04 1039.48 617.85 4.00 88.00 46.00 5.18 6.27 15.79 6.94
33.14 1091.16 628.44 4.00 80.00 45.00 5.44 6.37 18.33 11.30
32.21 1156.14 635.18 6.00 78.00 39.00 5.69 6.63 18.98 10.98
40.92 1078.85 867.33 7.00 64.00 43.00 6.10 7.15 20.17 9.98
