46.79 2360.66 1819.09 17.00 33.00 46.00 12.42 10.91 6.54 8.87
49.67 2261.80 1773.84 15.00 30.00 60.00 12.58 10.01 6.24 11.09
54.72 1977.79 1725.18 14.00 29.00 82.00 12.21 8.81 6.48 17.07
59.40 1674.89 1772.74 12.00 30.00 91.00 11.55 8.33 6.87 24.62
63.91 1459.48 1835.96 11.00 28.00 96.00 11.32 8.01 6.71 24.91
63.07 1485.41 1695.81 10.00 29.00 100.00 11.26 7.50 6.55 26.92
61.29 1427.24 1610.68 11.00 36.00 98.00 10.31 7.33 9.08 26.16
57.73 1490.77 1593.26 11.00 40.00 85.00 9.85 7.70 8.95 26.65
61.81 1317.07 1637.58 11.00 38.00 91.00 9.63 7.39 9.32 26.36
66.19 1166.79 1697.25 9.00 34.00 95.00 9.64 7.14 10.14 29.71
66.71 1136.56 1716.44 9.00 36.00 96.00 9.53 7.17 10.07 29.57
60.60 1198.37 1480.81 6.00 44.00 91.00 8.47 6.81 16.02 32.64
65.25 977.65 1506.49 6.00 40.00 104.00 7.84 6.43 18.22 20.42
64.78 987.90 1433.32 7.00 40.00 102.00 7.82 6.19 18.16 23.63
64.04 1003.05 1400.02 8.00 41.00 96.00 7.78 6.11 17.74 21.48
58.70 1082.07 1236.07 8.00 53.00 91.00 7.30 5.90 17.57 21.48
53.12 1124.44 1081.99 8.00 68.00 88.00 6.68 5.71 20.19 21.06
52.20 1084.93 1030.68 8.00 72.00 90.00 6.32 5.54 19.81 20.07
51.06 1024.78 989.29 7.00 76.00 90.00 5.83 5.43 20.91 20.00
52.66 942.16 969.45 6.00 76.00 94.00 5.54 5.16 25.20 16.43
46.18 1075.28 838.58 7.00 87.00 83.00 5.56 5.10 23.40 16.97
44.51 1087.48 808.03 7.00 88.00 83.00 5.46 5.11 22.75 14.94
44.66 1028.88 770.90 7.00 87.00 86.00 5.18 4.85 20.94 14.86
52.71 871.09 951.09 7.00 77.00 102.00 5.13 5.07 21.51 13.99
45.19 995.94 838.79 6.00 88.00 86.00 5.06 5.22 19.42 9.34
37.34 1149.71 744.67 5.00 102.00 67.00 5.10 5.58 20.30 6.54
31.03 1283.23 694.51 5.00 110.00 51.00 5.17 6.28 16.97 10.19
33.30 1301.73 759.98 7.00 101.00 53.00 5.43 6.39 19.79 10.46
39.36 1247.11 964.67 7.00 84.00 55.00 5.72 6.88 21.47 9.98
