54.39 2360.66 2107.93 17.00 33.00 89.00 12.42 9.30 6.54 15.67
56.18 2277.70 2098.01 15.00 31.00 93.00 12.48 8.95 6.45 22.49
59.17 2048.48 2109.22 15.00 32.00 97.00 12.03 8.53 6.33 22.54
62.02 1817.03 2102.94 13.00 34.00 106.00 11.47 8.11 6.30 24.87
61.06 1727.30 2026.18 12.00 40.00 106.00 10.63 7.94 8.82 25.42
56.98 1860.23 1842.07 13.00 43.00 100.00 10.36 7.73 8.52 24.77
61.62 1621.60 1889.83 13.00 40.00 112.00 10.12 7.33 8.69 24.52
62.52 1570.65 1943.69 11.00 40.00 104.00 10.03 7.43 8.90 28.19
60.54 1582.03 1889.83 12.00 48.00 97.00 9.59 7.46 9.15 27.32
58.40 1517.46 1773.19 10.00 54.00 96.00 8.72 7.25 15.18 28.79
63.63 1316.39 1828.59 10.00 47.00 112.00 8.65 6.86 16.63 28.05
65.13 1222.86 1687.23 8.00 45.00 125.00 8.38 6.21 17.00 31.39
69.18 1003.05 1688.77 8.00 41.00 140.00 7.78 5.85 17.74 21.48
63.93 1098.07 1560.14 8.00 54.00 124.00 7.27 5.85 16.83 21.48
57.81 1195.12 1466.20 9.00 71.00 102.00 6.76 6.08 19.45 21.41
55.84 1227.57 1360.87 9.00 76.00 105.00 6.64 5.85 19.30 20.28
50.04 1292.61 1179.43 8.00 88.00 100.00 6.17 5.66 20.05 20.07
48.05 1316.39 1115.92 9.00 90.00 94.00 6.05 5.58 23.28 19.16
48.67 1269.63 1117.67 9.00 91.00 97.00 5.90 5.52 21.95 19.45
51.20 1167.49 1158.25 7.00 89.00 102.00 5.71 5.44 22.55 14.94
45.85 1293.94 1023.06 8.00 97.00 92.00 5.70 5.37 21.98 14.86
46.85 1222.10 1027.03 8.00 96.00 103.00 5.49 5.28 22.65 14.68
45.18 1175.67 951.09 7.00 99.00 102.00 5.12 5.07 19.42 13.99
45.18 1173.73 951.09 7.00 103.00 102.00 5.11 5.07 22.63 13.99
39.83 1308.63 876.84 7.00 111.00 87.00 5.19 5.31 22.47 10.70
36.94 1411.96 886.80 8.00 115.00 74.00 5.34 5.76 21.01 10.67
36.66 1439.19 1030.75 8.00 114.00 61.00 5.42 6.78 20.82 9.53
