50.83 1575.94 1323.76 10.00 14.00 37.00 13.47 10.96 5.61 10.52
46.39 1707.68 1227.64 10.00 15.00 32.00 13.38 11.14 5.04 10.70
43.61 1639.06 1114.39 10.00 21.00 31.00 12.18 10.73 5.05 10.84
48.47 1424.02 1194.61 11.00 24.00 35.00 11.60 10.34 6.52 10.30
49.39 1388.80 1163.07 10.00 25.00 38.00 11.52 9.88 6.93 10.54
51.36 1327.37 1041.45 9.00 24.00 52.00 11.45 8.50 6.93 10.76
59.47 1088.74 1036.42 9.00 21.00 73.00 11.27 7.30 6.90 18.89
62.06 973.81 1116.81 7.00 22.00 70.00 10.77 7.53 7.51 30.21
65.82 854.90 1168.21 8.00 22.00 67.00 10.51 7.43 7.08 28.31
71.36 712.09 1200.57 6.00 20.00 76.00 10.44 7.03 7.74 32.10
70.93 677.24 1185.05 6.00 22.00 76.00 9.78 6.98 11.81 32.23
65.17 767.82 1054.44 5.00 24.00 71.00 9.22 6.76 9.96 35.25
73.36 532.86 1142.10 4.00 19.00 82.00 8.37 6.50 11.02 17.54
71.18 612.74 1150.95 4.00 19.00 67.00 8.89 6.75 10.75 23.07
61.60 797.82 1105.59 5.00 29.00 44.00 8.68 7.50 10.22 22.34
50.28 947.41 902.82 5.00 38.00 35.00 7.95 7.50 18.04 22.34
51.40 906.97 833.52 5.00 37.00 46.00 7.79 6.77 19.01 19.60
53.91 829.27 779.05 6.00 35.00 54.00 7.52 6.08 19.84 23.70
63.60 664.54 825.67 6.00 26.00 72.00 7.64 5.46 18.87 21.57
63.52 565.21 759.41 4.00 35.00 76.00 6.48 5.03 20.29 19.56
52.79 662.27 612.76 5.00 52.00 64.00 5.86 4.90 23.75 19.25
50.36 630.69 533.99 5.00 57.00 71.00 5.31 4.48 23.09 17.50
47.44 565.37 458.05 4.00 62.00 70.00 4.49 4.08 21.27 17.06
53.25 511.13 543.29 5.00 56.00 74.00 4.57 4.31 25.37 16.32
44.76 630.49 474.13 5.00 66.00 61.00 4.77 4.48 22.75 11.05
40.81 712.46 525.66 4.00 68.00 47.00 5.02 5.42 20.89 4.22
32.56 823.75 476.27 4.00 75.00 34.00 5.09 6.17 12.95 5.99
41.31 736.84 617.85 4.00 62.00 46.00 5.24 6.27 20.17 6.94
39.51 778.47 590.38 3.00 57.00 44.00 5.37 6.27 12.62 7.95
31.62 893.89 493.04 3.00 65.00 32.00 5.45 6.54 15.91 7.95
33.54 922.89 531.09 4.00 60.00 33.00 5.79 6.65 18.15 11.30
34.46 924.84 549.79 5.00 60.00 34.00 5.89 6.70 18.98 11.82
42.56 834.10 738.80 5.00 49.00 36.00 6.06 7.33 22.03 11.69
