59.69 687.14 805.91 9.00 2.00 13.00 14.39 11.36 3.46 6.25
59.50 690.51 767.46 8.00 2.00 13.00 14.40 10.83 3.70 5.88
59.89 652.41 719.87 8.00 2.00 13.00 13.72 10.08 3.84 6.14
61.81 605.41 723.15 9.00 2.00 14.00 13.37 9.83 2.52 8.84
68.67 491.15 802.33 6.00 3.00 18.00 13.25 9.83 3.14 9.21
58.61 592.86 701.98 6.00 7.00 16.00 12.10 10.13 3.34 9.26
50.75 714.64 672.94 6.00 6.00 11.00 12.24 11.25 7.58 5.16
48.31 753.92 645.30 5.00 7.00 10.00 12.29 11.31 7.38 6.28
41.47 856.33 555.51 5.00 9.00 6.00 12.30 11.31 7.63 5.07
41.58 814.69 563.75 6.00 9.00 5.00 11.71 11.42 5.47 4.77
44.44 791.70 588.75 6.00 10.00 2.00 11.95 11.19 5.05 1.58
38.69 833.85 548.26 6.00 9.00 1.00 11.39 11.99 6.25 1.85
45.19 709.40 620.86 7.00 6.00 5.00 10.84 11.60 6.10 4.00
43.25 779.72 594.68 7.00 5.00 5.00 11.52 11.60 6.60 4.14
55.39 557.53 670.91 8.00 5.00 14.00 10.49 10.23 4.52 6.75
60.61 520.18 707.17 7.00 5.00 15.00 11.11 9.84 4.33 9.95
57.28 625.15 727.53 6.00 5.00 12.00 12.37 10.74 4.39 10.72
63.00 588.11 873.15 7.00 4.00 13.00 13.49 11.70 3.51 9.96
48.72 795.38 797.57 7.00 9.00 4.00 13.13 13.82 3.44 5.63
52.75 735.77 865.75 8.00 9.00 7.00 13.19 13.93 3.56 5.33
46.33 876.90 735.48 7.00 9.00 7.00 13.76 13.45 6.46 6.51
48.42 822.32 733.44 6.00 8.00 9.00 13.42 12.84 8.44 7.18
44.64 930.59 683.69 7.00 5.00 9.00 14.17 12.96 9.45 7.30
46.92 909.93 710.52 5.00 6.00 8.00 14.45 12.76 9.76 9.07
55.61 682.22 777.51 6.00 6.00 10.00 12.98 11.77 6.78 8.85
43.25 776.85 573.38 5.00 12.00 7.00 11.50 11.17 11.65 8.76
53.97 507.67 632.12 3.00 14.00 11.00 9.22 9.87 9.49 5.71
55.33 452.59 590.65 3.00 13.00 15.00 8.48 8.95 11.11 14.98
45.06 586.47 499.09 3.00 16.00 12.00 8.93 9.30 5.22 17.07
62.72 389.67 605.94 3.00 9.00 20.00 8.75 8.10 6.78 14.93
57.69 517.49 552.61 2.00 5.00 22.00 10.23 8.01 6.14 17.03
57.14 521.07 549.04 3.00 6.00 18.00 10.18 8.04 10.32 13.91
52.36 488.94 478.11 2.00 10.00 18.00 8.57 7.63 4.65 8.38
46.58 540.57 477.54 3.00 14.00 14.00 8.45 8.62 10.67 6.23
41.72 484.19 428.92 4.00 24.00 10.00 6.94 8.65 10.69 6.87
27.53 576.54 258.39 4.00 31.00 8.00 6.64 7.93 6.51 3.46
47.14 416.42 450.66 6.00 23.00 16.00 6.59 8.05 6.49 3.31
