54.46 3369.16 3512.50 33.00 25.00 55.00 12.46 10.87 5.75 7.46
53.19 3467.63 3501.08 34.00 28.00 52.00 12.47 11.10 5.65 7.29
51.84 3511.65 3451.43 35.00 32.00 46.00 12.28 11.23 5.73 7.28
52.43 3451.00 3490.41 35.00 32.00 47.00 12.22 11.24 5.65 7.28
51.79 3559.60 3442.06 31.00 32.00 49.00 12.43 11.22 6.20 7.56
50.97 3598.75 3467.13 32.00 34.00 48.00 12.36 11.49 6.70 7.67
48.79 3789.83 3415.28 34.00 35.00 41.00 12.46 11.83 6.89 6.91
49.46 3755.52 3478.14 31.00 36.00 42.00 12.51 11.89 6.91 7.41
49.18 3751.09 3417.24 31.00 35.00 41.00 12.42 11.74 6.94 7.45
47.90 3782.10 3338.53 31.00 39.00 39.00 12.21 11.76 7.70 7.46
49.43 3582.86 3374.65 31.00 43.00 40.00 11.91 11.52 7.58 7.47
50.86 3454.41 3423.42 29.00 42.00 47.00 11.82 11.36 7.59 9.61
49.89 3481.51 3360.53 29.00 42.00 47.00 11.68 11.36 7.67 9.63
52.13 3357.08 3380.72 28.00 39.00 55.00 11.79 10.93 8.11 10.22
52.08 3308.65 3339.01 27.00 38.00 60.00 11.61 10.80 7.95 11.38
54.55 3141.69 3423.60 26.00 39.00 64.00 11.62 10.57 8.34 11.67
51.33 3261.13 3217.71 24.00 46.00 59.00 11.26 10.56 9.24 11.99
52.79 3117.86 3264.05 24.00 47.00 64.00 11.10 10.41 9.55 11.72
49.35 3235.41 3095.90 23.00 57.00 56.00 10.73 10.56 9.13 11.22
47.93 3196.32 2974.81 23.00 65.00 57.00 10.30 10.45 9.57 11.18
49.30 3051.80 2940.85 24.00 65.00 63.00 10.09 10.04 9.63 10.93
