54.99 2968.84 3136.35 31.00 24.00 52.00 12.33 10.68 5.98 6.75
52.96 3090.01 3001.88 30.00 24.00 49.00 12.28 10.62 5.90 7.53
52.30 3116.60 3028.90 30.00 24.00 45.00 12.22 10.85 5.91 7.44
52.67 3090.97 3123.86 31.00 27.00 43.00 12.22 11.12 5.77 7.45
52.55 3077.08 3129.12 29.00 31.00 43.00 12.13 11.16 5.90 7.58
51.46 3136.45 3100.18 30.00 31.00 43.00 12.09 11.31 5.94 7.45
49.28 3341.76 3044.37 29.00 31.00 38.00 12.32 11.61 6.34 6.89
49.70 3307.88 3134.11 28.00 33.00 38.00 12.30 11.84 6.83 7.08
47.21 3516.52 3010.63 30.00 33.00 34.00 12.46 11.97 7.13 7.03
48.86 3452.55 3109.18 29.00 30.00 36.00 12.63 11.94 6.61 7.50
50.36 3309.76 3148.79 29.00 31.00 36.00 12.47 11.73 6.53 7.51
48.57 3331.16 3062.12 28.00 38.00 35.00 12.10 11.83 7.82 7.62
49.99 3167.85 3087.29 28.00 38.00 39.00 11.84 11.59 7.65 7.80
51.92 3090.66 3136.01 26.00 34.00 46.00 12.01 11.32 7.80 10.09
50.50 3104.81 3059.13 26.00 37.00 46.00 11.72 11.35 7.78 10.13
53.91 2886.97 3119.26 25.00 38.00 55.00 11.71 10.83 8.15 10.67
52.77 2975.95 3019.48 23.00 37.00 55.00 11.77 10.71 8.23 12.05
55.01 2832.00 3090.37 22.00 34.00 59.00 11.76 10.51 8.76 12.20
49.83 3036.30 2865.21 20.00 42.00 50.00 11.30 10.75 9.39 11.86
50.80 2905.50 2890.10 21.00 47.00 54.00 11.02 10.64 9.91 11.47
49.31 2834.42 2720.87 21.00 56.00 53.00 10.42 10.32 9.70 11.59
47.12 2820.57 2475.55 19.00 61.00 54.00 9.93 9.82 9.88 11.89
49.48 2657.41 2518.15 19.00 57.00 62.00 9.79 9.51 10.05 11.43
