54.87 2411.32 2465.44 23.00 19.00 38.00 12.85 10.82 5.55 6.70
50.78 2569.84 2294.11 23.00 19.00 34.00 12.55 10.88 6.16 6.56
50.87 2491.45 2301.30 24.00 19.00 32.00 12.18 10.89 6.25 6.40
49.72 2502.80 2250.71 24.00 22.00 30.00 11.96 10.90 6.20 6.46
53.64 2281.71 2330.44 22.00 22.00 39.00 11.82 10.47 6.49 6.84
51.10 2398.81 2234.42 22.00 22.00 36.00 11.78 10.54 6.52 8.03
50.13 2464.19 2308.89 22.00 22.00 31.00 11.88 11.12 6.31 6.98
50.06 2485.56 2400.61 22.00 25.00 29.00 11.97 11.57 6.22 6.91
47.94 2585.93 2326.79 23.00 28.00 25.00 11.94 11.71 6.26 6.97
49.42 2542.61 2398.20 24.00 24.00 27.00 12.08 11.71 5.39 6.79
48.87 2627.12 2371.29 23.00 25.00 26.00 12.34 11.71 5.98 7.02
50.10 2553.97 2488.74 23.00 26.00 28.00 12.30 11.99 6.53 7.32
48.85 2660.19 2454.84 25.00 24.00 28.00 12.51 12.13 6.66 7.37
50.94 2637.85 2545.36 23.00 21.00 31.00 12.94 12.06 6.79 8.14
52.06 2518.06 2560.04 23.00 21.00 34.00 12.64 11.86 6.31 8.34
51.40 2497.30 2513.26 22.00 29.00 34.00 12.36 11.80 8.08 8.38
51.36 2458.46 2466.37 21.00 32.00 33.00 12.16 11.59 8.10 8.68
54.40 2310.87 2541.33 19.00 28.00 41.00 12.19 11.26 8.25 11.21
49.10 2547.28 2387.11 18.00 32.00 32.00 12.03 11.71 8.26 10.31
52.00 2364.92 2412.09 18.00 33.00 40.00 11.84 11.16 8.99 10.79
51.48 2350.13 2291.95 17.00 32.00 43.00 11.62 10.71 9.04 12.45
52.72 2243.90 2217.15 15.00 30.00 46.00 11.38 10.11 9.68 12.96
50.14 2240.92 2067.49 13.00 33.00 46.00 10.76 9.90 10.66 13.11
50.24 2169.73 2023.90 13.00 38.00 46.00 10.44 9.67 10.78 12.98
50.16 1957.10 1985.39 14.00 47.00 46.00 9.40 9.50 10.12 12.79
46.75 1997.91 1742.11 13.00 53.00 45.00 8.97 8.94 9.92 13.04
50.86 1726.82 1834.12 12.00 52.00 53.00 8.39 8.65 9.26 12.36
