59.04 1619.61 1876.54 17.00 9.00 35.00 13.34 10.70 5.66 7.34
53.14 1782.05 1680.16 17.00 13.00 27.00 12.81 10.65 6.30 7.15
52.94 1724.18 1659.53 14.00 17.00 25.00 12.33 10.57 6.05 6.78
47.27 1839.04 1581.30 16.00 17.00 18.00 11.72 11.31 6.84 4.90
47.63 1790.56 1528.10 16.00 19.00 21.00 11.48 10.85 7.13 5.53
49.88 1749.55 1635.81 16.00 16.00 19.00 11.73 11.07 5.77 7.22
50.53 1729.60 1770.99 18.00 19.00 19.00 11.77 11.85 5.15 7.43
50.63 1835.42 1782.53 17.00 15.00 24.00 12.52 11.90 5.36 8.08
50.31 1950.79 1833.91 18.00 18.00 22.00 13.26 12.33 6.85 8.38
50.72 1960.53 1888.01 15.00 16.00 20.00 13.43 12.56 6.73 7.56
48.99 1832.64 1738.84 15.00 27.00 21.00 12.09 11.99 9.21 7.70
49.26 1751.91 1589.39 11.00 23.00 28.00 11.59 10.87 9.78 11.83
53.53 1472.81 1556.48 10.00 23.00 36.00 10.64 9.76 9.49 14.37
52.34 1310.33 1383.46 6.00 28.00 37.00 9.19 8.87 8.84 14.46
47.98 1274.60 1207.89 8.00 41.00 36.00 8.19 8.45 8.92 14.40
49.61 1219.16 1201.50 9.00 38.00 42.00 8.09 8.12 9.15 10.58
