64.57 904.98 1203.47 11.00 3.00 23.00 14.37 10.43 3.47 6.55
60.48 982.07 1100.38 12.00 3.00 23.00 13.98 10.19 3.32 8.17
60.93 925.72 1124.65 12.00 4.00 21.00 13.33 10.36 3.58 7.81
59.46 907.41 1092.21 11.00 8.00 20.00 12.60 10.33 3.12 8.19
58.61 932.48 1070.62 8.00 7.00 22.00 12.67 10.26 6.81 8.04
53.02 1044.78 978.32 9.00 8.00 20.00 12.49 10.38 7.16 8.66
48.65 1129.64 960.16 9.00 11.00 13.00 12.35 11.13 7.34 5.55
45.98 1117.67 932.71 8.00 15.00 11.00 11.60 11.44 6.56 5.11
42.46 1233.03 857.20 8.00 14.00 7.00 11.99 11.38 6.60 3.84
39.74 1284.80 824.67 9.00 10.00 5.00 11.92 11.66 6.38 4.01
44.94 1124.40 908.21 10.00 11.00 6.00 11.41 11.36 6.35 3.52
42.61 1143.47 882.09 10.00 13.00 6.00 11.13 11.65 6.34 3.47
51.74 934.23 972.31 11.00 10.00 15.00 10.82 10.60 5.97 5.78
52.43 990.28 968.63 10.00 6.00 15.00 11.65 10.39 6.14 8.75
53.50 957.85 1047.05 10.00 6.00 17.00 11.57 11.00 4.28 8.96
58.81 897.79 1206.37 11.00 9.00 18.00 12.28 11.54 3.95 8.50
54.09 1020.20 1150.07 11.00 13.00 13.00 12.52 11.99 4.29 9.05
58.76 948.13 1239.70 11.00 9.00 17.00 12.96 11.91 3.95 8.76
47.46 1277.89 1110.50 9.00 10.00 10.00 13.68 13.19 5.47 6.33
50.69 1198.07 1232.71 10.00 12.00 12.00 13.69 13.72 7.17 6.78
45.67 1324.97 1106.38 12.00 13.00 10.00 13.72 13.66 7.97 6.52
48.04 1269.96 1077.46 9.00 11.00 13.00 13.73 12.66 8.23 8.22
52.06 1165.15 1090.29 8.00 7.00 16.00 13.64 11.78 8.43 8.46
44.35 1239.49 939.88 7.00 15.00 11.00 12.48 11.90 11.48 8.43
50.76 955.32 1003.36 8.00 18.00 14.00 10.87 11.10 10.27 8.27
52.65 900.10 934.68 6.00 16.00 19.00 10.64 9.95 9.81 14.21
52.33 821.32 905.36 4.00 18.00 19.00 9.61 9.69 8.37 14.79
54.89 719.00 835.36 5.00 18.00 24.00 8.89 8.51 9.38 13.67
52.15 790.31 778.97 4.00 17.00 26.00 9.21 8.34 5.93 17.54
61.91 644.39 910.27 4.00 10.00 29.00 9.43 8.21 8.52 14.66
51.26 802.67 750.84 3.00 14.00 26.00 9.17 8.17 7.99 13.91
49.06 806.92 722.72 5.00 19.00 23.00 8.83 8.24 9.34 12.52
49.93 688.06 708.79 5.00 25.00 24.00 7.65 7.94 9.87 12.52
38.44 831.39 562.25 5.00 32.00 17.00 7.52 8.19 9.28 6.67
44.22 701.57 648.89 7.00 33.00 20.00 7.01 8.22 10.04 5.66
