73.94 252.47 483.60 3.00 1.00 10.00 16.43 10.99 1.67 5.67
57.83 376.66 376.56 3.00 1.00 9.00 15.07 10.96 4.08 5.10
45.44 434.57 322.31 6.00 1.00 3.00 13.43 11.95 4.04 2.75
61.17 313.85 390.23 5.00 1.00 4.00 13.67 10.71 2.31 5.83
74.33 217.84 397.55 2.00 1.00 10.00 14.33 8.95 3.10 4.30
62.44 290.86 332.92 4.00 1.00 10.00 13.06 8.97 1.16 11.45
63.00 273.31 404.64 4.00 2.00 7.00 12.50 10.90 2.90 5.58
54.78 302.00 368.96 2.00 6.00 6.00 11.30 11.48 2.86 2.12
38.50 441.33 268.29 2.00 4.00 4.00 12.08 11.84 6.68 1.37
41.83 450.94 276.35 3.00 1.00 4.00 13.03 11.08 5.30 6.79
44.44 415.00 287.07 3.00 5.00 1.00 12.54 10.87 6.77 2.35
41.33 363.75 287.34 3.00 8.00 1.00 10.39 11.78 4.87 2.04
44.44 376.70 301.40 3.00 5.00 1.00 11.36 11.52 2.65 0.84
36.06 470.10 260.85 3.00 1.00 0.00 12.31 12.25 7.34 2.34
45.94 332.70 319.46 4.00 1.00 4.00 10.31 11.67 4.00 5.20
50.44 309.62 333.23 4.00 4.00 5.00 10.50 11.13 4.45 1.37
64.83 224.83 351.38 4.00 4.00 9.00 10.76 9.20 4.70 8.26
70.78 210.49 373.95 3.00 0.00 10.00 12.17 8.92 4.28 13.33
49.72 400.32 375.03 2.00 1.00 3.00 13.51 12.70 1.60 5.38
55.22 375.74 499.20 4.00 4.00 3.00 14.30 15.27 1.36 5.06
47.72 394.39 422.54 5.00 8.00 1.00 12.75 15.00 4.06 5.26
50.28 360.03 366.49 4.00 5.00 4.00 12.19 12.45 4.53 3.67
44.94 482.52 312.79 2.00 1.00 6.00 14.71 11.82 8.29 7.02
46.56 462.30 366.50 2.00 3.00 4.00 14.57 13.25 11.54 7.52
44.33 447.65 370.91 5.00 4.00 3.00 13.63 14.10 7.94 6.22
47.28 447.30 344.02 3.00 3.00 4.00 14.34 12.29 2.63 9.97
66.89 234.57 406.26 1.00 2.00 7.00 11.89 10.22 2.67 0.00
39.22 329.33 229.36 2.00 9.00 3.00 9.06 9.83 0.00 6.30
41.06 272.82 225.85 2.00 12.00 4.00 7.74 9.28 0.00 6.15
71.44 123.25 361.23 1.00 4.00 11.00 7.22 8.48 2.27 0.00
49.06 313.65 272.73 1.00 4.00 8.00 10.32 9.31 5.85 0.00
54.00 266.35 244.71 2.00 5.00 9.00 9.71 7.59 0.00 10.47
66.33 203.77 279.87 1.00 1.00 14.00 10.12 7.05 0.00 0.00
60.28 254.72 303.86 1.00 1.00 9.00 10.72 8.43 10.35 0.00
38.39 285.08 198.23 1.00 9.00 4.00 7.73 8.64 0.00 0.00
32.89 285.72 173.68 2.00 13.00 5.00 7.11 8.97 0.00 0.70
45.06 199.05 230.68 3.00 14.00 6.00 6.07 8.66 3.33 3.71
22.17 290.82 84.16 2.00 18.00 3.00 6.24 6.38 6.45 1.05
49.22 217.37 219.97 3.00 9.00 10.00 7.16 7.49 8.57 2.80
