59.04 1619.61 1876.54 17.00 9.00 35.00 13.34 10.70 5.66 7.34
55.61 1735.99 1745.78 17.00 10.00 33.00 13.19 10.58 5.70 7.54
53.14 1782.05 1680.16 17.00 13.00 27.00 12.81 10.65 6.30 7.15
52.31 1723.08 1655.96 17.00 17.00 25.00 12.17 10.68 6.00 7.20
52.94 1724.18 1659.53 14.00 17.00 25.00 12.33 10.57 6.05 6.78
47.29 1878.63 1526.65 15.00 17.00 21.00 11.98 10.90 6.95 6.88
47.27 1839.04 1581.30 16.00 17.00 18.00 11.72 11.31 6.84 4.90
44.89 1897.39 1527.46 15.00 20.00 16.00 11.56 11.50 6.83 4.74
47.63 1790.56 1528.10 16.00 19.00 21.00 11.48 10.85 7.13 5.53
48.09 1804.97 1532.45 16.00 15.00 20.00 11.67 10.75 6.03 7.39
49.88 1749.55 1635.81 16.00 16.00 19.00 11.73 11.07 5.77 7.22
50.77 1731.64 1755.24 17.00 18.00 19.00 11.83 11.68 5.55 7.18
50.53 1729.60 1770.99 18.00 19.00 19.00 11.77 11.85 5.15 7.43
52.56 1727.92 1834.38 18.00 15.00 22.00 12.27 11.81 5.28 7.45
50.63 1835.42 1782.53 17.00 15.00 24.00 12.52 11.90 5.36 8.08
54.66 1720.12 1939.88 17.00 17.00 27.00 12.80 11.99 6.19 8.23
50.31 1950.79 1833.91 18.00 18.00 22.00 13.26 12.33 6.85 8.38
54.02 1858.06 1950.68 16.00 15.00 26.00 13.65 12.21 6.93 9.19
50.72 1960.53 1888.01 15.00 16.00 20.00 13.43 12.56 6.73 7.56
47.71 1975.26 1806.08 15.00 24.00 19.00 12.73 12.79 9.23 7.52
48.99 1832.64 1738.84 15.00 27.00 21.00 12.09 11.99 9.21 7.70
50.96 1722.77 1668.11 12.00 24.00 28.00 11.81 11.04 9.41 11.80
49.26 1751.91 1589.39 11.00 23.00 28.00 11.59 10.87 9.78 11.83
51.70 1629.16 1545.89 10.00 24.00 32.00 11.32 10.05 10.30 12.64
53.53 1472.81 1556.48 10.00 23.00 36.00 10.64 9.76 9.49 14.37
54.44 1421.23 1483.72 9.00 22.00 37.00 10.46 9.14 10.04 14.50
52.34 1310.33 1383.46 6.00 28.00 37.00 9.19 8.87 8.84 14.46
51.57 1259.57 1313.37 8.00 32.00 38.00 8.70 8.55 10.02 13.67
47.98 1274.60 1207.89 8.00 41.00 36.00 8.19 8.45 8.92 14.40
48.16 1221.06 1168.66 8.00 41.00 37.00 7.87 8.14 8.70 14.42
49.61 1219.16 1201.50 9.00 38.00 42.00 8.09 8.12 9.15 10.58
