53.76 2744.01 2784.90 27.00 20.00 42.00 12.48 10.91 6.04 6.59
50.74 2879.46 2627.93 27.00 23.00 39.00 12.29 10.91 6.01 6.37
52.62 2716.28 2652.75 28.00 23.00 42.00 12.05 10.63 6.18 6.62
52.35 2713.36 2624.66 27.00 23.00 40.00 11.97 10.57 6.07 7.73
53.15 2682.03 2706.58 24.00 23.00 42.00 12.04 10.74 6.13 7.77
51.61 2776.42 2733.63 26.00 26.00 39.00 12.07 11.18 6.12 7.67
49.83 2859.24 2731.43 27.00 30.00 32.00 11.99 11.58 6.05 6.83
50.09 2845.59 2767.16 26.00 30.00 33.00 11.99 11.68 6.04 6.75
47.57 3068.45 2639.73 25.00 29.00 31.00 12.30 11.73 6.54 7.02
49.06 3004.91 2765.15 26.00 27.00 32.00 12.41 11.89 6.45 7.16
48.30 3075.19 2742.19 28.00 29.00 29.00 12.51 11.99 6.72 7.00
49.74 3001.60 2832.76 26.00 29.00 32.00 12.57 12.03 6.68 7.68
51.10 2894.76 2861.44 26.00 26.00 35.00 12.46 11.82 6.46 7.87
49.48 2967.41 2774.71 25.00 30.00 34.00 12.35 11.84 8.08 8.04
50.68 2791.15 2785.89 25.00 33.00 38.00 11.90 11.60 7.75 8.23
53.90 2620.56 2874.55 23.00 33.00 46.00 11.96 11.24 7.77 10.57
51.07 2772.11 2739.61 22.00 36.00 41.00 11.92 11.31 8.08 10.75
54.35 2577.29 2786.04 21.00 33.00 50.00 11.88 10.80 8.58 11.21
51.26 2751.12 2666.98 19.00 33.00 46.00 11.87 10.95 8.37 11.93
53.03 2619.64 2716.42 19.00 34.00 49.00 11.72 10.77 9.14 12.00
49.84 2635.31 2490.19 18.00 41.00 47.00 11.02 10.51 10.06 12.32
50.24 2529.75 2390.83 17.00 43.00 51.00 10.66 10.01 10.35 12.26
49.51 2440.04 2298.18 16.00 48.00 52.00 10.12 9.76 10.20 12.24
46.73 2460.55 2108.61 15.00 56.00 49.00 9.67 9.48 10.12 12.56
50.04 2174.47 2205.37 17.00 56.00 56.00 9.11 9.25 9.94 11.83
