64.18 1178.29 1608.25 15.00 5.00 31.00 13.89 10.54 3.33 7.77
59.06 1284.07 1469.43 14.00 9.00 29.00 13.24 10.49 3.46 7.65
55.32 1367.05 1392.94 14.00 8.00 25.00 12.90 10.61 6.06 7.32
55.06 1359.33 1368.55 14.00 9.00 24.00 12.75 10.47 5.99 7.93
55.07 1347.48 1357.84 11.00 12.00 24.00 12.63 10.39 6.85 7.68
50.10 1408.53 1265.73 12.00 16.00 21.00 11.87 10.67 6.70 7.56
47.60 1506.34 1261.84 12.00 16.00 14.00 12.08 11.22 6.35 4.70
43.50 1587.77 1193.63 11.00 16.00 11.00 11.80 11.61 6.79 4.58
43.33 1565.73 1176.65 12.00 15.00 11.00 11.59 11.46 7.16 4.51
42.42 1594.42 1158.50 13.00 14.00 10.00 11.61 11.51 6.23 4.32
49.92 1349.23 1259.66 14.00 15.00 16.00 11.29 10.66 6.29 5.22
49.65 1354.03 1256.04 13.00 14.00 16.00 11.28 10.68 6.11 7.71
51.24 1334.55 1348.45 13.00 11.00 18.00 11.50 11.11 5.41 7.90
53.12 1367.89 1467.83 14.00 10.00 18.00 12.29 11.66 5.47 7.88
52.06 1352.90 1469.59 15.00 14.00 18.00 11.89 11.92 4.23 8.13
56.68 1257.82 1572.93 15.00 14.00 22.00 12.25 11.74 4.13 7.84
51.81 1502.72 1463.01 13.00 14.00 19.00 13.15 11.95 5.59 8.83
55.71 1410.43 1606.65 13.00 12.00 22.00 13.45 12.19 6.68 8.99
46.68 1725.96 1481.41 14.00 14.00 13.00 13.67 13.41 7.12 6.46
49.83 1645.70 1576.73 13.00 15.00 16.00 13.86 13.38 7.34 7.64
50.97 1559.54 1512.99 13.00 15.00 17.00 13.41 12.53 7.42 7.84
45.83 1599.51 1306.82 11.00 20.00 16.00 12.41 12.05 10.11 7.98
49.31 1438.25 1316.15 10.00 19.00 20.00 11.92 11.26 10.31 8.06
51.12 1362.74 1301.18 8.00 19.00 23.00 11.71 10.70 10.45 13.10
50.33 1268.97 1276.60 9.00 22.00 22.00 10.73 10.66 9.56 12.65
52.99 1166.52 1179.38 8.00 21.00 28.00 10.41 9.35 9.92 13.38
55.83 1025.16 1185.23 5.00 19.00 33.00 9.71 8.90 8.03 15.83
56.24 973.72 1139.69 6.00 19.00 33.00 9.31 8.49 10.29 14.46
48.71 1075.49 977.20 5.00 26.00 30.00 8.76 8.40 8.42 15.69
54.65 930.24 1083.95 6.00 23.00 34.00 8.57 8.32 9.51 14.63
49.71 1001.78 981.53 6.00 29.00 32.00 8.33 8.28 9.26 12.31
42.33 1097.74 807.43 7.00 37.00 26.00 7.95 8.00 8.85 11.91
49.75 905.43 928.77 8.00 34.00 34.00 7.53 7.83 9.57 10.79
