32.81 894.06 588.56 9.00 27.00 5.00 7.43 10.03 9.80 2.79
27.28 987.13 491.51 8.00 29.00 4.00 7.57 10.07 9.71 1.91
28.39 917.72 489.83 7.00 31.00 5.00 7.14 9.63 10.13 1.44
30.59 916.44 498.65 6.00 28.00 8.00 7.36 9.12 14.47 1.20
37.70 823.00 534.84 6.00 25.00 20.00 7.36 7.94 13.62 6.36
39.17 680.40 563.99 7.00 36.00 20.00 6.23 8.06 13.48 6.63
43.56 622.98 626.16 6.00 36.00 22.00 6.15 8.04 13.29 8.00
42.76 666.39 591.23 6.00 37.00 23.00 6.48 7.74 13.36 10.64
40.65 737.59 574.92 5.00 37.00 23.00 6.92 7.92 10.02 10.41
44.59 703.84 608.01 5.00 36.00 27.00 7.07 7.62 11.52 10.02
33.48 895.73 484.45 5.00 36.00 15.00 7.50 8.08 12.41 9.89
38.89 836.22 539.67 6.00 30.00 18.00 7.62 7.75 13.70 9.05
35.54 881.57 487.21 5.00 32.00 19.00 7.62 7.67 12.99 8.55
31.83 953.34 435.78 4.00 30.00 18.00 7.78 7.66 16.39 9.07
34.69 914.16 429.40 5.00 28.00 23.00 7.79 6.92 23.44 8.15
42.41 792.92 464.11 4.00 24.00 32.00 7.66 6.11 23.44 15.45
51.28 633.21 610.84 5.00 23.00 36.00 7.24 6.66 23.26 14.88
46.43 712.87 555.66 4.00 24.00 33.00 7.41 6.69 22.39 16.41
37.35 864.80 427.31 5.00 28.00 27.00 7.69 6.39 20.44 15.88
54.02 607.51 652.79 5.00 22.00 39.00 7.36 6.75 20.44 15.83
56.83 517.46 684.29 4.00 23.00 40.00 6.68 6.73 18.30 18.64
43.24 725.18 584.98 5.00 30.00 26.00 7.12 7.56 20.40 17.40
46.28 719.31 592.25 4.00 27.00 30.00 7.46 7.14 20.27 16.76
59.39 565.78 749.94 3.00 22.00 39.00 7.77 7.06 16.78 9.98
59.39 491.84 745.39 3.00 26.00 39.00 6.74 7.02 15.31 14.60
59.39 491.84 688.70 3.00 26.00 38.00 6.74 6.47 15.31 5.73
64.83 463.91 762.21 3.00 21.00 42.00 7.35 6.56 13.11 14.03
61.76 447.12 725.48 2.00 26.00 40.00 6.51 6.56 14.08 10.12
57.43 464.90 631.46 2.00 31.00 41.00 6.07 6.14 6.85 18.97
56.83 461.69 606.21 2.00 32.00 43.00 5.95 5.94 20.67 5.88
68.72 338.53 772.50 2.00 25.00 51.00 6.02 6.26 17.02 11.28
53.67 513.80 609.30 2.00 37.00 42.00 6.17 6.33 13.90 9.83
52.09 537.82 572.21 3.00 36.00 43.00 6.25 6.12 11.53 9.97
68.76 346.71 637.64 3.00 24.00 71.00 6.18 5.17 11.53 11.50
74.81 292.82 602.01 2.00 19.00 89.00 6.47 4.48 11.53 28.65
