42.67 236.29 262.27 4.00 10.00 1.00 6.92 10.34 5.91 3.97
20.94 343.80 137.86 4.00 14.00 0.00 7.27 11.09 2.43 2.16
29.50 259.94 191.82 3.00 14.00 1.00 6.18 10.90 6.96 0.88
21.11 400.46 132.72 1.00 7.00 1.00 8.50 10.53 6.73 0.00
26.28 397.48 134.47 2.00 2.00 3.00 9.01 8.56 2.82 0.05
39.78 242.66 220.55 3.00 8.00 3.00 6.74 9.28 6.72 0.11
29.39 259.78 163.54 2.00 15.00 1.00 6.15 9.31 1.42 0.72
30.89 273.04 145.38 2.00 13.00 4.00 6.61 7.94 19.52 0.27
57.44 165.28 236.84 2.00 8.00 16.00 6.51 6.95 1.57 8.23
46.83 164.64 198.06 2.00 15.00 13.00 5.17 7.11 0.00 11.42
43.83 197.77 225.79 2.00 12.00 5.00 5.88 8.62 0.00 9.38
50.56 228.72 246.21 2.00 9.00 6.00 7.73 8.16 8.50 14.23
20.67 374.55 111.85 1.00 16.00 2.00 7.88 9.09 0.47 0.00
36.39 310.49 161.44 1.00 12.00 8.00 8.16 7.45 0.00 0.00
35.94 323.35 146.37 2.00 8.00 8.00 8.45 6.84 8.20 7.08
29.72 297.02 130.96 3.00 9.00 4.00 7.06 7.40 13.03 1.66
50.00 183.53 228.99 2.00 8.00 9.00 6.14 7.68 3.37 10.27
29.39 345.84 142.84 0.00 9.00 6.00 8.17 8.18 0.00 0.00
18.11 407.11 54.04 1.00 12.00 6.00 8.29 4.99 0.00 0.00
68.11 149.82 190.11 1.00 6.00 22.00 7.84 4.67 0.00 0.00
85.72 42.47 327.60 2.00 3.00 21.00 5.02 6.41 2.00 10.35
41.78 216.97 222.63 3.00 9.00 5.00 6.23 8.98 8.34 9.04
8.22 414.90 45.47 2.00 13.00 0.00 7.56 9.34 0.00 1.17
52.17 240.72 239.97 1.00 7.00 12.00 8.43 7.72 0.00 0.00
76.56 59.77 310.91 0.00 7.00 19.00 4.26 6.80 0.00 0.00
35.78 267.49 122.38 1.00 14.00 8.00 6.95 5.72 0.00 0.00
54.06 244.37 235.55 2.00 7.00 11.00 8.90 7.28 0.00 6.65
90.22 57.57 387.49 1.00 1.00 18.00 9.93 7.22 0.17 0.00
47.56 187.43 198.78 1.00 12.00 9.00 5.96 7.08 0.00 0.00
52.17 166.63 178.74 1.00 11.00 12.00 5.81 5.72 0.00 0.00
92.89 32.12 327.72 0.00 2.00 22.00 7.59 5.88 0.00 0.00
42.89 222.77 159.12 0.00 14.00 10.00 6.51 6.19 0.00 0.00
31.83 245.00 104.95 1.00 17.00 10.00 6.00 5.50 0.00 0.00
75.44 71.49 268.22 1.00 7.00 21.00 4.87 5.96 0.00 0.00
81.44 61.06 339.75 1.00 6.00 18.00 5.50 7.00 0.00 0.00
42.67 218.73 181.97 1.00 15.00 11.00 6.37 7.13 0.00 0.00
43.00 231.75 127.09 1.00 13.00 13.00 6.78 4.94 0.00 0.00
88.17 56.42 187.46 1.00 1.00 39.00 7.98 3.55 0.00 0.00
100.00 0.00 133.93 0.00 0.00 56.00 0.00 2.23 0.00 0.00
