35.38 2806.12 1756.42 21.00 107.00 52.00 7.26 8.33 15.40 7.53
37.37 2757.00 1709.36 19.00 102.00 67.00 7.35 7.67 15.89 10.39
39.69 2612.17 1821.95 19.00 99.00 72.00 7.24 7.70 16.54 10.66
39.46 2630.17 1793.82 18.00 97.00 72.00 7.26 7.63 16.33 10.93
37.56 2767.23 1675.60 18.00 98.00 71.00 7.40 7.48 18.38 11.13
42.56 2470.22 1901.07 18.00 97.00 83.00 7.18 7.49 18.38 11.57
42.59 2429.22 1852.35 16.00 103.00 87.00 7.07 7.29 18.21 13.87
42.16 2494.98 1802.90 16.00 103.00 89.00 7.21 7.17 19.16 13.97
45.06 2413.92 1924.37 16.00 95.00 97.00 7.34 7.16 19.24 13.80
48.09 2279.51 2045.10 15.00 91.00 103.00 7.34 7.13 19.31 14.71
44.07 2436.07 1886.46 15.00 98.00 90.00 7.27 7.18 19.47 15.25
48.63 2281.65 2024.20 14.00 87.00 102.00 7.42 6.98 19.47 14.83
48.97 2270.42 1987.95 13.00 88.00 107.00 7.43 6.80 19.60 17.97
47.86 2275.71 1936.52 12.00 92.00 106.00 7.29 6.78 19.91 18.07
50.09 2141.16 1981.06 13.00 89.00 115.00 7.17 6.62 21.01 17.40
51.77 2037.52 2042.96 12.00 87.00 119.00 7.06 6.61 20.87 18.93
54.64 1878.80 2174.51 12.00 87.00 126.00 6.92 6.66 21.30 17.78
53.06 1959.24 2093.77 10.00 94.00 126.00 6.97 6.61 20.53 17.85
53.94 1926.93 2072.95 11.00 92.00 131.00 6.99 6.43 18.27 17.14
58.94 1669.63 2138.39 11.00 86.00 159.00 6.79 6.07 18.27 18.24
62.13 1519.82 2153.53 10.00 80.00 182.00 6.70 5.80 18.27 23.82
