31.96 1154.15 752.10 11.00 42.00 6.00 7.09 9.87 8.93 2.69
28.18 1260.24 636.89 10.00 42.00 8.00 7.34 9.49 12.55 2.12
35.65 1083.16 726.66 9.00 39.00 21.00 7.04 8.56 13.46 5.81
34.65 1081.07 696.71 8.00 43.00 21.00 6.91 8.44 13.37 6.36
39.24 1020.77 760.63 8.00 38.00 25.00 7.01 8.13 13.04 7.28
42.01 909.12 811.79 9.00 45.00 26.00 6.55 8.11 12.46 8.98
37.83 997.53 738.46 7.00 52.00 24.00 6.70 8.19 11.38 9.19
41.17 976.88 753.40 7.00 49.00 31.00 6.93 7.68 13.91 9.01
39.47 1061.01 721.28 7.00 45.00 31.00 7.32 7.67 12.38 9.73
40.88 1000.85 739.31 8.00 45.00 31.00 7.07 7.58 13.15 9.63
37.61 1079.33 713.44 7.00 44.00 24.00 7.22 7.95 12.86 10.09
36.51 1182.05 682.71 6.00 39.00 24.00 7.77 7.84 15.22 10.13
31.18 1288.77 541.25 6.00 44.00 25.00 7.82 7.28 19.74 7.81
40.90 1103.41 625.89 5.00 36.00 40.00 7.79 6.41 21.53 13.82
47.44 956.63 757.21 7.00 31.00 44.00 7.60 6.69 21.12 13.59
42.25 1009.89 686.82 7.00 33.00 37.00 7.30 6.82 19.58 14.24
40.51 1048.42 656.31 7.00 36.00 36.00 7.36 6.79 24.66 14.52
47.86 953.59 795.63 5.00 31.00 45.00 7.64 6.97 25.82 15.83
47.15 924.57 738.54 5.00 35.00 46.00 7.31 6.56 18.30 19.15
49.46 875.00 775.17 6.00 36.00 48.00 7.23 6.56 20.40 18.61
56.14 762.10 919.85 6.00 30.00 51.00 7.26 6.86 19.71 15.72
54.99 782.75 972.57 6.00 31.00 44.00 7.27 7.42 18.97 16.72
46.60 906.74 791.17 5.00 39.00 39.00 7.09 7.12 17.56 18.01
57.58 732.56 928.67 4.00 33.00 51.00 7.21 6.75 15.31 8.85
67.76 523.96 1073.11 3.00 28.00 61.00 6.79 6.63 15.86 14.03
55.26 714.61 847.96 3.00 40.00 48.00 6.67 6.42 13.94 14.03
56.58 709.26 867.16 4.00 38.00 52.00 6.82 6.41 17.52 14.87
65.18 519.42 993.69 3.00 33.00 61.00 6.23 6.38 18.09 8.30
63.43 525.96 971.28 3.00 37.00 60.00 6.00 6.41 13.98 14.25
53.29 680.43 788.17 3.00 48.00 54.00 6.08 6.18 13.90 12.97
62.29 570.29 899.93 3.00 38.00 65.00 6.31 6.03 14.18 9.97
62.29 570.29 796.77 3.00 38.00 81.00 6.31 5.34 14.18 11.50
64.07 537.82 707.02 3.00 36.00 100.00 6.25 4.61 11.53 23.77
