35.72 2215.31 1473.38 18.00 87.00 37.00 7.20 8.66 11.81 7.18
34.53 2261.09 1376.20 18.00 87.00 39.00 7.21 8.36 12.67 7.15
36.63 2162.49 1440.11 16.00 84.00 45.00 7.13 8.24 12.85 8.14
35.58 2263.13 1381.00 14.00 82.00 45.00 7.34 8.14 14.31 8.46
35.21 2309.54 1302.33 14.00 82.00 50.00 7.44 7.76 17.51 8.30
41.46 2012.53 1438.40 14.00 81.00 66.00 7.18 7.27 17.51 11.11
42.64 1954.23 1495.66 14.00 83.00 68.00 7.11 7.36 17.83 11.71
41.71 1986.77 1440.55 14.00 82.00 68.00 7.12 7.24 17.62 11.95
39.99 2109.50 1377.59 14.00 81.00 67.00 7.34 7.23 19.46 12.36
44.37 1954.45 1535.14 13.00 76.00 76.00 7.34 7.25 19.63 12.95
42.38 2004.00 1451.98 12.00 79.00 70.00 7.26 7.18 19.65 15.34
42.99 2057.30 1457.88 12.00 75.00 72.00 7.53 7.10 20.11 15.22
43.66 2050.88 1461.30 12.00 74.00 76.00 7.60 7.01 20.35 14.71
47.94 1886.16 1598.53 11.00 67.00 84.00 7.57 6.99 21.06 15.63
47.02 1863.69 1548.38 12.00 70.00 83.00 7.35 6.90 20.89 15.87
49.92 1742.45 1615.49 11.00 66.00 88.00 7.26 6.78 20.89 15.91
54.14 1572.38 1729.74 10.00 64.00 97.00 7.16 6.69 21.61 18.53
51.56 1668.20 1643.58 8.00 71.00 94.00 7.19 6.67 21.39 19.11
51.87 1634.11 1605.70 9.00 73.00 98.00 7.09 6.48 19.60 18.27
57.32 1394.41 1768.96 9.00 69.00 109.00 6.82 6.46 19.41 18.75
59.78 1288.06 1891.27 9.00 67.00 111.00 6.69 6.62 18.83 18.46
54.14 1463.33 1760.74 9.00 79.00 98.00 6.66 6.81 17.95 18.38
54.44 1477.03 1691.11 8.00 77.00 104.00 6.77 6.50 16.20 16.07
59.94 1302.85 1725.57 7.00 71.00 132.00 6.79 6.02 15.04 12.18
65.92 1062.13 1780.14 6.00 64.00 161.00 6.50 5.64 15.04 20.47
