37.06 1319.58 988.94 13.00 50.00 22.00 7.01 8.97 11.68 5.50
31.91 1424.87 834.95 12.00 57.00 21.00 7.00 8.79 12.06 5.73
37.29 1280.93 952.45 11.00 52.00 26.00 6.83 8.57 12.72 6.75
37.83 1309.79 944.51 10.00 52.00 27.00 7.04 8.38 12.69 8.68
35.52 1395.32 872.92 9.00 54.00 27.00 7.23 8.25 12.00 8.38
40.89 1219.61 973.95 10.00 57.00 34.00 6.89 7.99 13.57 8.05
37.46 1320.95 884.82 9.00 60.00 32.00 7.06 7.93 12.80 8.81
38.88 1273.89 884.69 10.00 58.00 35.00 6.96 7.64 14.29 8.70
41.58 1244.61 950.28 9.00 53.00 40.00 7.12 7.68 12.71 9.87
38.58 1346.69 882.35 8.00 54.00 37.00 7.32 7.67 14.40 10.31
33.71 1486.54 767.49 8.00 56.00 30.00 7.49 7.63 19.73 9.46
42.83 1332.12 872.83 7.00 45.00 46.00 7.78 6.83 19.73 13.17
42.09 1331.25 869.05 8.00 47.00 46.00 7.68 6.93 19.91 13.15
41.08 1320.38 848.59 8.00 45.00 45.00 7.49 6.93 19.59 13.38
39.60 1371.85 802.67 9.00 44.00 44.00 7.59 6.80 22.55 13.30
44.23 1250.61 926.79 8.00 40.00 49.00 7.49 7.03 22.55 14.47
47.72 1108.19 967.53 7.00 43.00 55.00 7.08 6.79 22.99 17.43
45.44 1221.09 918.01 6.00 45.00 54.00 7.48 6.77 24.10 18.61
48.53 1169.21 974.09 7.00 42.00 57.00 7.59 6.72 19.71 16.82
57.61 932.57 1162.75 7.00 37.00 66.00 7.36 6.77 18.97 16.92
54.42 949.53 1118.78 7.00 42.00 60.00 6.96 6.90 18.89 17.07
54.42 949.53 1151.30 7.00 42.00 56.00 6.96 7.09 18.89 15.82
55.86 938.86 1118.90 5.00 41.00 61.00 7.11 6.71 19.00 18.75
54.64 955.33 1087.93 4.00 47.00 61.00 7.04 6.66 13.94 12.67
60.58 769.31 1178.07 4.00 45.00 71.00 6.52 6.51 16.03 14.87
59.30 786.91 1116.17 4.00 47.00 69.00 6.46 6.30 17.65 12.46
61.56 770.32 1206.98 5.00 44.00 71.00 6.69 6.56 16.58 13.22
60.68 738.15 1175.66 4.00 49.00 72.00 6.27 6.49 14.93 11.51
59.34 757.71 1098.72 4.00 50.00 74.00 6.22 6.20 12.30 14.11
60.27 736.91 975.64 4.00 49.00 93.00 6.19 5.41 14.18 12.08
69.83 570.29 1034.75 3.00 38.00 122.00 6.31 4.95 14.18 23.77
