38.19 1517.35 1214.72 15.00 63.00 27.00 6.84 8.90 11.40 6.36
35.02 1653.59 1082.75 14.00 66.00 27.00 7.09 8.65 11.62 7.84
34.52 1655.47 1064.75 12.00 68.00 28.00 7.04 8.62 11.84 7.71
37.59 1620.28 1106.67 11.00 64.00 35.00 7.23 8.23 13.34 7.90
35.59 1718.73 1019.29 11.00 62.00 35.00 7.43 8.01 13.02 8.17
39.03 1516.62 1105.24 13.00 66.00 38.00 6.93 7.92 13.60 7.79
39.55 1504.55 1113.82 11.00 68.00 41.00 6.93 7.88 13.13 9.15
37.30 1619.73 1027.73 10.00 67.00 41.00 7.19 7.71 15.11 9.46
37.67 1651.82 1004.32 10.00 65.00 46.00 7.38 7.46 18.65 9.41
43.50 1496.76 1072.46 9.00 60.00 59.00 7.37 6.89 18.49 12.78
42.38 1529.01 1095.29 10.00 59.00 51.00 7.39 7.22 19.29 13.04
42.66 1549.09 1095.53 10.00 54.00 51.00 7.52 7.18 18.18 13.05
36.44 1746.46 914.52 10.00 60.00 46.00 7.65 7.02 20.82 12.79
42.93 1561.10 1088.57 9.00 52.00 57.00 7.62 7.09 21.94 13.65
45.76 1431.62 1113.90 9.00 51.00 63.00 7.35 6.80 21.37 16.24
42.82 1518.10 1049.17 9.00 54.00 58.00 7.39 6.84 21.97 16.73
48.78 1352.84 1203.09 9.00 50.00 66.00 7.35 6.88 23.12 15.79
52.91 1278.66 1305.59 7.00 46.00 72.00 7.56 6.90 23.39 16.92
48.37 1356.64 1173.02 8.00 54.00 66.00 7.31 6.78 18.89 17.62
56.70 1099.35 1341.49 8.00 48.00 78.00 7.07 6.61 18.89 15.98
60.83 981.65 1446.50 7.00 44.00 82.00 6.98 6.64 18.37 19.77
52.50 1172.30 1310.56 7.00 56.00 66.00 6.87 6.97 18.33 19.77
51.85 1184.21 1223.85 6.00 58.00 71.00 6.85 6.58 16.69 17.94
58.11 1027.63 1356.14 5.00 54.00 82.00 6.83 6.51 17.65 11.46
64.06 830.37 1517.89 5.00 51.00 90.00 6.43 6.61 16.12 13.22
56.53 1005.64 1298.14 5.00 63.00 80.00 6.44 6.41 14.72 12.63
58.46 1002.08 1334.42 6.00 57.00 85.00 6.71 6.37 15.52 12.75
65.26 794.64 1363.12 5.00 50.00 111.00 6.36 5.82 15.52 11.31
66.12 757.71 1233.53 4.00 50.00 131.00 6.22 5.20 12.30 20.74
