36.08 496.37 454.09 7.00 25.00 2.00 6.51 10.57 5.75 3.06
21.03 744.26 270.96 5.00 21.00 1.00 7.88 10.81 7.65 1.62
27.89 657.64 326.29 5.00 16.00 4.00 7.63 9.80 12.26 1.19
30.44 643.33 353.27 4.00 15.00 4.00 7.74 9.71 11.67 0.98
27.83 657.57 298.00 4.00 17.00 4.00 7.61 8.96 7.46 0.69
35.33 515.77 365.93 5.00 21.00 7.00 6.67 8.70 14.41 0.67
43.42 425.22 400.37 4.00 23.00 17.00 6.28 7.75 15.36 7.20
38.86 437.68 343.44 4.00 28.00 17.00 5.98 7.44 14.74 8.42
50.64 363.04 462.62 4.00 21.00 21.00 6.15 7.68 10.90 9.06
48.69 393.35 445.85 4.00 24.00 19.00 6.40 7.68 9.36 12.66
32.25 572.31 338.08 3.00 28.00 7.00 7.05 8.77 8.24 11.31
43.47 539.20 408.38 3.00 21.00 14.00 7.97 7.87 13.01 9.30
28.31 697.97 258.21 3.00 24.00 10.00 8.13 7.66 12.11 6.19
33.06 607.50 292.74 4.00 21.00 12.00 7.58 7.43 15.38 5.61
42.97 506.95 375.36 4.00 16.00 17.00 7.43 7.33 11.31 9.07
29.56 642.85 274.00 3.00 18.00 10.00 7.62 7.78 16.66 9.93
34.06 590.73 283.04 3.00 20.00 15.00 7.47 6.97 27.93 8.61
48.75 495.91 332.95 1.00 15.00 28.00 8.07 5.72 0.00 0.00
51.92 449.58 381.85 3.00 15.00 27.00 7.81 6.16 2.00 16.90
54.94 366.79 412.82 4.00 15.00 27.00 6.80 6.30 8.34 16.41
46.97 457.69 373.07 4.00 16.00 21.00 7.22 6.67 20.44 8.37
46.97 457.69 462.60 4.00 16.00 17.00 7.22 8.28 20.44 12.71
42.39 474.67 356.69 2.00 20.00 19.00 6.89 7.04 18.43 21.80
43.97 508.21 362.35 2.00 21.00 21.00 7.58 6.90 0.00 20.85
65.31 304.41 546.46 2.00 14.00 30.00 7.33 7.00 17.72 6.65
63.00 325.06 509.97 2.00 15.00 26.00 7.34 6.79 16.78 6.97
50.81 431.79 434.48 3.00 19.00 20.00 7.33 7.19 14.18 14.60
71.19 224.35 566.22 2.00 12.00 30.00 6.50 6.67 14.18 2.75
70.22 219.54 526.51 1.00 14.00 31.00 6.16 6.28 13.60 0.00
47.53 389.39 337.99 1.00 25.00 22.00 6.19 5.93 0.00 0.00
62.36 277.47 432.68 1.00 19.00 32.00 6.15 5.79 0.00 0.00
59.17 295.07 427.34 1.00 21.00 31.00 6.03 6.04 20.67 0.00
56.64 306.06 444.77 2.00 23.00 29.00 5.89 6.57 0.00 11.28
59.06 290.22 450.18 2.00 23.00 32.00 5.92 6.38 7.98 9.83
62.22 292.82 467.19 2.00 19.00 32.00 6.47 6.29 11.53 1.35
65.42 275.22 369.43 2.00 16.00 50.00 6.64 4.71 0.00 13.65
71.50 231.75 261.91 1.00 13.00 70.00 6.78 3.05 0.00 0.00
