37.30 2398.91 1702.38 20.00 95.00 46.00 7.11 8.51 12.01 7.72
33.96 2606.93 1519.24 18.00 96.00 45.00 7.33 8.34 13.55 8.03
34.57 2569.70 1494.15 17.00 96.00 51.00 7.29 8.05 16.45 7.90
39.20 2413.20 1571.12 15.00 88.00 67.00 7.37 7.47 16.82 10.94
40.82 2352.01 1630.13 16.00 85.00 71.00 7.38 7.44 17.34 11.18
41.49 2229.50 1661.10 17.00 90.00 71.00 7.07 7.46 16.69 11.11
38.81 2369.45 1541.13 16.00 96.00 68.00 7.19 7.40 18.71 11.68
42.87 2227.49 1680.52 15.00 89.00 80.00 7.24 7.31 19.36 12.30
44.06 2169.28 1688.82 14.00 88.00 86.00 7.20 7.14 18.83 14.54
43.41 2221.94 1657.52 14.00 90.00 85.00 7.29 7.11 19.37 14.70
43.68 2248.64 1687.53 14.00 86.00 81.00 7.41 7.19 20.02 14.42
48.23 2114.88 1845.47 13.00 76.00 90.00 7.58 7.13 19.87 15.09
44.09 2238.30 1660.23 13.00 86.00 85.00 7.43 7.02 19.69 15.62
48.41 2052.94 1777.27 12.00 78.00 96.00 7.39 6.84 20.50 15.27
52.12 1895.80 1876.10 12.00 72.00 105.00 7.35 6.70 20.58 18.07
49.14 1965.22 1774.74 11.00 80.00 98.00 7.17 6.72 20.29 18.79
51.66 1817.73 1834.69 11.00 81.00 107.00 6.98 6.61 21.95 17.78
54.22 1740.50 1911.80 9.00 78.00 115.00 7.05 6.56 22.12 18.75
55.15 1695.17 1945.52 10.00 79.00 117.00 7.01 6.56 18.83 17.94
55.69 1613.15 1950.93 10.00 85.00 120.00 6.76 6.52 17.95 17.85
57.92 1519.82 2018.71 10.00 80.00 125.00 6.70 6.48 18.27 17.53
57.92 1519.82 1948.20 10.00 80.00 137.00 6.70 6.25 18.27 18.88
59.51 1477.03 1825.92 8.00 77.00 161.00 6.77 5.70 16.20 22.48
