35.68 1891.90 1327.02 16.00 79.00 29.00 7.02 8.92 10.99 7.17
35.21 1964.07 1244.91 15.00 78.00 35.00 7.24 8.47 12.46 7.46
34.72 1978.89 1211.11 14.00 76.00 36.00 7.24 8.36 12.67 7.62
36.47 1917.29 1237.96 14.00 73.00 39.00 7.20 8.14 13.53 7.62
37.65 1902.33 1248.28 13.00 70.00 44.00 7.28 7.95 13.15 8.61
37.65 1862.46 1248.28 13.00 75.00 44.00 7.13 7.95 14.62 8.61
36.48 1911.76 1167.86 12.00 80.00 47.00 7.18 7.67 17.54 8.77
41.70 1769.80 1217.85 11.00 73.00 63.00 7.24 7.00 18.38 11.98
44.53 1694.29 1332.12 12.00 68.00 67.00 7.29 7.17 18.30 12.39
43.25 1713.73 1295.17 12.00 69.00 64.00 7.21 7.17 17.60 12.71
37.50 1944.23 1140.76 12.00 72.00 51.00 7.42 7.29 20.41 12.83
44.02 1789.81 1335.50 11.00 61.00 63.00 7.63 7.27 20.41 13.27
42.17 1806.23 1225.74 10.00 67.00 65.00 7.45 6.96 20.01 15.83
41.90 1828.59 1210.95 10.00 66.00 66.00 7.51 6.92 21.34 15.88
46.94 1676.26 1349.45 11.00 58.00 74.00 7.54 6.88 21.67 14.98
49.60 1575.67 1436.75 10.00 55.00 76.00 7.46 6.94 21.31 16.37
48.60 1540.26 1402.01 10.00 62.00 75.00 7.15 6.91 22.02 16.64
52.80 1445.44 1484.33 8.00 57.00 84.00 7.31 6.73 22.47 15.98
54.73 1388.76 1500.74 8.00 56.00 88.00 7.32 6.56 18.37 19.11
54.73 1322.12 1500.74 8.00 62.00 88.00 6.97 6.56 18.33 19.11
56.69 1227.00 1551.45 8.00 61.00 92.00 6.76 6.55 19.60 18.67
55.78 1244.60 1578.77 8.00 63.00 87.00 6.72 6.77 19.41 19.46
56.08 1245.27 1563.67 7.00 64.00 90.00 6.77 6.67 17.43 16.96
55.90 1246.36 1538.11 6.00 70.00 93.00 6.74 6.58 14.72 12.09
61.05 1062.13 1645.32 6.00 64.00 104.00 6.50 6.44 15.04 12.75
61.05 1062.13 1485.60 6.00 64.00 119.00 6.50 5.81 15.04 12.88
64.40 1002.08 1469.23 6.00 57.00 142.00 6.71 5.45 15.52 20.47
