59.33 1733.98 2076.63 6.00 80.00 158.00 7.12 5.84 11.69 55.26
59.26 1741.93 2068.37 6.00 77.00 158.00 7.14 5.83 12.62 55.13
58.09 1777.05 2003.22 5.00 81.00 157.00 7.08 5.76 13.61 54.70
59.44 1752.96 2058.28 5.00 71.00 161.00 7.21 5.78 17.18 55.22
62.64 1587.20 2136.14 5.00 68.00 171.00 7.09 5.69 13.45 50.37
59.20 1680.81 1954.13 4.00 75.00 168.00 6.87 5.51 16.78 54.80
54.20 1889.40 1786.04 4.00 87.00 155.00 6.88 5.50 12.03 54.80
54.25 1846.14 1790.35 5.00 86.00 156.00 6.73 5.51 15.74 58.02
56.98 1749.31 1851.45 4.00 80.00 163.00 6.78 5.43 15.74 57.84
56.98 1749.31 1842.28 4.00 80.00 163.00 6.78 5.41 15.74 53.59
60.55 1625.73 1920.67 4.00 72.00 178.00 6.88 5.31 8.03 52.30
61.29 1616.20 1931.45 3.00 68.00 178.00 6.97 5.28 26.26 28.96
56.29 1823.72 1777.37 3.00 75.00 164.00 6.96 5.29 14.16 28.96
54.13 1925.16 1829.31 4.00 78.00 142.00 7.00 5.66 24.60 33.36
50.12 2073.65 1732.40 5.00 88.00 127.00 6.94 5.79 17.07 35.76
50.12 2073.65 1756.49 5.00 88.00 122.00 6.94 5.87 17.07 30.82
50.12 2073.65 1699.83 5.00 88.00 122.00 6.94 5.68 17.07 30.15
52.77 1975.58 1676.84 5.00 80.00 143.00 6.98 5.32 19.01 34.00
57.45 1762.44 1779.28 5.00 73.00 159.00 6.91 5.19 28.49 40.60
57.16 1719.34 1721.73 5.00 75.00 162.00 6.70 5.05 22.92 46.47
55.52 1772.35 1588.45 6.00 79.00 166.00 6.69 4.82 26.36 46.08
