62.26 1265.64 1680.88 5.00 61.00 145.00 7.00 5.63 6.74 54.74
64.51 1156.11 1741.57 5.00 62.00 148.00 6.80 5.63 10.67 60.04
63.04 1189.44 1676.42 4.00 63.00 147.00 6.71 5.55 8.52 59.70
64.42 1203.34 1739.76 4.00 54.00 148.00 7.06 5.64 13.79 60.73
68.43 1037.58 1841.17 4.00 51.00 154.00 6.86 5.61 10.02 54.15
63.81 1209.01 1639.31 3.00 54.00 151.00 6.97 5.36 12.83 59.64
57.56 1440.31 1471.22 3.00 64.00 138.00 7.08 5.33 9.38 59.64
60.01 1340.16 1560.33 4.00 59.00 143.00 6.99 5.42 13.64 61.41
63.42 1243.34 1610.81 3.00 53.00 151.00 7.09 5.30 13.64 61.41
58.10 1380.65 1491.05 3.00 61.00 138.00 6.87 5.36 18.52 60.38
56.31 1465.66 1440.59 3.00 65.00 135.00 7.00 5.34 6.98 60.38
54.57 1523.94 1371.06 3.00 63.00 132.00 7.00 5.25 8.03 20.97
54.57 1523.94 1389.97 3.00 63.00 129.00 7.00 5.32 8.03 6.90
54.57 1523.94 1481.30 3.00 63.00 116.00 7.00 5.69 8.03 7.45
54.57 1523.94 1467.03 3.00 63.00 118.00 7.00 5.64 8.03 21.52
51.61 1616.20 1450.22 3.00 68.00 100.00 6.97 5.89 26.26 28.96
45.36 1823.72 1318.49 3.00 75.00 77.00 6.96 6.10 14.16 28.96
45.98 1827.09 1340.88 4.00 70.00 78.00 7.05 6.12 27.15 33.36
47.22 1746.30 1387.08 5.00 73.00 79.00 6.90 6.16 19.01 35.76
50.76 1605.31 1414.99 4.00 69.00 94.00 6.80 5.84 19.01 34.32
50.76 1605.31 1304.26 4.00 69.00 109.00 6.80 5.39 19.01 33.10
56.40 1389.98 1350.04 4.00 65.00 133.00 6.65 5.02 20.02 36.75
62.24 1174.50 1452.47 4.00 55.00 149.00 6.49 4.89 28.64 43.53
61.58 1169.71 1403.27 4.00 58.00 149.00 6.35 4.78 22.72 51.44
59.55 1222.73 1293.42 5.00 62.00 149.00 6.35 4.59 25.32 50.40
