56.87 1265.64 1428.96 5.00 61.00 100.00 7.00 5.99 6.74 33.43
63.22 1058.45 1516.26 5.00 54.00 122.00 6.87 5.72 7.46 43.74
68.69 862.27 1582.81 4.00 48.00 144.00 6.57 5.49 8.49 53.83
70.53 832.66 1623.53 3.00 43.00 146.00 6.74 5.49 11.38 56.83
67.97 896.40 1539.02 3.00 47.00 144.00 6.67 5.40 2.40 56.83
65.09 993.87 1428.73 3.00 50.00 143.00 6.79 5.23 10.02 69.22
65.09 993.87 1446.56 3.00 50.00 138.00 6.79 5.30 10.02 60.39
65.14 1005.68 1452.38 3.00 46.00 138.00 6.88 5.32 14.81 59.64
61.90 1140.15 1340.49 2.00 50.00 134.00 7.13 5.16 9.69 64.77
58.20 1243.34 1284.17 3.00 53.00 126.00 7.09 5.26 13.64 69.67
63.30 1119.75 1396.08 3.00 45.00 135.00 7.27 5.26 4.85 61.41
61.65 1155.28 1347.92 2.00 44.00 131.00 7.18 5.22 20.28 1.48
54.51 1363.87 1193.83 2.00 56.00 117.00 7.15 5.23 6.98 1.48
48.08 1523.94 1153.21 3.00 63.00 92.00 7.00 5.73 8.03 20.97
48.08 1523.94 1183.09 3.00 63.00 87.00 7.00 5.88 8.03 6.90
48.08 1523.94 1217.92 3.00 63.00 78.00 7.00 6.07 8.03 7.45
48.08 1523.94 1215.04 3.00 63.00 73.00 7.00 6.06 8.03 21.52
48.48 1518.13 1225.16 3.00 60.00 74.00 7.03 6.06 30.15 28.96
48.48 1496.36 1225.16 3.00 60.00 74.00 6.92 6.06 16.25 28.96
49.45 1456.82 1224.43 3.00 59.00 76.00 6.87 5.94 27.15 38.03
43.72 1605.31 1084.83 4.00 69.00 69.00 6.80 5.96 19.01 39.98
50.17 1389.98 1204.63 4.00 65.00 86.00 6.65 5.76 20.02 34.32
57.31 1158.36 1279.69 4.00 55.00 109.00 6.47 5.35 20.02 33.10
61.01 1055.69 1241.94 3.00 52.00 128.00 6.45 4.88 20.02 40.55
60.55 1071.83 1182.01 3.00 52.00 132.00 6.48 4.68 28.64 47.24
62.17 1032.11 1196.54 4.00 50.00 137.00 6.50 4.61 9.88 51.44
67.06 876.73 1249.06 5.00 42.00 149.00 6.40 4.50 14.00 50.40
