49.69 1265.64 1222.21 5.00 61.00 57.00 7.00 6.85 6.74 19.79
57.09 1058.45 1253.06 5.00 54.00 83.00 6.87 6.11 7.46 24.71
63.47 862.27 1330.90 4.00 48.00 99.00 6.57 5.83 8.49 29.92
70.04 735.00 1398.22 3.00 35.00 120.00 6.82 5.55 8.49 36.07
75.38 569.24 1445.42 3.00 32.00 141.00 6.43 5.33 1.80 50.19
72.32 623.19 1312.50 2.00 39.00 141.00 6.26 5.05 12.33 61.63
63.99 852.70 1144.41 2.00 46.00 128.00 6.58 4.97 2.40 61.63
66.85 790.54 1241.81 3.00 42.00 130.00 6.63 5.17 11.42 69.22
71.40 693.71 1315.84 2.00 36.00 134.00 6.75 5.13 11.42 66.23
63.88 908.85 1176.23 2.00 40.00 121.00 7.00 5.12 14.81 64.77
61.50 1016.56 1125.76 2.00 42.00 118.00 7.34 5.09 2.92 64.77
62.36 1017.96 1141.04 2.00 36.00 119.00 7.52 5.09 4.85 15.73
62.36 1017.96 1149.32 2.00 36.00 117.00 7.52 5.13 4.85 0.73
55.26 1155.28 1130.07 2.00 44.00 91.00 7.18 5.70 20.28 1.48
46.93 1363.87 986.95 2.00 56.00 75.00 7.15 5.86 6.98 1.48
39.43 1523.94 889.83 3.00 63.00 54.00 7.00 6.29 8.03 20.97
39.43 1523.94 931.10 3.00 63.00 42.00 7.00 6.59 8.03 6.90
43.84 1425.87 992.86 3.00 55.00 52.00 7.06 6.34 4.98 7.45
52.18 1196.58 1121.71 3.00 48.00 70.00 6.96 6.02 4.98 21.52
52.95 1147.86 1108.72 2.00 49.00 72.00 6.78 5.86 30.15 29.95
44.62 1355.37 922.92 2.00 56.00 64.00 6.80 5.80 16.25 29.95
48.55 1241.49 1014.07 3.00 55.00 68.00 6.71 5.85 28.53 38.03
50.19 1158.36 1060.27 4.00 55.00 69.00 6.47 5.91 20.02 39.98
54.51 1055.69 1096.53 3.00 52.00 81.00 6.45 5.63 20.02 39.55
54.51 1055.69 1009.23 3.00 52.00 92.00 6.45 5.18 20.02 37.48
61.61 918.09 1035.21 3.00 44.00 116.00 6.65 4.69 3.73 40.55
69.41 725.83 1137.65 3.00 32.00 132.00 6.60 4.58 18.48 47.24
71.70 663.74 1173.30 3.00 31.00 136.00 6.53 4.57 9.88 51.83
69.09 716.75 1052.85 4.00 35.00 137.00 6.51 4.30 14.00 47.96
