45.89 740.11 629.97 3.00 30.00 19.00 7.62 7.65 6.18 20.69
45.54 735.43 615.99 3.00 31.00 20.00 7.52 7.53 6.36 21.94
49.20 636.90 662.73 3.00 31.00 22.00 6.98 7.50 9.77 20.05
62.33 509.63 774.01 2.00 18.00 35.00 7.53 6.91 9.77 7.08
61.11 467.39 740.07 2.00 23.00 36.00 6.69 6.74 11.12 2.80
53.48 525.53 605.40 2.00 31.00 37.00 6.28 6.30 1.80 20.42
53.48 525.53 592.14 2.00 31.00 37.00 6.28 6.16 1.80 5.42
68.65 322.19 637.07 2.00 23.00 63.00 5.72 5.16 0.00 9.58
77.74 225.37 668.17 1.00 17.00 76.00 5.63 4.78 0.00 0.00
77.74 225.37 624.12 1.00 17.00 85.00 5.63 4.47 0.00 0.00
89.65 101.78 705.35 1.00 9.00 105.00 5.47 4.38 0.00 0.00
91.17 97.66 706.29 0.00 8.00 104.00 6.15 4.31 0.00 0.00
74.50 327.17 552.20 0.00 15.00 90.00 7.13 4.12 0.00 0.00
65.06 468.34 604.67 1.00 19.00 66.00 7.46 5.18 0.00 0.00
65.06 468.34 647.47 1.00 19.00 58.00 7.46 5.54 0.00 0.00
50.02 683.48 551.86 1.00 23.00 36.00 7.61 6.14 17.92 0.00
33.35 914.78 420.14 1.00 33.00 13.00 7.63 7.01 2.92 0.00
33.56 919.89 434.75 2.00 28.00 15.00 7.70 7.21 0.00 15.73
50.22 690.61 597.12 2.00 21.00 27.00 7.72 6.62 0.00 0.73
45.46 686.94 525.19 1.00 25.00 25.00 7.01 6.45 23.52 0.00
28.80 895.53 339.39 1.00 37.00 17.00 6.99 6.59 8.52 0.00
28.83 840.27 337.97 2.00 40.00 18.00 6.57 6.56 0.00 22.95
45.50 608.64 510.96 2.00 30.00 29.00 6.21 6.27 0.00 7.95
54.13 505.98 557.95 1.00 27.00 37.00 6.13 5.79 0.00 0.00
54.13 505.98 524.44 1.00 27.00 43.00 6.13 5.46 0.00 0.00
60.44 460.63 583.53 1.00 24.00 47.00 6.48 5.41 0.00 0.00
60.44 459.75 583.53 1.00 19.00 47.00 6.46 5.41 0.00 0.00
68.26 401.22 676.01 1.00 15.00 50.00 7.03 5.55 15.77 0.00
54.89 549.71 549.24 2.00 25.00 40.00 6.78 5.62 3.73 5.57
54.89 549.71 538.50 2.00 25.00 44.00 6.78 5.47 3.73 9.43
54.89 549.71 484.72 2.00 25.00 49.00 6.78 4.92 3.73 24.43
62.78 457.45 451.68 2.00 20.00 69.00 6.83 4.00 0.00 39.43
78.37 266.02 554.11 2.00 13.00 85.00 6.85 3.94 17.47 53.47
75.15 261.83 497.30 2.00 16.00 86.00 5.87 3.69 0.00 56.37
83.56 167.04 502.76 2.00 10.00 97.00 5.78 3.42 6.15 13.67
