57.96 1592.80 1774.48 5.00 76.00 148.00 7.03 5.68 7.13 60.04
59.75 1526.79 1857.80 6.00 73.00 150.00 7.04 5.77 12.43 57.76
64.00 1330.61 1978.56 5.00 67.00 157.00 6.86 5.73 13.79 54.97
63.36 1418.48 1950.34 4.00 58.00 156.00 7.18 5.71 13.83 53.64
61.37 1484.02 1865.83 4.00 65.00 154.00 7.12 5.64 9.38 53.64
59.40 1543.49 1747.25 4.00 67.00 156.00 7.05 5.45 13.45 61.41
59.40 1543.49 1741.53 4.00 67.00 155.00 7.05 5.44 13.45 55.47
59.72 1477.47 1767.21 4.00 67.00 155.00 6.80 5.49 18.52 54.80
57.20 1589.24 1655.32 3.00 73.00 151.00 6.88 5.37 11.88 60.38
52.20 1749.31 1514.19 4.00 80.00 139.00 6.78 5.38 15.74 64.47
56.17 1625.73 1636.72 4.00 72.00 147.00 6.88 5.41 8.03 57.84
59.62 1523.94 1699.15 3.00 63.00 156.00 7.00 5.30 8.03 7.45
59.62 1523.94 1673.92 3.00 63.00 160.00 7.00 5.23 8.03 21.52
56.99 1616.20 1713.60 3.00 68.00 138.00 6.97 5.60 26.26 28.96
51.43 1823.72 1570.48 3.00 75.00 122.00 6.96 5.69 14.16 28.96
49.04 1925.16 1565.93 4.00 78.00 104.00 7.00 5.95 24.60 33.36
44.58 2073.65 1480.41 5.00 88.00 82.00 6.94 6.19 17.07 35.76
47.52 1975.58 1531.44 5.00 80.00 96.00 6.98 6.00 19.01 30.82
53.08 1746.30 1606.50 5.00 73.00 119.00 6.90 5.64 19.01 30.15
56.23 1605.31 1560.40 4.00 69.00 141.00 6.80 5.17 19.01 36.75
55.87 1621.46 1477.03 4.00 69.00 149.00 6.81 4.93 28.49 43.53
57.41 1504.01 1511.37 5.00 71.00 154.00 6.55 4.90 22.72 46.47
61.18 1325.39 1563.88 6.00 65.00 166.00 6.37 4.79 25.32 46.08
