22.92 695.97 235.46 2.00 29.00 4.00 7.54 8.60 8.41 5.05
41.06 532.92 428.93 3.00 23.00 7.00 7.56 8.74 7.40 7.39
60.19 336.74 531.91 2.00 17.00 18.00 7.07 7.38 0.00 18.98
57.14 411.98 497.95 1.00 12.00 18.00 8.03 7.28 1.58 0.00
59.53 343.87 525.33 2.00 15.00 19.00 7.09 7.37 0.00 22.08
63.61 300.16 462.98 1.00 14.00 30.00 6.88 6.08 0.00 0.00
45.75 423.68 345.46 1.00 22.00 20.00 6.51 6.31 11.12 0.00
52.97 322.19 418.48 2.00 23.00 24.00 5.72 6.60 0.00 20.42
66.61 225.37 461.42 1.00 17.00 33.00 5.63 5.78 0.00 0.00
66.61 225.37 360.91 1.00 17.00 46.00 5.63 4.52 0.00 0.00
84.47 101.78 453.44 1.00 9.00 60.00 5.47 4.48 0.00 0.00
100.00 0.00 480.99 0.00 0.00 78.00 0.00 4.01 0.00 0.00
100.00 0.00 458.60 0.00 0.00 87.00 0.00 3.83 0.00 0.00
86.75 97.66 488.44 0.00 8.00 64.00 6.15 4.70 0.00 0.00
61.75 327.17 345.32 0.00 15.00 48.00 7.13 4.67 0.00 0.00
47.58 468.34 341.29 1.00 19.00 28.00 7.46 5.99 0.00 0.00
47.58 468.34 395.48 1.00 19.00 13.00 7.46 6.94 0.00 0.00
38.28 585.41 326.81 1.00 15.00 10.00 7.92 7.13 0.00 0.00
38.28 587.42 326.81 1.00 18.00 10.00 7.95 7.13 0.00 0.00
39.50 549.62 318.31 1.00 17.00 13.00 7.58 6.72 0.00 0.00
39.50 549.62 294.88 1.00 17.00 17.00 7.58 6.24 0.00 0.00
40.75 471.60 314.82 1.00 21.00 17.00 6.65 6.48 0.00 0.00
40.75 448.57 314.82 1.00 23.00 17.00 6.32 6.48 0.00 0.00
31.19 505.98 229.86 1.00 27.00 13.00 6.13 6.20 0.00 0.00
31.19 505.98 240.49 1.00 27.00 12.00 6.13 6.49 0.00 0.00
52.50 368.37 351.23 1.00 19.00 25.00 6.47 5.65 0.00 0.00
77.50 159.98 480.08 1.00 7.00 43.00 5.93 5.22 0.00 0.00
88.17 92.26 560.29 0.00 5.00 46.00 6.51 5.35 0.00 0.00
63.17 299.77 387.33 0.00 12.00 35.00 6.79 5.17 0.00 0.00
52.39 401.22 347.95 1.00 15.00 26.00 7.03 5.56 15.77 0.00
32.33 549.71 265.29 2.00 25.00 9.00 6.78 6.86 3.73 5.57
44.17 457.45 306.27 2.00 20.00 22.00 6.83 5.79 0.00 9.43
69.17 249.87 381.34 2.00 13.00 45.00 6.77 4.60 0.00 24.43
79.94 147.80 335.97 1.00 10.00 65.00 6.15 3.51 0.00 0.00
98.39 16.14 391.35 0.00 0.00 80.00 8.50 3.33 0.00 0.00
82.78 114.02 306.67 1.00 6.00 68.00 5.54 3.10 0.00 0.00
75.11 167.04 284.09 2.00 10.00 57.00 5.78 3.26 6.15 13.67
