45.83 1163.79 975.52 4.00 52.00 40.00 7.18 7.11 8.51 21.84
56.17 862.27 1124.15 4.00 48.00 56.00 6.57 6.68 8.49 15.59
70.46 569.24 1193.51 3.00 32.00 96.00 6.43 5.65 1.80 21.98
72.09 525.53 1050.81 2.00 31.00 125.00 6.28 4.87 1.80 54.58
71.34 552.54 1013.69 1.00 32.00 124.00 6.43 4.74 2.92 0.00
72.82 570.13 1101.10 2.00 28.00 118.00 7.00 5.05 0.00 66.23
60.01 914.78 879.01 1.00 33.00 100.00 7.63 4.89 2.92 0.00
54.83 1017.96 942.44 2.00 36.00 75.00 7.52 5.74 4.85 0.73
36.31 1363.87 734.96 2.00 56.00 30.00 7.15 6.78 6.98 1.48
42.61 1196.58 837.77 3.00 48.00 39.00 6.96 6.58 4.98 6.90
48.28 1055.60 819.47 2.00 44.00 60.00 6.81 5.71 4.98 22.05
52.57 908.42 898.36 2.00 42.00 64.00 6.39 5.75 19.18 29.95
45.41 1055.69 789.81 3.00 52.00 52.00 6.45 5.86 20.02 46.09
63.93 709.69 964.87 3.00 32.00 92.00 6.57 5.06 3.73 37.48
72.29 565.86 941.44 2.00 25.00 120.00 6.81 4.37 18.48 53.47
62.84 716.75 768.91 4.00 35.00 106.00 6.51 4.14 14.00 47.96
