17.28 403.30 98.06 1.00 13.00 1.00 8.14 9.55 9.52 0.00
22.33 323.45 118.04 2.00 19.00 2.00 6.96 8.85 0.00 0.33
28.56 292.61 137.39 1.00 16.00 3.00 6.85 8.03 0.00 0.00
59.78 209.47 310.89 1.00 4.00 5.00 8.72 8.70 0.00 0.00
91.83 43.71 394.51 1.00 1.00 15.00 9.04 7.17 0.00 0.00
54.50 202.51 186.92 0.00 8.00 13.00 7.43 5.72 0.00 0.00
27.22 300.16 130.73 1.00 14.00 3.00 6.88 8.04 0.00 0.00
72.72 96.82 276.06 1.00 6.00 17.00 5.93 6.34 0.00 0.00
64.28 123.52 214.73 0.00 8.00 16.00 5.77 5.58 0.00 0.00
33.22 225.37 142.32 1.00 17.00 7.00 5.63 7.16 0.00 0.00
68.94 101.78 246.69 1.00 9.00 17.00 5.47 5.97 0.00 0.00
100.00 0.00 217.78 0.00 0.00 39.00 0.00 3.63 0.00 0.00
100.00 0.00 206.69 0.00 0.00 42.00 0.00 3.45 0.00 0.00
100.00 0.00 263.13 0.00 0.00 38.00 0.00 4.40 0.00 0.00
100.00 0.00 251.72 0.00 0.00 45.00 0.00 4.20 0.00 0.00
73.50 97.66 225.05 0.00 8.00 26.00 6.15 5.11 0.00 0.00
23.50 327.17 93.33 0.00 15.00 3.00 7.13 6.65 0.00 0.00
21.67 370.27 116.23 1.00 11.00 2.00 7.89 8.99 0.00 0.00
71.67 140.98 302.15 1.00 4.00 10.00 8.34 7.04 0.00 0.00
54.89 215.14 210.36 0.00 4.00 8.00 7.96 6.39 0.00 0.00
4.89 446.43 24.56 0.00 14.00 0.00 7.83 8.47 0.00 0.00
24.11 334.29 107.94 1.00 13.00 5.00 7.35 7.48 0.00 0.00
74.11 102.67 270.31 1.00 3.00 17.00 6.64 6.09 0.00 0.00
57.39 137.31 206.72 0.00 8.00 12.00 5.38 6.06 0.00 0.00
7.39 345.91 44.36 0.00 20.00 0.00 6.23 10.65 0.00 0.00
5.00 368.37 23.14 1.00 19.00 1.00 6.47 7.80 0.00 0.00
55.00 159.98 196.13 1.00 7.00 12.00 5.93 5.97 0.00 0.00
100.00 0.00 327.99 0.00 0.00 24.00 0.00 5.54 0.00 0.00
100.00 0.00 283.88 0.00 0.00 31.00 0.00 4.81 0.00 0.00
76.33 92.26 232.23 0.00 5.00 22.00 6.51 5.10 0.00 0.00
26.33 299.77 103.38 0.00 12.00 4.00 6.79 6.56 0.00 0.00
28.44 308.96 115.71 1.00 10.00 4.00 7.21 6.79 0.00 0.00
38.33 249.87 161.91 2.00 13.00 5.00 6.77 7.06 0.00 5.57
59.89 147.80 190.56 1.00 10.00 18.00 6.15 5.31 0.00 0.00
100.00 0.00 218.57 0.00 0.00 40.00 0.00 3.65 0.00 0.00
100.00 0.00 145.34 0.00 0.00 47.00 0.00 2.43 0.00 0.00
96.78 16.14 172.68 0.00 0.00 40.00 8.50 2.99 0.00 0.00
65.56 114.02 161.33 1.00 6.00 20.00 5.54 4.14 0.00 0.00
52.15 150.05 111.41 2.00 10.00 17.00 5.56 3.78 0.00 13.67
