41.22 1040.27 760.79 4.00 44.00 23.00 7.39 7.71 7.23 19.91
52.33 833.08 892.05 4.00 37.00 37.00 7.30 7.12 8.32 20.27
52.97 760.42 877.46 3.00 39.00 39.00 6.75 6.91 9.91 18.00
55.06 735.00 916.43 3.00 35.00 42.00 6.82 6.95 8.49 20.70
63.07 569.24 986.75 3.00 32.00 53.00 6.43 6.53 1.80 6.82
65.11 525.53 823.99 2.00 31.00 76.00 6.28 5.28 1.80 9.58
65.11 525.53 798.90 2.00 31.00 80.00 6.28 5.12 1.80 24.58
76.49 322.19 900.27 2.00 23.00 102.00 5.72 4.91 0.00 39.58
83.31 225.37 920.09 1.00 17.00 121.00 5.63 4.61 0.00 0.00
76.68 323.03 849.42 1.00 25.00 111.00 5.78 4.62 12.08 0.00
73.11 428.95 798.95 1.00 24.00 108.00 6.65 4.56 0.00 0.00
73.79 468.34 822.52 1.00 19.00 106.00 7.46 4.65 0.00 0.00
73.79 468.34 854.35 1.00 19.00 100.00 7.46 4.83 0.00 0.00
62.51 683.48 815.24 1.00 23.00 74.00 7.61 5.44 17.92 0.00
50.01 914.78 672.13 1.00 33.00 58.00 7.63 5.61 2.92 0.00
43.54 1017.96 659.81 2.00 36.00 41.00 7.52 6.32 4.85 15.73
43.54 1017.96 690.45 2.00 36.00 30.00 7.52 6.62 4.85 0.73
39.51 1057.21 641.63 2.00 36.00 27.00 7.29 6.79 23.52 1.48
39.51 1036.51 641.63 2.00 41.00 27.00 7.15 6.79 8.52 1.48
35.35 1055.60 548.33 2.00 44.00 26.00 6.81 6.49 4.98 22.95
35.35 1055.60 535.52 2.00 44.00 29.00 6.81 6.35 4.98 7.95
46.62 840.27 666.05 2.00 40.00 42.00 6.57 6.01 0.00 7.05
59.13 608.64 794.91 2.00 30.00 60.00 6.21 5.66 0.00 22.05
59.68 598.24 790.25 1.00 32.00 59.00 6.19 5.57 34.18 0.00
47.18 805.75 627.89 1.00 39.00 47.00 6.36 5.61 19.18 0.00
52.44 769.59 699.24 2.00 34.00 51.00 6.75 5.60 15.77 45.87
54.92 709.69 745.45 3.00 32.00 52.00 6.57 5.70 3.73 46.09
66.17 549.71 866.57 2.00 25.00 68.00 6.78 5.50 3.73 9.43
66.17 549.71 768.66 2.00 25.00 80.00 6.78 4.87 3.73 24.43
66.17 549.71 683.91 2.00 25.00 91.00 6.78 4.32 3.73 39.43
65.36 565.86 657.49 2.00 25.00 89.00 6.81 4.20 18.48 53.47
63.47 571.48 613.01 3.00 26.00 90.00 6.53 4.04 8.10 51.83
72.09 416.91 665.53 4.00 23.00 102.00 6.33 3.91 11.67 47.96
