46.40 790.01 1066.67 6.00 79.00 40.00 4.92 7.68 19.58 15.29
42.92 886.94 944.03 6.00 82.00 42.00 5.19 7.35 16.08 16.61
43.94 747.14 926.97 5.00 101.00 46.00 4.45 7.05 16.24 15.34
45.54 697.41 1036.75 5.00 101.00 40.00 4.28 7.60 15.88 16.68
42.38 907.70 925.08 4.00 94.00 38.00 5.26 7.30 11.88 17.31
40.13 1043.15 892.62 5.00 87.00 35.00 5.82 7.44 12.90 15.51
47.37 877.41 936.32 5.00 82.00 47.00 5.56 6.61 18.00 15.98
61.90 770.20 1214.10 5.00 46.00 68.00 6.75 6.57 15.79 24.84
57.80 805.99 1056.41 4.00 56.00 76.00 6.37 6.16 14.18 42.06
70.60 476.07 1353.42 4.00 45.00 84.00 5.41 6.47 15.17 35.52
71.36 442.31 1400.61 6.00 44.00 79.00 5.16 6.62 10.10 37.21
65.13 498.30 1342.92 5.00 55.00 69.00 4.77 6.96 8.73 14.66
62.31 550.88 1249.12 6.00 57.00 66.00 4.88 6.75 10.08 17.91
69.06 476.26 1318.43 7.00 43.00 77.00 5.15 6.40 8.99 32.66
64.98 556.96 1172.17 7.00 47.00 82.00 5.31 6.03 10.95 33.09
75.68 346.73 1210.50 4.00 38.00 109.00 4.76 5.35 12.77 35.83
