43.00 1126.73 1378.79 8.00 130.00 52.00 4.72 7.65 18.47 13.29
45.49 1074.21 1437.55 8.00 122.00 55.00 4.70 7.54 19.86 12.87
46.40 1044.26 1404.04 7.00 122.00 61.00 4.65 7.22 18.22 16.32
47.27 1072.66 1422.38 8.00 121.00 61.00 4.85 7.18 17.53 17.60
44.10 1209.60 1306.83 7.00 127.00 59.00 5.16 7.07 16.54 18.29
43.62 1245.04 1353.80 7.00 127.00 56.00 5.27 7.41 15.00 16.74
39.51 1353.74 1255.74 7.00 133.00 50.00 5.34 7.59 13.93 16.76
44.48 1296.99 1414.24 8.00 119.00 52.00 5.57 7.60 14.02 15.70
47.49 1215.58 1383.56 7.00 114.00 66.00 5.52 6.96 15.37 13.66
47.49 1215.58 1366.97 7.00 114.00 63.00 5.52 6.87 15.37 15.20
54.07 1106.91 1526.22 7.00 97.00 80.00 5.75 6.75 16.51 22.27
56.21 1065.16 1524.16 6.00 92.00 91.00 5.80 6.51 18.00 33.11
57.02 963.31 1516.06 5.00 96.00 95.00 5.34 6.38 16.77 37.75
57.55 1013.54 1574.34 6.00 89.00 91.00 5.69 6.58 14.48 35.80
63.13 938.45 1733.28 6.00 71.00 97.00 6.07 6.60 15.37 34.47
61.32 1004.86 1689.17 7.00 73.00 94.00 6.19 6.63 14.15 35.90
57.94 1098.65 1619.43 8.00 77.00 89.00 6.23 6.73 13.57 34.04
62.65 956.55 1770.16 7.00 67.00 97.00 6.11 6.80 12.18 32.90
63.75 806.11 1801.40 8.00 75.00 98.00 5.31 6.80 11.27 32.65
63.25 811.48 1714.77 8.00 75.00 100.00 5.27 6.52 12.03 32.80
69.91 614.64 1882.80 8.00 66.00 111.00 4.88 6.47 10.65 32.99
72.09 563.87 1839.87 7.00 60.00 132.00 4.82 6.13 10.65 38.31
72.52 562.16 1898.18 7.00 57.00 124.00 4.88 6.29 10.97 32.66
72.46 563.77 1874.40 7.00 57.00 128.00 4.89 6.21 11.58 31.27
65.33 725.28 1691.27 8.00 73.00 111.00 4.99 6.21 11.21 31.31
65.33 725.28 1725.76 8.00 73.00 104.00 4.99 6.32 11.21 29.28
70.71 639.38 1773.59 8.00 59.00 123.00 5.21 6.00 10.15 30.51
