47.98 1176.98 1740.31 9.00 134.00 65.00 4.72 7.57 19.86 15.15
46.82 1255.04 1674.84 9.00 133.00 63.00 4.93 7.47 18.95 16.62
41.36 1456.47 1422.38 8.00 144.00 61.00 5.18 7.18 16.54 17.60
46.28 1351.33 1606.59 9.00 134.00 70.00 5.25 7.25 17.09 16.60
43.92 1453.73 1507.47 8.00 137.00 69.00 5.41 7.17 16.12 17.11
42.93 1492.66 1528.73 8.00 142.00 59.00 5.46 7.44 14.08 15.70
44.30 1417.51 1513.57 9.00 143.00 68.00 5.31 7.14 16.08 15.16
50.55 1309.98 1705.72 9.00 122.00 78.00 5.53 7.05 16.08 16.40
54.06 1215.58 1759.33 7.00 114.00 93.00 5.52 6.81 15.37 22.27
54.06 1215.58 1723.61 7.00 114.00 97.00 5.52 6.70 15.37 31.32
55.10 1192.81 1730.20 7.00 111.00 101.00 5.54 6.59 15.56 33.68
54.60 1220.84 1711.38 7.00 112.00 97.00 5.61 6.59 16.45 33.86
58.66 1045.67 1831.26 6.00 107.00 103.00 5.28 6.57 17.65 34.47
57.76 1142.63 1831.73 8.00 100.00 99.00 5.64 6.67 14.15 34.13
61.06 1148.75 1981.10 9.00 81.00 102.00 6.16 6.82 13.57 32.74
61.83 1137.44 2007.45 8.00 79.00 105.00 6.22 6.83 13.69 32.88
56.54 1218.39 1819.58 9.00 97.00 98.00 5.85 6.78 12.77 32.28
60.26 1090.08 1899.06 9.00 87.00 110.00 5.73 6.63 12.03 31.01
66.51 858.69 2083.44 9.00 77.00 121.00 5.35 6.58 12.03 31.30
67.84 811.48 2014.73 8.00 75.00 135.00 5.27 6.24 12.03 36.03
73.18 625.92 2156.02 9.00 66.00 143.00 4.87 6.19 11.04 39.05
75.03 576.75 2166.10 8.00 60.00 153.00 4.83 6.06 11.39 39.39
69.67 725.28 2067.11 8.00 73.00 137.00 4.99 6.23 11.21 31.31
69.67 725.28 2082.18 8.00 73.00 138.00 4.99 6.28 11.21 29.28
69.67 725.28 1977.50 8.00 73.00 144.00 4.99 5.96 11.21 30.51
