46.40 790.01 1066.67 6.00 79.00 40.00 4.92 7.68 19.58 15.29
50.32 728.59 1157.94 6.00 72.00 44.00 4.90 7.69 20.33 14.69
42.92 886.94 944.03 6.00 82.00 42.00 5.19 7.35 16.08 16.61
48.39 754.07 1042.52 6.00 82.00 48.00 4.88 7.20 15.27 14.76
43.94 747.14 926.97 5.00 101.00 46.00 4.45 7.05 16.24 15.34
41.97 785.55 932.29 5.00 103.00 39.00 4.52 7.42 15.62 12.40
45.54 697.41 1036.75 5.00 101.00 40.00 4.28 7.60 15.88 16.68
46.77 770.71 1055.09 6.00 91.00 40.00 4.84 7.54 15.89 18.08
42.38 907.70 925.08 4.00 94.00 38.00 5.26 7.30 11.88 17.31
40.26 954.98 900.56 5.00 96.00 34.00 5.34 7.48 12.50 15.49
40.13 1043.15 892.62 5.00 87.00 35.00 5.82 7.44 12.90 15.51
40.09 1052.18 876.04 5.00 89.00 31.00 5.86 7.31 13.04 15.51
47.37 877.41 936.32 5.00 82.00 47.00 5.56 6.61 18.00 15.98
51.90 857.86 1030.48 5.00 69.00 51.00 5.95 6.64 15.79 17.09
61.90 770.20 1214.10 5.00 46.00 68.00 6.75 6.57 15.79 24.84
65.33 720.09 1244.56 4.00 42.00 80.00 6.93 6.42 15.79 38.97
57.80 805.99 1056.41 4.00 56.00 76.00 6.37 6.16 14.18 42.06
62.78 694.88 1194.48 4.00 50.00 78.00 6.23 6.42 14.86 38.64
70.60 476.07 1353.42 4.00 45.00 84.00 5.41 6.47 15.17 35.52
66.74 545.37 1267.59 5.00 49.00 76.00 5.48 6.41 13.25 39.55
71.36 442.31 1400.61 6.00 44.00 79.00 5.16 6.62 10.10 37.21
72.21 430.34 1411.02 5.00 40.00 84.00 5.17 6.59 9.79 38.24
65.13 498.30 1342.92 5.00 55.00 69.00 4.77 6.96 8.73 14.66
62.31 550.88 1248.21 6.00 57.00 72.00 4.88 6.77 10.08 13.40
62.31 550.88 1249.12 6.00 57.00 66.00 4.88 6.75 10.08 17.91
62.31 550.88 1191.75 6.00 57.00 73.00 4.88 6.41 10.08 26.68
69.06 476.26 1318.43 7.00 43.00 77.00 5.15 6.40 8.99 32.66
72.78 408.09 1330.45 6.00 37.00 88.00 5.01 6.11 9.54 33.58
64.98 556.96 1172.17 7.00 47.00 82.00 5.31 6.03 10.95 33.09
70.96 440.51 1281.15 5.00 42.00 89.00 5.07 6.03 11.54 32.86
75.68 346.73 1210.50 4.00 38.00 109.00 4.76 5.35 12.77 35.83
