40.64 379.59 451.61 3.00 29.00 6.00 5.34 9.29 23.80 4.30
54.31 288.66 505.04 3.00 19.00 16.00 5.27 7.77 21.78 4.83
48.53 346.78 367.28 2.00 21.00 21.00 5.62 6.31 3.18 15.32
48.53 301.88 367.28 2.00 29.00 21.00 4.90 6.31 18.18 15.32
48.39 301.91 381.67 3.00 33.00 21.00 4.89 6.59 19.33 18.05
52.03 290.06 453.01 2.00 31.00 22.00 5.05 7.28 19.02 18.32
37.94 310.44 363.12 2.00 46.00 15.00 4.18 8.01 8.93 19.50
55.44 244.26 538.20 3.00 30.00 21.00 4.58 8.12 14.60 15.94
47.81 338.17 446.73 2.00 32.00 19.00 5.41 7.82 4.18 8.50
36.47 357.72 336.49 2.00 44.00 12.00 4.70 7.71 9.02 0.30
34.50 336.56 312.12 2.00 51.00 12.00 4.29 7.55 8.23 0.30
33.42 345.07 279.60 2.00 50.00 11.00 4.33 6.98 0.00 0.35
55.08 157.32 459.50 1.00 40.00 19.00 2.92 6.96 0.00 0.00
44.47 318.59 379.86 2.00 38.00 13.00 4.79 7.13 5.17 24.12
44.47 462.31 379.86 2.00 26.00 13.00 6.95 7.13 9.83 24.12
47.75 459.49 421.51 2.00 24.00 17.00 7.34 7.39 13.02 10.53
24.42 656.33 218.83 2.00 32.00 10.00 7.24 7.55 10.74 11.53
38.75 526.22 359.15 2.00 27.00 12.00 7.17 7.76 0.00 2.38
60.28 307.81 458.48 3.00 20.00 28.00 6.47 6.36 16.48 5.94
65.58 260.60 466.34 2.00 18.00 28.00 6.32 5.94 16.48 7.85
88.92 63.76 633.61 2.00 9.00 45.00 4.82 5.98 0.00 22.85
96.53 12.99 648.12 1.00 3.00 59.00 3.14 5.68 0.00 0.00
81.17 85.90 579.75 0.00 14.00 47.00 3.81 6.06 0.00 0.00
71.67 155.68 543.64 1.00 20.00 40.00 4.58 6.48 0.00 0.00
66.22 168.26 519.10 1.00 25.00 29.00 4.16 6.67 13.73 0.00
51.28 284.77 444.61 3.00 31.00 14.00 4.88 7.31 10.53 17.02
58.31 292.65 563.02 4.00 21.00 13.00 5.86 8.13 2.54 14.88
62.33 261.67 575.36 3.00 17.00 19.00 5.81 7.73 3.51 10.43
46.61 329.98 447.97 4.00 29.00 14.00 5.17 8.05 5.62 10.53
54.50 266.11 447.18 3.00 26.00 23.00 4.89 6.87 9.57 10.62
66.31 172.33 482.12 2.00 22.00 31.00 4.27 6.08 11.18 23.47
71.78 133.10 428.85 2.00 20.00 48.00 3.94 4.99 0.00 38.47
90.97 63.86 555.26 2.00 2.00 55.00 5.93 5.09 0.00 48.18
97.83 12.89 626.19 1.00 0.00 56.00 5.09 5.34 1.07 0.00
72.89 174.40 441.99 2.00 16.00 44.00 5.37 5.06 13.90 18.05
72.89 174.40 533.94 2.00 16.00 31.00 5.37 6.12 13.90 3.05
74.86 163.13 455.02 1.00 16.00 46.00 5.41 5.08 0.00 0.00
