44.51 681.49 833.49 6.00 62.00 27.00 5.13 7.82 21.35 13.18
53.17 578.73 958.27 5.00 50.00 38.00 5.16 7.53 21.35 15.52
43.24 657.29 730.40 4.00 67.00 36.00 4.83 7.06 17.01 17.82
51.99 546.21 905.48 5.00 60.00 42.00 4.75 7.27 18.54 16.06
48.10 640.07 828.48 5.00 65.00 40.00 5.15 7.20 16.08 17.80
44.25 647.79 789.73 4.00 75.00 34.00 4.85 7.46 14.01 13.83
36.22 647.16 675.24 4.00 97.00 27.00 4.24 7.79 12.54 13.83
44.43 589.88 817.80 5.00 80.00 32.00 4.43 7.69 15.88 12.40
51.44 495.49 906.74 3.00 72.00 38.00 4.26 7.36 11.18 13.67
40.47 676.31 716.35 4.00 83.00 25.00 4.74 7.39 15.62 17.31
39.49 799.02 691.97 4.00 77.00 25.00 5.51 7.31 13.27 17.31
40.58 804.56 701.11 4.00 74.00 28.00 5.65 7.22 15.03 17.25
39.75 813.65 678.48 3.00 72.00 29.00 5.63 7.14 13.84 19.70
41.61 844.87 739.00 4.00 66.00 25.00 6.03 7.42 10.97 17.22
52.38 770.20 838.34 5.00 46.00 41.00 6.75 6.69 15.79 15.98
56.67 720.09 887.91 4.00 42.00 46.00 6.93 6.55 15.79 15.63
56.67 720.09 852.43 4.00 42.00 55.00 6.93 6.31 15.79 26.70
67.64 539.20 1007.27 3.00 30.00 72.00 6.95 6.28 16.48 36.89
70.72 393.71 1038.23 3.00 34.00 76.00 5.61 6.19 13.49 40.37
68.62 416.28 1010.20 3.00 38.00 68.00 5.54 6.22 14.86 42.26
77.57 232.02 1152.78 3.00 34.00 74.00 4.32 6.27 13.54 36.75
73.90 297.76 1092.73 4.00 34.00 73.00 4.76 6.24 11.28 43.93
69.74 378.55 1142.77 4.00 35.00 60.00 5.22 6.93 9.41 14.88
67.00 417.35 1119.31 4.00 37.00 59.00 5.28 7.07 9.61 14.09
56.42 498.30 967.08 5.00 55.00 43.00 4.77 7.24 8.73 14.66
52.89 550.88 891.79 6.00 57.00 38.00 4.88 7.08 10.08 13.40
62.31 464.98 1045.22 6.00 43.00 45.00 5.15 7.03 8.17 17.91
67.06 395.20 1004.22 5.00 37.00 67.00 5.01 6.26 8.17 28.62
68.79 393.83 1003.24 6.00 31.00 69.00 5.27 6.09 9.82 34.84
76.17 279.00 1073.37 4.00 26.00 79.00 4.89 5.89 11.13 36.25
69.60 346.73 924.27 4.00 38.00 76.00 4.76 5.55 12.77 41.03
72.33 307.50 962.86 4.00 36.00 79.00 4.64 5.56 13.41 36.26
82.92 226.98 1010.42 3.00 18.00 101.00 5.55 5.09 13.90 27.55
