45.61 1019.66 1280.30 8.00 94.00 46.00 5.22 7.82 18.61 14.66
47.60 936.45 1294.98 7.00 94.00 50.00 4.97 7.58 17.82 13.68
40.32 994.01 1042.52 6.00 118.00 48.00 4.63 7.20 16.24 14.76
45.80 891.83 1185.09 7.00 110.00 53.00 4.58 7.20 18.22 13.75
50.43 797.39 1288.49 6.00 105.00 59.00 4.48 7.11 18.22 16.51
44.32 966.37 1169.58 6.00 114.00 47.00 4.83 7.35 16.66 18.08
38.97 1109.62 1055.09 6.00 123.00 40.00 5.06 7.54 14.25 18.08
45.54 1049.38 1239.31 7.00 104.00 49.00 5.36 7.59 14.99 16.74
42.44 1151.82 1125.73 5.00 104.00 48.00 5.57 7.39 11.78 15.51
39.90 1202.59 1075.49 6.00 111.00 37.00 5.57 7.51 11.42 14.21
46.42 1106.91 1150.46 7.00 97.00 53.00 5.75 6.90 16.51 13.66
48.92 1065.16 1167.52 6.00 92.00 57.00 5.80 6.65 18.00 16.11
56.14 877.41 1312.09 5.00 82.00 74.00 5.56 6.53 18.00 24.84
59.92 857.86 1387.12 5.00 69.00 85.00 5.95 6.49 15.79 35.06
61.97 856.10 1418.08 5.00 60.00 89.00 6.26 6.41 14.18 37.75
61.67 875.77 1431.77 5.00 62.00 86.00 6.35 6.52 14.48 38.87
59.85 888.35 1371.61 5.00 67.00 84.00 6.15 6.44 15.37 37.62
62.19 823.97 1451.88 6.00 61.00 86.00 6.06 6.56 13.25 36.48
66.58 686.36 1601.25 7.00 55.00 89.00 5.72 6.75 12.29 34.63
66.53 677.95 1585.88 6.00 55.00 87.00 5.64 6.69 12.18 35.14
67.25 562.06 1600.75 7.00 64.00 88.00 4.78 6.68 9.32 34.76
67.44 563.87 1539.91 7.00 60.00 97.00 4.82 6.41 10.65 35.05
68.59 550.88 1624.96 6.00 57.00 92.00 4.88 6.65 10.08 17.91
68.59 550.88 1548.17 6.00 57.00 107.00 4.88 6.34 10.08 26.68
67.94 562.16 1522.34 7.00 57.00 98.00 4.88 6.28 10.97 32.66
67.87 563.77 1517.98 7.00 57.00 94.00 4.89 6.24 11.58 31.27
65.83 639.38 1487.37 8.00 59.00 90.00 5.21 6.31 10.15 31.31
69.00 569.60 1538.23 7.00 53.00 98.00 5.12 6.21 10.15 31.10
70.81 556.96 1458.40 7.00 47.00 115.00 5.31 5.74 10.95 32.55
