43.33 1589.19 1758.65 10.00 156.00 65.00 5.20 7.53 18.30 16.13
45.99 1533.71 1859.06 10.00 146.00 72.00 5.27 7.51 18.73 15.77
41.51 1700.59 1623.02 9.00 154.00 71.00 5.39 7.26 16.12 16.60
45.38 1598.94 1781.52 10.00 149.00 73.00 5.43 7.29 16.26 15.79
47.69 1517.49 1765.31 10.00 147.00 87.00 5.38 6.87 17.39 15.68
48.50 1505.64 1820.21 9.00 145.00 85.00 5.42 6.97 16.29 16.40
50.49 1417.51 1889.34 9.00 143.00 95.00 5.31 6.96 16.08 22.05
56.04 1309.98 2062.36 9.00 122.00 112.00 5.53 6.87 16.08 29.69
54.98 1301.48 1963.31 7.00 128.00 114.00 5.36 6.66 14.68 33.68
52.86 1371.26 1910.83 8.00 134.00 103.00 5.40 6.76 14.41 32.14
56.77 1275.16 2045.40 8.00 122.00 109.00 5.47 6.73 16.51 31.54
55.12 1349.93 1968.77 9.00 123.00 105.00 5.58 6.68 16.68 32.49
57.31 1255.97 2079.09 9.00 117.00 108.00 5.46 6.78 16.24 32.74
58.61 1275.21 2150.02 9.00 106.00 110.00 5.71 6.85 13.69 31.49
59.46 1268.50 2181.25 10.00 101.00 111.00 5.81 6.85 12.77 31.25
59.80 1270.97 2136.35 10.00 99.00 118.00 5.87 6.68 13.15 30.73
59.80 1270.97 2101.63 10.00 99.00 121.00 5.87 6.57 13.15 31.29
64.68 1090.08 2199.02 9.00 87.00 145.00 5.73 6.35 12.03 34.29
69.80 869.97 2356.66 10.00 77.00 153.00 5.35 6.30 12.53 37.26
70.93 824.37 2340.96 9.00 75.00 156.00 5.26 6.16 12.96 37.37
70.57 789.05 2324.95 10.00 82.00 156.00 4.98 6.15 11.46 37.65
72.27 738.27 2373.88 9.00 76.00 163.00 4.94 6.13 11.46 37.38
73.04 725.28 2353.34 8.00 73.00 170.00 4.99 6.01 11.21 30.51
