43.27 1833.31 1959.29 11.00 166.00 75.00 5.39 7.57 17.86 15.40
45.21 1781.32 2033.98 11.00 161.00 75.00 5.43 7.52 18.00 15.07
45.14 1764.36 1880.86 11.00 164.00 89.00 5.37 6.96 17.39 15.33
50.14 1611.93 2073.00 11.00 152.00 99.00 5.40 6.91 17.39 16.23
52.92 1517.49 2141.08 10.00 147.00 114.00 5.38 6.77 17.39 21.35
53.65 1505.64 2176.85 9.00 145.00 119.00 5.42 6.81 16.29 29.69
51.67 1503.41 2093.32 9.00 157.00 116.00 5.19 6.80 15.28 31.72
54.77 1465.66 2249.58 10.00 142.00 118.00 5.41 6.90 15.25 30.46
56.49 1383.84 2278.51 8.00 139.00 122.00 5.31 6.78 15.73 31.54
53.50 1500.35 2168.22 10.00 145.00 111.00 5.39 6.81 15.13 31.03
55.74 1485.46 2293.22 11.00 132.00 114.00 5.60 6.91 15.41 29.96
56.15 1482.51 2287.06 10.00 129.00 116.00 5.64 6.85 16.43 30.20
56.25 1375.71 2279.24 10.00 137.00 117.00 5.25 6.81 15.44 31.25
57.11 1408.74 2278.91 11.00 126.00 123.00 5.48 6.71 13.15 29.95
62.11 1321.08 2463.30 11.00 103.00 134.00 5.82 6.66 13.15 30.31
63.82 1270.97 2436.31 10.00 99.00 153.00 5.87 6.41 13.15 34.30
63.43 1282.25 2374.84 11.00 99.00 153.00 5.85 6.29 13.72 36.93
67.78 1102.97 2525.25 10.00 87.00 166.00 5.72 6.26 12.96 35.80
67.79 1033.10 2525.59 11.00 93.00 166.00 5.36 6.26 12.49 36.08
68.85 985.88 2548.74 10.00 91.00 166.00 5.29 6.21 12.49 35.64
73.52 789.05 2611.18 10.00 82.00 189.00 4.98 5.96 11.46 35.85
