52.04 479.50 703.56 4.00 33.00 25.00 5.57 7.53 19.14 12.67
46.91 484.26 619.74 3.00 41.00 23.00 5.07 7.36 21.22 12.91
39.67 548.77 497.22 4.00 50.00 23.00 5.06 6.98 19.33 15.80
56.33 396.35 705.80 4.00 38.00 36.00 5.05 6.98 19.33 17.30
50.24 410.42 614.85 3.00 50.00 34.00 4.59 6.82 17.01 18.92
47.67 439.93 652.69 3.00 53.00 28.00 4.68 7.63 18.86 15.94
39.19 540.09 576.74 4.00 61.00 21.00 4.95 8.21 10.72 15.89
48.30 452.12 675.24 4.00 52.00 27.00 4.87 7.79 10.34 13.83
40.98 445.23 545.23 2.00 68.00 25.00 4.20 7.41 6.72 0.30
35.26 495.49 479.06 3.00 72.00 17.00 4.26 7.56 11.18 0.53
50.61 386.81 673.63 3.00 55.00 25.00 4.36 7.40 13.38 13.67
40.98 525.89 516.89 3.00 61.00 19.00 4.96 7.02 19.66 19.91
38.76 569.53 477.84 2.00 62.00 19.00 5.17 6.86 14.55 24.12
42.78 597.26 564.07 3.00 51.00 22.00 5.80 7.35 13.02 19.74
43.89 706.43 580.50 3.00 36.00 23.00 7.00 7.38 10.74 19.70
44.54 707.11 596.44 3.00 39.00 20.00 7.09 7.47 10.97 9.94
42.22 720.09 476.66 4.00 42.00 28.00 6.93 6.30 15.79 10.65
56.85 539.20 650.62 3.00 30.00 38.00 6.95 6.38 16.48 8.78
73.52 307.81 834.25 3.00 20.00 55.00 6.47 6.35 16.48 22.78
77.06 260.60 822.98 2.00 18.00 62.00 6.32 6.01 16.48 37.85
80.06 149.66 837.58 2.00 23.00 66.00 4.18 5.88 9.22 41.55
78.80 168.67 835.34 2.00 23.00 65.00 4.43 5.98 14.92 47.50
77.48 168.26 894.94 1.00 25.00 55.00 4.16 6.52 13.73 0.00
67.52 284.77 801.03 3.00 31.00 48.00 4.88 6.72 10.53 17.02
59.65 378.55 766.93 4.00 35.00 34.00 5.22 7.26 9.41 14.88
56.00 417.35 762.89 4.00 37.00 25.00 5.28 7.63 9.61 14.09
54.44 412.40 763.17 5.00 41.00 22.00 5.04 7.86 5.05 14.66
56.07 395.20 704.26 5.00 37.00 32.00 5.01 7.01 8.17 9.89
59.70 382.56 730.02 5.00 31.00 37.00 5.29 6.81 9.13 17.73
69.67 266.11 747.14 3.00 26.00 58.00 4.89 5.98 9.57 31.99
76.22 183.60 755.34 3.00 22.00 63.00 4.30 5.52 12.42 45.86
79.74 145.98 755.08 3.00 20.00 69.00 4.02 5.27 14.22 40.92
77.22 226.98 724.20 3.00 18.00 68.00 5.55 5.22 13.90 42.54
81.93 174.40 833.97 2.00 16.00 66.00 5.37 5.67 13.90 3.05
81.93 174.40 728.22 2.00 16.00 77.00 5.37 4.95 13.90 11.95
