46.56 370.71 324.01 3.00 6.00 1.00 11.63 11.70 2.82 4.95
46.72 353.73 310.53 3.00 5.00 3.00 11.12 11.14 1.83 3.73
78.17 150.29 405.67 1.00 0.00 13.00 11.50 8.68 0.00 0.00
80.28 112.32 395.50 0.00 1.00 14.00 9.52 8.23 0.00 0.00
73.33 149.90 353.75 1.00 1.00 10.00 9.39 8.06 0.00 0.00
55.61 217.57 263.04 1.00 8.00 8.00 8.19 7.90 0.00 0.00
54.17 227.93 246.08 1.00 8.00 9.00 8.31 7.59 13.58 0.00
52.06 267.73 242.84 2.00 4.00 7.00 9.34 7.80 0.00 9.35
60.44 219.64 228.67 1.00 4.00 16.00 9.28 6.32 0.00 0.00
92.50 51.64 327.74 0.00 0.00 23.00 11.56 5.92 0.00 0.00
53.28 207.82 225.21 1.00 9.00 8.00 7.42 7.07 0.00 0.00
60.78 156.11 237.63 1.00 9.00 11.00 6.64 6.53 0.00 0.00
98.44 21.58 336.99 0.00 0.00 22.00 23.98 5.71 0.00 0.00
48.44 288.43 151.87 0.00 7.00 11.00 9.33 5.23 0.00 0.00
41.11 292.48 146.96 1.00 9.00 13.00 8.29 5.97 0.00 0.00
67.28 147.01 223.38 1.00 3.00 21.00 7.51 5.54 0.00 0.00
26.17 260.95 76.35 0.00 15.00 8.00 5.90 4.87 0.00 0.00
29.22 208.63 144.04 1.00 19.00 6.00 4.92 8.23 0.00 0.00
72.78 102.97 292.74 1.00 6.00 19.00 6.33 6.71 0.00 0.00
43.56 218.00 148.63 0.00 16.00 13.00 6.44 5.70 0.00 0.00
0.00 372.64 0.00 0.00 29.00 0.00 6.21 0.00 0.00 0.00
45.78 210.62 176.09 1.00 15.00 16.00 6.48 6.43 0.00 0.00
95.50 22.64 315.16 1.00 0.00 34.00 8.60 5.52 0.00 0.00
94.17 16.80 308.09 1.00 1.00 31.00 4.85 5.48 0.00 0.00
94.44 16.33 279.80 1.00 1.00 37.00 4.95 4.96 0.00 0.00
61.28 146.48 146.84 0.00 7.00 26.00 6.32 4.00 0.00 0.00
24.06 370.61 96.93 1.00 11.00 2.00 8.15 6.79 0.00 0.00
62.78 224.03 247.72 1.00 4.00 11.00 10.05 6.61 0.00 0.00
100.00 0.00 426.97 0.00 0.00 19.00 0.00 7.13 0.00 0.00
91.50 51.54 364.33 0.00 0.00 20.00 10.17 6.65 0.00 0.00
64.22 163.00 242.34 1.00 6.00 18.00 7.61 6.30 0.00 0.00
28.94 295.72 142.76 1.00 16.00 6.00 6.96 8.24 0.00 0.00
6.22 277.59 23.83 0.00 30.00 1.00 4.94 6.44 0.00 0.00
44.11 129.55 162.38 1.00 22.00 15.00 3.87 6.17 0.00 0.00
94.11 36.10 305.13 1.00 1.00 36.00 10.31 5.43 0.00 0.00
100.00 0.00 205.88 0.00 0.00 48.00 0.00 3.44 0.00 0.00
100.00 0.00 146.50 0.00 0.00 56.00 0.00 2.44 0.00 0.00
100.00 0.00 292.47 0.00 0.00 39.00 0.00 4.88 0.00 0.00
100.00 0.00 357.41 0.00 0.00 27.00 0.00 5.96 0.00 0.00
