66.34 1348.15 2121.51 8.00 28.00 79.00 9.57 7.63 8.68 21.92
62.34 1447.73 1930.35 7.00 34.00 78.00 9.17 7.39 7.72 22.19
65.56 1270.46 1943.74 6.00 31.00 91.00 8.80 7.07 7.75 17.20
65.28 1241.44 1842.62 5.00 33.00 96.00 8.53 6.73 7.48 15.88
58.13 1381.13 1614.38 5.00 46.00 86.00 7.87 6.62 8.99 15.88
57.98 1337.81 1591.17 6.00 51.00 88.00 7.59 6.54 11.87 17.79
58.06 1334.20 1553.07 5.00 52.00 95.00 7.58 6.38 15.73 14.84
56.26 1338.17 1476.83 5.00 59.00 93.00 7.29 6.26 11.36 14.84
50.32 1478.91 1306.99 4.00 73.00 86.00 7.09 6.19 14.60 10.96
55.37 1281.59 1409.51 4.00 70.00 102.00 6.84 6.07 15.38 13.69
55.33 1281.91 1393.48 4.00 70.00 104.00 6.84 6.01 23.20 10.19
55.60 1246.68 1389.86 5.00 71.00 110.00 6.69 5.97 24.09 13.55
61.21 1090.57 1448.07 4.00 62.00 133.00 6.70 5.65 24.09 7.58
55.67 1237.05 1299.07 4.00 69.00 124.00 6.65 5.57 22.66 9.50
50.58 1439.07 1208.10 5.00 73.00 113.00 6.94 5.70 24.00 19.37
57.72 1172.32 1394.92 5.00 65.00 124.00 6.61 5.77 24.00 10.07
58.99 1146.58 1488.14 4.00 64.00 119.00 6.66 6.02 24.00 9.07
61.18 1076.72 1535.95 4.00 62.00 124.00 6.61 5.99 26.88 17.85
64.43 1048.63 1654.20 5.00 54.00 129.00 7.03 6.13 23.83 25.78
61.14 1163.91 1534.59 4.00 59.00 124.00 7.14 5.99 21.55 26.81
54.92 1222.96 1385.97 4.00 78.00 111.00 6.47 6.03 20.59 26.81
61.22 1074.93 1548.34 5.00 65.00 126.00 6.61 6.04 21.67 27.03
68.37 886.64 1691.10 5.00 50.00 147.00 6.69 5.91 21.67 23.99
68.97 864.32 1578.38 4.00 50.00 158.00 6.64 5.46 21.67 29.55
69.01 863.85 1522.44 4.00 50.00 169.00 6.65 5.27 15.82 36.94
69.80 847.52 1562.76 3.00 49.00 167.00 6.69 5.34 15.82 52.94
69.80 847.52 1600.06 3.00 49.00 159.00 6.69 5.47 15.82 64.98
