63.06 898.82 1330.64 6.00 15.00 33.00 10.18 8.82 7.73 16.38
58.67 951.49 1212.47 6.00 18.00 32.00 9.62 8.64 6.68 17.64
66.53 748.05 1234.57 4.00 13.00 48.00 9.33 7.75 5.76 11.45
70.11 649.40 1229.68 3.00 13.00 52.00 9.07 7.32 8.78 15.75
60.31 805.58 1054.01 4.00 22.00 43.00 8.47 7.30 4.78 19.93
65.24 693.19 1071.82 4.00 21.00 49.00 8.32 6.86 1.81 13.72
66.58 677.26 1036.95 3.00 21.00 55.00 8.46 6.50 11.15 18.30
63.44 763.97 960.71 3.00 20.00 53.00 8.72 6.32 2.89 18.30
63.32 742.05 937.83 3.00 22.00 59.00 8.44 6.18 4.12 18.44
67.25 643.69 940.68 2.00 20.00 67.00 8.20 5.84 9.06 12.58
54.75 783.37 785.58 2.00 33.00 51.00 7.22 5.99 6.64 12.58
51.43 800.73 756.98 3.00 39.00 50.00 6.88 6.14 10.25 19.60
59.62 678.52 853.11 2.00 31.00 62.00 7.01 5.97 21.78 1.65
47.12 862.62 667.99 2.00 46.00 51.00 6.80 5.91 10.28 1.65
35.01 1029.34 516.12 2.00 60.00 40.00 6.60 6.15 3.55 1.65
46.46 784.91 692.21 3.00 53.00 56.00 6.11 6.22 4.82 6.99
48.61 759.50 684.25 2.00 52.00 61.00 6.16 5.88 29.22 6.82
53.18 654.57 776.92 3.00 51.00 66.00 5.83 6.11 31.45 12.53
65.68 515.02 887.70 3.00 37.00 90.00 6.26 5.65 31.45 6.28
61.19 592.42 779.71 2.00 39.00 86.00 6.37 5.32 26.27 3.07
53.50 782.37 691.98 3.00 42.00 73.00 7.02 5.41 21.03 24.97
66.00 598.02 878.80 3.00 27.00 84.00 7.34 5.57 21.03 10.99
78.50 409.73 1119.05 3.00 12.00 92.00 7.96 5.96 21.03 4.26
77.43 438.94 1067.12 2.00 12.00 89.00 8.12 5.76 19.46 14.57
70.68 549.94 1046.30 3.00 18.00 76.00 7.83 6.19 12.05 32.59
61.12 717.96 901.72 2.00 27.00 64.00 7.71 6.16 10.42 37.60
48.62 811.20 790.92 2.00 47.00 40.00 6.59 6.79 14.55 37.60
56.83 700.94 917.26 3.00 42.00 53.00 6.78 6.75 19.17 33.51
66.14 476.91 999.02 2.00 38.00 74.00 5.88 6.31 19.17 19.55
66.14 476.91 875.60 2.00 38.00 89.00 5.88 5.53 19.17 34.55
66.14 476.91 718.48 2.00 38.00 111.00 5.88 4.53 19.17 49.55
68.26 425.28 803.80 2.00 38.00 109.00 5.59 4.92 0.00 64.55
75.08 313.91 832.97 1.00 32.00 120.00 5.26 4.63 0.00 0.00
