62.53 1118.75 1559.31 7.00 19.00 49.00 9.99 8.34 6.63 15.66
65.43 1003.13 1540.78 6.00 18.00 55.00 9.70 7.87 7.90 20.51
63.88 955.86 1459.78 5.00 22.00 56.00 8.84 7.63 6.05 20.35
68.24 805.58 1467.31 4.00 22.00 63.00 8.47 7.18 4.78 13.72
67.93 827.16 1391.01 4.00 22.00 65.00 8.62 6.84 10.10 17.55
61.88 981.61 1223.75 4.00 28.00 61.00 8.60 6.60 2.50 17.55
61.49 970.27 1183.91 4.00 30.00 68.00 8.41 6.43 4.54 19.46
64.21 911.41 1184.09 4.00 24.00 74.00 8.50 6.16 7.91 16.47
55.89 1003.00 1014.25 3.00 37.00 67.00 7.59 6.06 6.64 11.08
59.64 852.45 1084.72 3.00 39.00 73.00 7.05 6.07 12.08 19.60
58.36 886.34 1078.32 3.00 40.00 70.00 7.10 6.17 18.95 11.17
49.86 1018.73 905.68 3.00 55.00 63.00 6.78 6.06 10.28 11.17
47.70 1051.45 853.11 2.00 60.00 62.00 6.71 5.97 11.70 1.65
46.86 1073.77 844.08 3.00 61.00 67.00 6.74 6.02 12.57 6.99
47.11 1051.98 831.28 3.00 61.00 74.00 6.64 5.89 29.22 7.33
56.00 801.71 1000.30 4.00 54.00 87.00 6.08 5.97 27.66 10.89
57.78 775.98 964.05 3.00 53.00 98.00 6.13 5.58 27.66 6.28
54.80 801.05 923.82 3.00 58.00 92.00 5.91 5.63 26.27 8.26
57.36 885.63 984.73 4.00 48.00 92.00 6.93 5.74 26.16 21.63
61.51 816.55 1027.43 3.00 43.00 97.00 7.08 5.59 26.16 10.99
62.80 782.37 1119.05 3.00 42.00 92.00 7.02 5.96 21.03 4.26
71.10 649.56 1243.20 3.00 27.00 105.00 7.51 5.84 19.46 15.38
75.64 572.73 1361.46 4.00 18.00 110.00 7.86 6.02 17.23 28.23
67.73 734.76 1209.88 3.00 28.00 95.00 7.61 5.97 14.97 30.96
57.79 827.53 1070.81 3.00 48.00 77.00 6.55 6.19 14.55 30.96
57.72 847.52 1064.10 3.00 49.00 79.00 6.69 6.16 15.82 33.51
57.72 847.52 1096.05 3.00 49.00 76.00 6.69 6.35 15.82 30.71
65.47 700.94 1123.39 3.00 42.00 101.00 6.78 5.73 19.17 34.10
72.91 476.91 1145.52 2.00 38.00 130.00 5.88 5.25 19.17 49.55
72.91 476.91 1168.13 2.00 38.00 129.00 5.88 5.35 19.17 64.55
72.91 476.91 1075.99 2.00 38.00 138.00 5.88 4.93 19.17 79.55
