66.02 670.89 1084.25 5.00 7.00 24.00 11.02 9.16 3.03 17.49
60.87 683.69 969.63 4.00 14.00 25.00 9.74 8.88 4.77 19.41
68.56 528.11 1005.90 3.00 9.00 32.00 9.35 8.17 9.67 13.18
62.65 597.76 901.38 3.00 13.00 29.00 8.91 8.01 4.75 11.33
62.65 597.76 828.80 3.00 13.00 35.00 8.91 7.36 4.75 4.79
66.72 537.01 834.19 3.00 12.00 38.00 8.99 6.96 10.05 15.75
55.96 655.68 699.95 3.00 21.00 33.00 8.29 6.96 1.81 22.98
68.44 475.55 808.78 3.00 13.00 41.00 8.39 6.58 2.07 15.37
70.72 449.03 790.87 2.00 13.00 46.00 8.54 6.22 13.55 1.88
67.24 496.25 717.30 1.00 16.00 46.00 8.43 5.93 1.45 0.00
64.28 522.41 709.16 2.00 18.00 43.00 8.13 6.14 4.12 20.43
58.83 591.97 612.94 2.00 20.00 44.00 8.00 5.80 10.98 12.58
55.24 575.55 560.37 1.00 24.00 43.00 7.15 5.64 4.02 0.00
48.31 644.63 519.29 2.00 30.00 38.00 6.93 5.98 10.25 11.42
46.69 656.41 516.12 2.00 31.00 40.00 6.85 6.15 26.45 1.65
46.69 573.77 516.12 2.00 38.00 40.00 5.99 6.15 11.45 1.65
32.98 736.86 369.09 1.00 51.00 27.00 6.11 6.23 3.55 0.00
39.52 637.77 468.83 2.00 50.00 35.00 5.86 6.61 0.00 8.10
56.09 498.54 607.90 2.00 36.00 53.00 6.32 6.03 33.12 6.82
61.17 445.94 632.81 2.00 32.00 60.00 6.39 5.77 31.45 15.32
63.31 411.76 594.96 2.00 31.00 71.00 6.24 5.24 0.00 0.32
67.07 373.89 631.08 2.00 23.00 73.00 6.32 5.24 9.87 3.07
71.33 409.73 691.98 3.00 12.00 73.00 7.96 5.41 21.03 24.97
72.74 387.41 702.71 2.00 12.00 68.00 7.91 5.39 21.03 12.88
72.83 386.94 803.89 2.00 12.00 58.00 7.93 6.15 0.00 2.12
71.85 422.14 758.96 1.00 11.00 58.00 8.35 5.88 20.23 0.00
62.76 533.61 766.41 2.00 17.00 39.00 7.97 6.80 12.05 39.47
61.07 571.39 754.89 2.00 20.00 38.00 8.17 6.88 2.40 37.60
56.81 440.59 693.89 1.00 36.00 38.00 5.68 6.80 17.40 0.00
54.85 476.91 669.47 2.00 38.00 41.00 5.88 6.80 19.17 4.55
54.85 476.91 571.98 2.00 38.00 55.00 5.88 5.81 19.17 19.55
57.69 425.28 511.27 2.00 38.00 69.00 5.59 4.94 0.00 34.55
66.78 313.91 475.46 1.00 32.00 93.00 5.26 3.96 0.00 0.00
81.37 129.55 661.03 1.00 22.00 103.00 3.87 4.52 0.00 0.00
98.04 36.10 809.14 1.00 1.00 119.00 10.31 4.59 0.00 0.00
