60.44 2005.09 2637.63 10.00 59.00 119.00 8.47 7.29 14.56 19.84
57.64 2021.93 2446.46 9.00 73.00 118.00 7.97 7.09 13.55 19.68
55.79 2007.32 2312.89 7.00 82.00 118.00 7.58 6.92 17.15 13.99
57.55 1879.35 2311.46 7.00 83.00 131.00 7.39 6.71 17.07 14.76
57.52 1879.67 2222.28 7.00 83.00 139.00 7.38 6.45 19.96 14.11
58.94 1783.76 2224.05 8.00 83.00 148.00 7.25 6.30 19.58 14.77
59.63 1746.25 2148.02 7.00 83.00 166.00 7.22 6.02 19.58 13.29
59.51 1712.59 2107.91 7.00 82.00 166.00 7.06 5.92 19.85 13.97
56.62 1888.63 1998.97 7.00 86.00 159.00 7.26 5.90 20.40 18.99
60.58 1669.00 2112.22 6.00 82.00 170.00 7.06 5.82 20.40 11.18
60.58 1669.00 2197.37 6.00 82.00 162.00 7.06 6.06 20.40 10.64
60.48 1668.82 2148.89 6.00 82.00 168.00 7.05 5.94 24.00 17.13
61.67 1624.18 2214.57 6.00 79.00 172.00 7.07 6.00 21.14 24.09
57.29 1808.53 2053.96 6.00 89.00 162.00 7.07 5.99 20.02 23.12
52.45 1879.66 1902.09 6.00 109.00 151.00 6.60 6.06 22.11 23.12
56.86 1649.23 2064.46 7.00 103.00 166.00 6.38 6.07 22.53 23.26
57.75 1623.49 2060.19 6.00 102.00 174.00 6.41 5.96 22.53 22.49
60.13 1502.09 2047.21 6.00 100.00 193.00 6.29 5.69 23.64 25.38
65.13 1362.54 2130.34 6.00 86.00 222.00 6.52 5.46 23.64 32.13
67.21 1293.46 2195.63 5.00 81.00 227.00 6.58 5.46 23.64 42.86
67.86 1259.28 2195.11 5.00 80.00 230.00 6.54 5.40 21.67 53.23
