62.53 1118.75 1559.31 7.00 19.00 49.00 9.99 8.34 6.63 15.66
63.88 955.86 1459.78 5.00 22.00 56.00 8.84 7.63 6.05 20.35
67.93 827.16 1391.01 4.00 22.00 65.00 8.62 6.84 10.10 17.55
61.49 970.27 1183.91 4.00 30.00 68.00 8.41 6.43 4.54 19.46
55.89 1003.00 1014.25 3.00 37.00 67.00 7.59 6.06 6.64 11.08
58.36 886.34 1078.32 3.00 40.00 70.00 7.10 6.17 18.95 11.17
47.70 1051.45 853.11 2.00 60.00 62.00 6.71 5.97 11.70 1.65
47.11 1051.98 831.28 3.00 61.00 74.00 6.64 5.89 29.22 7.33
57.78 775.98 964.05 3.00 53.00 98.00 6.13 5.58 27.66 6.28
57.36 885.63 984.73 4.00 48.00 92.00 6.93 5.74 26.16 21.63
62.80 782.37 1119.05 3.00 42.00 92.00 7.02 5.96 21.03 4.26
75.64 572.73 1361.46 4.00 18.00 110.00 7.86 6.02 17.23 28.23
57.79 827.53 1070.81 3.00 48.00 77.00 6.55 6.19 14.55 30.96
57.72 847.52 1096.05 3.00 49.00 76.00 6.69 6.35 15.82 30.71
72.91 476.91 1145.52 2.00 38.00 130.00 5.88 5.25 19.17 49.55
72.91 476.91 1075.99 2.00 38.00 138.00 5.88 4.93 19.17 79.55
