63.19 1641.17 2268.47 9.00 37.00 92.00 9.31 7.50 9.10 20.91
62.96 1595.17 2153.72 8.00 38.00 99.00 8.99 7.14 8.64 20.78
60.64 1531.41 2020.15 6.00 46.00 99.00 8.12 6.95 10.07 15.06
60.77 1450.20 1986.67 6.00 52.00 102.00 7.71 6.82 12.84 17.79
59.97 1484.10 1907.13 6.00 53.00 105.00 7.73 6.64 15.29 14.51
56.18 1555.81 1739.87 6.00 67.00 101.00 7.41 6.46 10.84 14.51
50.80 1707.13 1553.07 5.00 81.00 95.00 7.24 6.38 15.41 14.84
54.95 1549.32 1652.92 6.00 74.00 109.00 7.17 6.28 16.54 15.43
55.97 1501.54 1622.15 5.00 74.00 120.00 7.11 6.05 23.20 9.96
60.22 1298.39 1717.60 5.00 71.00 133.00 6.80 5.96 22.14 13.55
60.22 1298.39 1673.28 5.00 71.00 141.00 6.80 5.80 22.14 9.33
56.31 1393.16 1536.76 5.00 78.00 136.00 6.65 5.70 22.66 10.25
56.56 1461.18 1545.10 5.00 73.00 135.00 7.01 5.71 21.64 19.37
56.56 1461.18 1546.79 5.00 73.00 135.00 7.01 5.71 21.64 10.07
56.76 1439.07 1635.17 5.00 73.00 132.00 6.94 6.02 24.00 10.75
61.94 1223.86 1759.32 5.00 65.00 145.00 6.71 5.93 26.29 18.60
59.65 1309.59 1730.55 5.00 70.00 137.00 6.77 6.06 23.14 25.78
57.15 1372.53 1678.71 5.00 78.00 130.00 6.68 6.13 21.55 24.63
57.15 1326.22 1678.71 5.00 84.00 130.00 6.46 6.13 23.06 24.63
59.01 1293.46 1696.97 5.00 81.00 139.00 6.58 6.01 23.64 27.03
59.82 1259.28 1691.10 5.00 80.00 147.00 6.54 5.91 21.67 23.99
66.07 1074.93 1754.47 5.00 65.00 174.00 6.61 5.55 21.67 26.60
72.32 886.64 1837.60 5.00 50.00 203.00 6.69 5.31 21.67 33.59
72.85 864.32 1870.91 4.00 50.00 198.00 6.64 5.36 21.67 46.83
72.88 863.85 1879.95 4.00 50.00 196.00 6.65 5.39 15.82 57.96
