59.07 1902.12 2344.89 9.00 52.00 100.00 8.63 7.37 11.37 20.75
59.21 1803.93 2297.77 9.00 57.00 105.00 8.20 7.20 14.15 20.60
61.99 1634.38 2312.89 7.00 53.00 118.00 7.97 6.92 15.07 13.99
58.86 1668.20 2135.37 6.00 68.00 115.00 7.52 6.73 11.91 14.51
53.30 1857.03 1907.13 6.00 82.00 105.00 7.37 6.64 16.44 14.51
55.02 1766.96 1915.96 7.00 82.00 117.00 7.28 6.46 16.10 14.76
55.77 1729.77 1868.22 6.00 82.00 129.00 7.25 6.22 20.35 14.06
59.31 1566.12 1961.01 7.00 75.00 140.00 7.14 6.14 20.90 15.17
60.24 1518.02 1901.95 6.00 75.00 157.00 7.08 5.86 22.14 9.16
60.33 1444.87 1864.50 5.00 78.00 159.00 6.75 5.73 20.97 10.25
56.20 1669.00 1770.30 6.00 82.00 143.00 7.06 5.85 20.40 19.66
57.03 1617.28 1784.48 6.00 82.00 147.00 6.98 5.81 21.64 11.18
61.39 1461.18 1972.16 5.00 73.00 154.00 7.01 5.96 21.64 10.75
60.44 1512.71 1911.19 5.00 73.00 156.00 7.09 5.87 24.00 18.60
57.59 1602.07 1877.58 6.00 79.00 150.00 7.00 6.05 23.14 24.09
58.28 1519.67 1902.09 6.00 81.00 151.00 6.76 6.06 21.63 23.12
53.71 1587.17 1755.06 5.00 100.00 138.00 6.36 6.07 22.11 24.63
55.70 1502.09 1841.09 6.00 100.00 145.00 6.29 6.14 23.64 24.85
61.26 1362.54 1983.84 6.00 86.00 166.00 6.52 6.01 23.64 22.49
63.57 1293.46 1903.10 5.00 81.00 187.00 6.58 5.56 23.64 26.60
64.28 1259.28 1837.60 5.00 80.00 203.00 6.54 5.31 21.67 33.59
69.84 1074.93 2047.00 5.00 65.00 214.00 6.61 5.44 21.67 42.86
75.40 886.64 2195.11 5.00 50.00 230.00 6.69 5.40 21.67 53.23
