62.36 521.00 730.41 4.00 6.00 14.00 11.59 9.81 2.66 11.93
63.50 466.05 706.59 3.00 6.00 17.00 10.69 9.31 1.52 22.05
75.75 300.18 759.52 2.00 1.00 23.00 10.34 8.38 1.45 15.17
67.94 329.96 658.54 1.00 9.00 22.00 8.59 8.10 3.23 0.00
63.75 377.82 600.14 2.00 9.00 19.00 8.71 7.86 11.14 4.20
53.83 485.37 505.88 3.00 12.00 15.00 8.78 7.85 1.72 11.33
57.31 447.86 474.75 2.00 12.00 25.00 8.76 6.92 1.72 5.65
72.28 319.37 571.15 2.00 4.00 30.00 9.64 6.60 9.70 18.40
56.86 427.45 453.88 2.00 13.00 24.00 8.27 6.66 0.00 27.65
76.64 207.82 565.37 1.00 9.00 34.00 7.42 6.16 0.00 0.00
75.86 229.40 562.20 1.00 9.00 30.00 7.94 6.18 13.55 0.00
54.61 444.53 389.56 1.00 16.00 23.00 8.17 5.95 0.00 0.00
69.78 314.59 483.96 1.00 9.00 35.00 8.68 5.79 0.00 0.00
57.86 435.87 375.25 1.00 11.00 32.00 8.63 5.41 10.98 0.00
33.64 553.44 223.38 1.00 24.00 21.00 6.96 5.54 0.00 0.00
48.25 355.77 367.42 2.00 22.00 27.00 5.74 6.36 0.00 11.42
49.47 363.93 369.09 1.00 22.00 27.00 6.01 6.23 26.45 0.00
36.39 426.62 292.74 1.00 35.00 19.00 5.59 6.71 0.00 0.00
36.39 475.90 292.74 1.00 35.00 19.00 6.24 6.71 0.00 0.00
44.67 429.15 324.72 1.00 31.00 29.00 6.47 6.08 0.00 0.00
47.75 395.28 315.16 1.00 30.00 34.00 6.31 5.52 0.00 0.00
69.97 227.42 484.18 2.00 16.00 47.00 6.32 5.79 0.00 15.32
94.97 39.12 594.96 2.00 1.00 71.00 6.56 5.24 0.00 0.32
77.72 163.28 454.99 1.00 8.00 57.00 6.13 4.89 9.87 0.00
59.25 386.94 376.82 2.00 12.00 39.00 7.93 5.32 0.00 27.88
62.03 370.61 394.56 1.00 11.00 37.00 8.15 5.32 0.00 0.00
62.03 370.61 524.00 1.00 11.00 21.00 8.15 7.07 0.00 0.00
77.14 275.57 612.13 1.00 4.00 32.00 10.07 6.63 0.00 0.00
82.11 163.00 669.38 1.00 6.00 37.00 7.61 6.80 0.00 0.00
60.22 347.36 507.10 1.00 16.00 26.00 7.30 7.03 2.40 0.00
35.22 440.59 266.85 1.00 36.00 19.00 5.68 6.32 17.40 0.00
36.53 425.28 305.14 2.00 38.00 21.00 5.59 6.99 0.00 4.55
50.17 313.91 328.96 1.00 32.00 37.00 5.26 5.49 0.00 0.00
72.06 129.55 368.50 1.00 22.00 63.00 3.87 4.27 0.00 0.00
97.06 36.10 451.63 1.00 1.00 92.00 10.31 3.89 0.00 0.00
100.00 0.00 498.41 0.00 0.00 88.00 0.00 4.16 0.00 0.00
100.00 0.00 504.01 0.00 0.00 83.00 0.00 4.20 0.00 0.00
