60.99 1326.57 1784.52 8.00 28.00 57.00 9.47 8.15 7.36 20.19
64.66 1159.30 1778.41 7.00 27.00 66.00 9.14 7.66 7.16 19.03
69.64 977.44 1796.78 5.00 22.00 78.00 8.96 7.18 9.50 16.17
64.94 1094.01 1619.25 4.00 29.00 75.00 8.68 6.94 5.13 17.55
63.46 1120.17 1537.97 5.00 31.00 78.00 8.53 6.74 6.56 17.94
62.78 1129.05 1447.13 5.00 32.00 82.00 8.44 6.41 7.11 15.88
55.60 1231.23 1260.32 4.00 45.00 76.00 7.71 6.31 7.38 16.47
58.38 1120.17 1328.13 5.00 43.00 80.00 7.49 6.33 12.66 19.16
58.70 1105.97 1306.99 4.00 44.00 86.00 7.45 6.19 18.95 10.96
56.96 1070.44 1233.42 3.00 55.00 86.00 6.91 6.02 10.83 11.17
48.63 1259.27 1078.32 3.00 69.00 70.00 6.81 6.17 14.60 11.17
49.18 1229.88 1081.77 4.00 70.00 79.00 6.73 6.12 12.57 13.69
55.67 1074.09 1168.27 3.00 61.00 96.00 6.74 5.84 25.39 7.33
54.74 1090.57 1152.17 4.00 62.00 98.00 6.70 5.86 24.09 10.89
55.00 1068.46 1111.07 4.00 62.00 111.00 6.60 5.63 27.66 7.58
56.88 948.19 1147.20 4.00 61.00 113.00 6.12 5.62 25.33 9.50
52.16 1146.58 1061.07 4.00 64.00 100.00 6.66 5.67 24.00 21.63
56.13 1025.18 1171.54 4.00 62.00 103.00 6.50 5.82 26.16 10.31
64.46 885.63 1411.79 4.00 48.00 111.00 6.93 6.10 26.16 9.07
66.51 868.09 1391.83 3.00 43.00 118.00 7.21 5.83 26.88 15.38
63.04 945.37 1361.46 4.00 48.00 110.00 7.11 6.02 17.23 28.23
64.07 945.38 1385.97 4.00 43.00 111.00 7.32 6.03 14.97 26.81
64.07 850.32 1385.97 4.00 48.00 111.00 6.59 6.03 20.59 26.81
63.80 864.32 1372.25 4.00 50.00 110.00 6.64 5.99 21.67 30.05
63.84 863.85 1375.94 4.00 50.00 113.00 6.65 6.00 15.82 26.82
64.77 847.52 1270.23 3.00 49.00 127.00 6.69 5.46 15.82 34.10
64.77 847.52 1242.55 3.00 49.00 132.00 6.69 5.34 15.82 42.23
71.22 700.94 1415.92 3.00 42.00 141.00 6.78 5.53 19.17 52.94
77.43 476.91 1503.03 2.00 38.00 157.00 5.88 5.40 19.17 79.55
