28.04 3399.02 1805.23 31.00 44.00 6.00 11.33 15.70 7.69 3.06
26.63 3326.80 1717.18 31.00 50.00 6.00 10.87 15.73 7.84 2.54
26.47 3236.00 1671.05 31.00 53.00 6.00 10.55 15.42 7.87 2.49
26.56 3127.11 1689.38 30.00 59.00 6.00 10.21 15.52 8.04 2.46
25.23 3105.45 1579.90 29.00 64.00 6.00 9.95 15.27 8.92 2.48
23.31 3174.13 1453.16 25.00 65.00 7.00 9.90 15.24 9.31 2.37
21.67 3162.29 1390.45 25.00 71.00 4.00 9.66 15.72 10.65 1.86
23.06 3090.87 1473.95 25.00 69.00 5.00 9.61 15.62 9.15 2.32
25.69 2973.22 1571.71 27.00 69.00 10.00 9.58 15.03 9.04 2.55
25.93 2835.46 1513.74 25.00 78.00 14.00 9.17 14.31 9.09 4.04
23.59 2620.57 1348.63 24.00 105.00 14.00 8.21 14.01 11.98 4.10
21.55 2518.65 1205.23 20.00 122.00 15.00 7.68 13.70 16.15 4.31
22.24 2526.81 1243.16 21.00 117.00 15.00 7.77 13.68 16.15 4.21
22.40 2469.60 1252.42 20.00 120.00 15.00 7.61 13.66 16.37 4.24
22.95 2421.39 1296.64 21.00 120.00 14.00 7.51 13.83 16.38 4.19
22.79 2492.32 1287.14 20.00 117.00 14.00 7.72 13.83 16.32 4.25
21.74 2495.84 1220.99 18.00 116.00 14.00 7.63 13.83 16.50 4.47
19.84 2445.57 1085.81 17.00 126.00 14.00 7.30 13.48 18.89 4.60
19.21 2316.27 1052.29 16.00 142.00 13.00 6.86 13.51 22.78 4.74
20.30 2230.14 1109.12 18.00 146.00 14.00 6.69 13.44 25.49 4.60
22.43 2145.64 1217.49 21.00 142.00 16.00 6.62 13.34 24.67 4.67
21.30 2136.86 1157.24 20.00 148.00 15.00 6.49 13.35 24.63 4.53
19.27 2130.43 1100.93 18.00 155.00 10.00 6.31 13.97 24.99 2.63
17.72 2292.54 1095.43 20.00 151.00 4.00 6.66 15.15 21.65 2.55
22.49 2322.06 1311.99 23.00 125.00 7.00 7.17 14.30 20.56 3.57
25.97 2332.67 1488.91 23.00 110.00 9.00 7.54 14.06 20.27 4.50
26.64 2256.40 1502.80 22.00 112.00 11.00 7.37 13.87 20.32 4.66
