29.46 2062.31 1091.57 18.00 18.00 3.00 12.28 15.80 8.69 3.63
28.73 1969.45 1024.67 18.00 22.00 5.00 11.60 15.23 8.98 3.03
28.08 1941.78 983.96 16.00 22.00 5.00 11.33 14.98 9.08 2.93
29.24 1892.21 1025.21 19.00 20.00 5.00 11.23 14.97 8.66 2.95
27.40 1787.19 932.46 18.00 30.00 5.00 10.33 14.53 9.26 2.99
24.89 1861.22 850.89 16.00 31.00 5.00 10.38 14.61 9.39 2.84
22.63 1873.60 800.78 16.00 33.00 3.00 10.15 15.12 9.48 2.13
21.96 1834.07 822.69 16.00 35.00 3.00 9.85 16.00 6.22 2.01
26.38 1740.80 982.69 18.00 36.00 3.00 9.92 15.93 6.00 1.75
25.65 1725.71 988.97 17.00 42.00 1.00 9.73 16.50 6.29 1.80
22.66 1732.10 857.31 17.00 47.00 1.00 9.38 16.17 7.81 1.63
19.34 1749.72 726.20 12.00 50.00 2.00 9.08 16.09 8.13 1.32
20.85 1764.37 797.86 13.00 46.00 2.00 9.34 16.42 10.83 1.18
24.41 1685.26 894.27 13.00 43.00 3.00 9.34 15.65 10.60 2.21
25.36 1636.45 858.05 14.00 43.00 7.00 9.19 14.62 10.81 2.92
27.50 1477.82 821.85 12.00 50.00 13.00 8.54 12.85 11.24 5.23
23.04 1326.50 659.95 9.00 74.00 13.00 7.21 12.32 15.65 5.96
20.48 1283.75 541.20 9.00 83.00 14.00 6.75 11.36 22.85 6.10
22.16 1209.02 595.66 10.00 83.00 13.00 6.50 11.55 20.82 5.89
23.31 1157.65 650.15 11.00 86.00 13.00 6.31 11.92 19.71 5.61
24.87 1132.20 706.97 12.00 82.00 13.00 6.30 12.13 19.33 5.44
21.49 1235.73 635.89 11.00 83.00 12.00 6.59 12.68 19.01 5.27
19.45 1263.42 633.46 9.00 83.00 7.00 6.57 13.96 19.22 1.62
14.99 1335.82 561.04 9.00 90.00 1.00 6.58 16.17 13.18 1.62
14.99 1427.73 561.04 9.00 83.00 1.00 7.03 16.17 22.03 1.62
17.14 1461.07 630.09 10.00 74.00 1.00 7.39 15.87 27.68 1.95
21.18 1383.55 772.18 13.00 71.00 3.00 7.36 15.75 26.08 2.85
22.47 1352.38 799.10 13.00 71.00 3.00 7.31 15.33 25.20 2.92
18.91 1345.49 661.97 11.00 78.00 3.00 6.95 15.12 26.10 3.13
18.63 1277.90 630.14 12.00 83.00 3.00 6.57 14.59 27.76 3.06
24.36 1152.18 750.95 14.00 84.00 6.00 6.37 13.17 9.59 4.39
31.19 1171.13 944.30 15.00 66.00 9.00 7.12 12.94 9.18 5.45
35.17 1149.26 1046.17 16.00 53.00 11.00 7.44 12.76 8.76 5.38
