35.25 1525.23 1004.45 15.00 11.00 3.00 13.21 16.19 4.91 3.78
32.86 1492.32 894.49 15.00 15.00 3.00 12.46 15.49 4.64 3.01
26.58 1495.20 688.36 13.00 17.00 3.00 11.41 14.76 10.04 3.14
27.77 1401.40 699.79 13.00 17.00 5.00 10.86 14.32 9.97 3.25
28.66 1373.20 722.60 12.00 17.00 5.00 10.77 14.34 10.21 3.22
28.59 1424.42 726.83 13.00 15.00 5.00 11.14 14.48 9.93 3.06
22.76 1397.46 592.59 12.00 25.00 2.00 10.10 14.86 10.46 2.36
21.26 1404.32 579.67 12.00 26.00 2.00 9.96 15.58 6.43 2.26
26.14 1336.71 713.66 13.00 26.00 3.00 10.12 15.55 6.17 1.85
23.84 1357.36 691.89 13.00 28.00 1.00 9.97 16.54 6.05 1.83
24.32 1294.07 687.09 15.00 31.00 1.00 9.56 16.10 6.20 1.65
22.98 1234.90 664.03 11.00 39.00 1.00 8.96 16.46 6.65 1.32
22.34 1317.79 647.44 11.00 34.00 1.00 9.48 16.49 7.94 1.23
21.19 1311.62 602.27 9.00 34.00 2.00 9.29 16.22 8.36 1.03
20.39 1288.63 589.67 9.00 38.00 1.00 9.03 16.61 11.84 1.09
24.52 1256.52 651.25 9.00 34.00 2.00 9.29 15.18 12.20 2.49
24.77 1232.42 587.43 9.00 33.00 7.00 9.15 13.70 12.44 3.51
26.31 1109.75 524.77 8.00 36.00 13.00 8.41 11.44 12.03 6.33
24.82 888.47 491.25 7.00 58.00 12.00 6.59 11.37 17.00 6.75
24.49 768.61 479.02 8.00 72.00 13.00 5.68 11.18 22.76 6.47
24.08 761.88 445.31 8.00 71.00 13.00 5.60 10.54 22.11 6.53
19.73 784.28 358.15 7.00 77.00 12.00 5.44 10.37 23.14 6.49
19.74 784.94 438.49 7.00 77.00 7.00 5.44 12.52 22.70 1.57
16.51 1014.50 465.29 8.00 67.00 1.00 6.78 15.99 5.95 1.51
20.00 1169.28 561.04 9.00 41.00 1.00 8.17 16.17 6.33 1.62
18.99 1161.35 544.61 8.00 43.00 0.00 8.02 16.54 13.87 1.51
15.26 1107.04 456.63 6.00 59.00 0.00 7.30 17.34 25.63 1.40
16.26 1072.28 458.97 7.00 60.00 1.00 7.16 16.39 32.32 2.12
19.16 1013.44 510.05 9.00 60.00 3.00 7.01 15.46 29.93 3.29
21.04 900.98 521.35 9.00 64.00 3.00 6.37 14.28 30.10 3.39
19.02 866.40 467.47 9.00 72.00 3.00 5.96 13.97 7.64 3.34
21.35 956.53 534.39 11.00 60.00 3.00 6.78 14.21 10.44 3.10
32.48 894.24 750.95 14.00 42.00 6.00 7.39 13.17 9.59 4.39
37.72 871.20 858.82 13.00 36.00 8.00 7.81 12.97 9.73 5.69
33.93 872.85 728.72 9.00 41.00 8.00 7.39 12.30 9.36 6.12
