32.22 1135.49 664.58 9.00 6.00 0.00 14.07 17.61 4.40 3.67
31.40 1035.41 623.27 11.00 10.00 0.00 12.71 16.98 5.23 2.35
33.82 958.11 601.24 10.00 10.00 3.00 12.20 15.18 5.20 3.24
33.49 924.28 569.60 10.00 10.00 3.00 11.70 14.49 4.21 3.27
26.70 926.62 426.99 9.00 12.00 3.00 10.62 13.63 11.94 3.58
26.06 933.61 401.40 7.00 12.00 5.00 10.57 13.12 12.39 3.61
22.33 983.47 382.72 6.00 12.00 2.00 10.60 14.66 12.37 2.30
25.00 967.52 455.61 9.00 10.00 2.00 10.81 15.62 5.11 2.50
28.09 860.57 505.47 9.00 18.00 2.00 10.03 15.41 6.16 2.06
23.73 927.61 448.87 9.00 19.00 0.00 10.20 16.26 6.23 2.08
22.93 889.98 418.06 10.00 21.00 1.00 9.69 15.56 6.48 1.73
18.93 866.55 366.95 7.00 25.00 1.00 8.96 16.50 6.36 1.07
24.67 879.77 477.22 9.00 18.00 1.00 9.80 16.51 5.64 1.35
27.57 796.81 540.10 8.00 23.00 1.00 9.23 16.70 6.15 1.05
22.40 842.05 439.25 7.00 26.00 0.00 9.09 16.79 8.04 1.20
19.76 882.89 359.25 5.00 25.00 1.00 9.20 15.69 9.16 0.87
17.03 884.60 319.05 4.00 28.00 1.00 8.91 16.22 14.01 1.02
21.25 888.45 354.17 5.00 20.00 2.00 9.44 14.28 14.07 3.21
28.32 794.39 418.73 7.00 17.00 6.00 9.29 12.88 12.62 3.95
35.24 594.61 462.60 7.00 25.00 12.00 7.71 11.26 6.67 6.75
29.04 441.34 340.90 5.00 46.00 12.00 5.21 10.06 17.07 7.79
19.71 395.23 187.02 4.00 63.00 12.00 4.12 8.19 29.78 8.40
16.00 414.62 176.83 3.00 66.00 7.00 4.12 9.29 28.41 1.39
11.39 563.04 187.55 4.00 61.00 1.00 5.30 13.93 7.85 1.57
20.69 690.80 366.06 7.00 35.00 1.00 7.28 15.02 6.79 1.57
23.27 840.03 448.87 7.00 20.00 0.00 9.18 16.42 6.36 1.41
22.92 848.59 456.63 6.00 17.00 0.00 9.26 17.34 4.43 1.40
18.60 772.57 373.49 5.00 29.00 0.00 7.98 17.59 15.82 1.51
9.26 736.94 194.50 2.00 48.00 0.00 6.81 18.88 31.08 1.92
11.01 620.89 181.22 3.00 53.00 1.00 5.84 14.65 46.00 2.80
19.44 534.35 315.55 7.00 54.00 3.00 5.54 13.90 2.86 3.56
26.33 579.62 425.61 8.00 41.00 3.00 6.58 13.77 5.18 3.51
28.53 608.46 467.47 9.00 30.00 3.00 7.13 13.97 7.64 3.34
26.22 656.61 448.91 9.00 30.00 2.00 7.45 14.56 11.32 3.11
29.28 617.83 433.50 7.00 30.00 3.00 7.30 12.64 11.16 5.02
36.06 591.36 518.69 7.00 24.00 6.00 7.74 12.32 11.59 6.85
41.85 540.32 578.70 7.00 23.00 8.00 7.81 11.92 4.72 6.75
