38.11 567.11 403.21 5.00 0.00 0.00 15.38 17.97 3.54 4.66
31.61 568.04 324.59 5.00 5.00 0.00 13.93 17.64 5.42 1.59
26.33 568.38 261.37 4.00 5.00 0.00 12.98 17.08 4.19 1.78
31.20 467.37 298.39 6.00 5.00 0.00 11.49 16.34 4.85 2.52
41.34 389.54 339.87 6.00 5.00 3.00 11.23 13.99 5.34 3.92
35.78 456.49 271.22 4.00 5.00 3.00 11.93 12.89 2.00 3.67
12.11 536.89 87.12 3.00 7.00 0.00 10.22 12.39 17.15 2.38
16.33 476.71 130.19 3.00 7.00 2.00 9.53 13.61 7.28 3.15
32.56 446.58 295.60 3.00 5.00 2.00 11.10 15.53 5.21 1.90
33.67 490.80 324.81 6.00 3.00 0.00 12.43 16.60 3.75 2.41
23.62 413.84 209.87 6.00 13.00 0.00 9.09 15.24 6.44 1.90
13.79 436.81 123.93 3.00 16.00 0.00 8.49 15.49 7.22 0.63
22.23 475.67 208.19 4.00 8.00 1.00 10.27 15.89 5.94 1.22
24.07 428.46 243.02 4.00 9.00 1.00 9.47 17.07 5.07 0.86
27.11 404.02 269.03 5.00 10.00 0.00 9.31 17.03 3.34 1.44
31.07 368.07 297.08 4.00 14.00 0.00 8.96 16.41 7.19 0.96
17.68 438.03 168.63 2.00 16.00 0.00 8.89 16.32 4.48 1.58
8.44 514.81 62.17 1.00 11.00 1.00 9.39 12.95 0.00 0.00
16.39 446.58 150.35 2.00 12.00 0.00 8.93 16.17 16.99 0.65
34.06 373.31 292.00 4.00 9.00 1.00 9.51 14.60 4.56 3.59
40.27 347.26 268.38 5.00 5.00 6.00 9.80 11.57 6.02 4.62
36.43 221.23 170.60 3.00 16.00 11.00 5.84 8.10 6.27 9.30
17.83 94.08 72.43 0.00 41.00 6.00 1.91 6.79 0.00 0.00
3.00 174.00 16.42 1.00 47.00 1.00 2.99 9.30 0.00 0.00
14.17 320.48 104.40 3.00 24.00 1.00 6.24 12.48 3.88 1.39
19.78 388.57 171.12 3.00 14.00 0.00 8.10 14.63 9.03 1.46
27.22 370.11 261.66 4.00 11.00 0.00 8.51 16.35 2.32 1.48
26.77 451.25 277.75 4.00 6.00 0.00 10.38 17.77 2.41 1.37
18.59 478.48 194.50 2.00 6.00 0.00 9.93 18.88 3.85 1.92
10.40 321.18 95.74 1.00 22.00 0.00 6.02 17.10 0.00 0.00
0.00 257.85 0.00 0.00 42.00 0.00 4.30 0.00 0.00 0.00
11.61 299.53 85.48 2.00 30.00 1.00 5.66 12.63 0.50 3.05
38.89 276.41 315.55 7.00 12.00 3.00 7.59 13.90 2.86 3.56
41.06 279.70 340.13 6.00 11.00 2.00 7.97 14.09 5.83 3.64
18.17 332.05 150.02 2.00 18.00 0.00 6.78 13.98 6.13 2.37
11.39 376.76 108.78 3.00 18.00 0.00 7.10 16.24 11.40 0.50
40.39 285.30 283.48 5.00 12.00 3.00 8.01 12.03 5.06 5.75
60.72 214.59 409.35 4.00 6.00 6.00 9.17 11.57 4.64 7.02
43.32 255.02 295.01 2.00 11.00 5.00 7.60 11.83 1.09 3.03
