30.08 2508.89 1387.17 21.00 23.00 5.00 12.05 15.74 8.17 3.43
27.18 2355.77 1193.83 22.00 35.00 5.00 10.86 15.02 8.54 2.81
26.36 2263.33 1140.65 22.00 38.00 6.00 10.32 14.76 8.75 2.76
23.53 2277.69 1069.81 21.00 43.00 3.00 9.99 15.56 8.80 1.99
24.64 2178.83 1152.91 20.00 52.00 3.00 9.69 16.00 7.37 1.70
21.41 2178.68 1007.72 19.00 59.00 2.00 9.29 16.16 10.03 1.60
24.73 2112.19 1066.24 18.00 51.00 8.00 9.41 14.85 10.14 2.67
23.85 1730.53 930.57 14.00 84.00 13.00 7.61 13.41 13.94 4.93
21.26 1647.05 764.35 12.00 99.00 14.00 7.00 12.34 19.43 5.38
23.17 1579.33 857.32 14.00 94.00 13.00 6.88 12.69 18.83 5.06
23.62 1610.68 901.94 14.00 88.00 13.00 7.07 13.15 17.22 5.04
15.56 1521.87 633.46 9.00 125.00 7.00 6.03 13.96 26.48 1.62
19.78 1704.24 876.59 16.00 95.00 4.00 7.12 15.27 23.68 2.67
20.58 1715.60 924.10 15.00 89.00 3.00 7.24 15.45 23.50 2.76
23.21 1631.27 945.45 16.00 90.00 6.00 7.12 14.04 23.71 4.16
28.12 1407.20 1046.17 16.00 95.00 11.00 6.56 12.76 8.76 5.38
