30.08 2508.89 1387.17 21.00 23.00 5.00 12.05 15.74 8.17 3.43
29.72 2460.25 1350.10 24.00 25.00 5.00 11.75 15.54 8.09 2.83
27.18 2355.77 1193.83 22.00 35.00 5.00 10.86 15.02 8.54 2.81
26.15 2329.01 1149.28 22.00 36.00 5.00 10.59 15.02 8.56 2.78
26.36 2263.33 1140.65 22.00 38.00 6.00 10.32 14.76 8.75 2.76
24.73 2290.97 1093.91 20.00 40.00 6.00 10.20 15.10 8.72 2.57
23.53 2277.69 1069.81 21.00 43.00 3.00 9.99 15.56 8.80 1.99
23.79 2202.42 1119.77 20.00 49.00 3.00 9.69 16.10 6.40 1.93
24.64 2178.83 1152.91 20.00 52.00 3.00 9.69 16.00 7.37 1.70
22.21 2240.52 1051.14 18.00 53.00 2.00 9.65 16.24 8.03 1.79
21.41 2178.68 1007.72 19.00 59.00 2.00 9.29 16.16 10.03 1.60
22.29 2123.35 1018.20 16.00 59.00 3.00 9.15 15.63 9.93 2.22
24.73 2112.19 1066.24 18.00 51.00 8.00 9.41 14.85 10.14 2.67
26.81 1906.56 1064.87 16.00 59.00 14.00 8.73 13.62 10.09 4.62
23.85 1730.53 930.57 14.00 84.00 13.00 7.61 13.41 13.94 4.93
22.60 1651.82 838.27 13.00 97.00 14.00 7.14 12.75 19.67 5.12
21.26 1647.05 764.35 12.00 99.00 14.00 7.00 12.34 19.43 5.38
20.34 1672.79 712.32 12.00 97.00 14.00 7.02 12.01 20.07 5.38
23.17 1579.33 857.32 14.00 94.00 13.00 6.88 12.69 18.83 5.06
24.00 1609.10 927.89 15.00 92.00 13.00 7.09 13.22 17.05 4.88
23.62 1610.68 901.94 14.00 88.00 13.00 7.07 13.15 17.22 5.04
19.28 1557.06 731.64 12.00 106.00 12.00 6.46 13.12 20.35 5.06
15.56 1521.87 633.46 9.00 125.00 7.00 6.03 13.96 26.48 1.62
14.31 1635.53 646.51 11.00 121.00 2.00 6.39 15.59 26.47 1.97
19.78 1704.24 876.59 16.00 95.00 4.00 7.12 15.27 23.68 2.67
21.93 1741.16 970.22 16.00 85.00 3.00 7.47 15.20 23.04 2.71
20.58 1715.60 924.10 15.00 89.00 3.00 7.24 15.45 23.50 2.76
20.25 1729.29 907.88 16.00 90.00 3.00 7.27 15.43 24.01 2.74
23.21 1631.27 945.45 16.00 90.00 6.00 7.12 14.04 23.71 4.16
27.06 1492.49 1040.04 16.00 89.00 9.00 6.85 13.23 23.90 5.28
28.12 1407.20 1046.17 16.00 95.00 11.00 6.56 12.76 8.76 5.38
