26.78 4241.14 2244.48 38.00 70.00 6.00 10.80 15.90 8.08 2.81
25.10 4209.97 2076.43 36.00 75.00 7.00 10.47 15.72 8.62 2.43
24.37 4120.60 1991.69 35.00 81.00 7.00 10.15 15.55 9.65 2.35
25.38 4015.56 2043.55 35.00 79.00 8.00 10.03 15.29 9.58 2.63
25.92 3899.85 1998.70 36.00 81.00 13.00 9.81 14.70 9.78 2.85
25.96 3769.07 1915.76 32.00 90.00 19.00 9.48 14.04 9.84 3.89
23.31 3604.19 1731.35 30.00 117.00 16.00 8.75 14.15 12.05 3.81
22.32 3486.17 1660.97 29.00 132.00 17.00 8.35 14.18 14.48 3.86
23.54 3387.85 1748.63 30.00 135.00 17.00 8.24 14.14 14.01 3.76
22.70 3398.50 1701.29 29.00 139.00 15.00 8.18 14.26 14.25 3.81
22.95 3311.44 1714.69 31.00 141.00 15.00 7.99 14.21 14.29 3.69
21.93 3359.15 1654.10 27.00 142.00 15.00 8.01 14.35 14.29 3.78
22.39 3375.61 1699.80 27.00 134.00 15.00 8.10 14.50 14.54 3.77
21.56 3242.38 1625.91 25.00 149.00 15.00 7.69 14.40 16.28 3.85
19.92 3158.32 1491.61 23.00 168.00 14.00 7.34 14.33 20.15 4.02
20.18 3113.36 1468.36 23.00 171.00 15.00 7.25 13.93 23.33 4.09
21.23 3030.80 1536.54 25.00 170.00 17.00 7.16 13.85 22.98 4.30
21.29 3025.38 1511.42 25.00 168.00 17.00 7.15 13.56 22.94 4.30
21.28 2924.82 1519.76 25.00 172.00 16.00 6.91 13.65 22.48 4.32
21.61 2887.15 1558.03 27.00 176.00 16.00 6.85 13.74 22.28 4.21
23.95 2763.46 1652.89 28.00 172.00 19.00 6.76 13.16 22.05 4.74
24.58 2728.37 1675.94 27.00 173.00 21.00 6.73 13.02 22.10 5.28
24.27 2671.23 1679.63 25.00 178.00 18.00 6.56 13.19 22.24 4.45
