27.92 3803.11 2074.26 36.00 54.00 6.00 11.07 15.86 7.47 2.89
27.19 3695.15 2014.26 35.00 64.00 6.00 10.64 15.83 7.75 2.45
25.37 3674.03 1841.27 33.00 69.00 6.00 10.32 15.51 8.48 2.41
24.29 3641.92 1751.55 31.00 70.00 7.00 10.08 15.41 8.94 2.43
24.12 3552.03 1730.32 31.00 76.00 7.00 9.81 15.34 10.12 2.41
24.65 3547.77 1745.16 29.00 74.00 8.00 9.86 15.13 10.06 2.60
23.99 3510.11 1658.83 30.00 76.00 10.00 9.67 14.86 10.23 2.57
24.73 3312.17 1644.55 28.00 85.00 16.00 9.22 14.25 8.99 3.90
24.71 3067.30 1644.23 27.00 110.00 16.00 8.53 14.26 11.31 3.92
23.06 3009.46 1530.16 26.00 125.00 15.00 8.19 14.23 14.84 3.99
22.41 2941.12 1453.03 27.00 130.00 15.00 7.93 13.89 14.83 3.91
21.33 2907.69 1376.35 23.00 136.00 15.00 7.73 13.81 15.29 4.06
22.86 2897.13 1504.82 25.00 128.00 15.00 7.86 14.08 15.36 3.90
22.95 2921.06 1530.17 24.00 126.00 15.00 7.94 14.26 15.12 3.92
22.41 2899.87 1491.61 23.00 126.00 14.00 7.83 14.33 15.34 4.02
21.25 2813.64 1382.89 21.00 140.00 14.00 7.48 14.02 17.46 4.16
19.02 2754.30 1220.99 18.00 158.00 14.00 7.12 13.83 21.65 4.47
18.81 2745.28 1171.29 19.00 157.00 15.00 7.07 13.41 25.31 4.48
21.67 2592.77 1367.84 23.00 154.00 16.00 6.93 13.60 23.80 4.47
22.89 2510.23 1449.25 24.00 157.00 16.00 6.82 13.59 22.85 4.39
21.89 2477.68 1369.41 23.00 160.00 16.00 6.64 13.42 23.11 4.49
20.06 2513.77 1266.03 23.00 167.00 15.00 6.58 13.56 23.79 4.29
21.91 2416.21 1384.42 23.00 167.00 13.00 6.47 13.52 23.59 3.57
23.10 2507.13 1505.34 24.00 157.00 10.00 6.82 13.98 19.85 4.45
25.08 2577.08 1607.21 25.00 136.00 12.00 7.21 13.77 19.31 4.45
