29.01 2922.88 1597.04 27.00 36.00 5.00 11.52 15.67 7.89 3.24
27.06 2897.06 1474.16 27.00 41.00 5.00 11.11 15.53 8.11 2.70
26.36 2831.91 1402.02 26.00 43.00 6.00 10.76 15.15 8.20 2.64
25.80 2758.76 1392.30 26.00 45.00 6.00 10.40 15.34 8.18 2.58
26.49 2667.42 1409.68 27.00 48.00 6.00 10.15 15.15 8.31 2.57
25.78 2659.32 1390.99 24.00 54.00 6.00 10.01 15.36 8.47 2.41
22.55 2715.72 1240.03 23.00 59.00 3.00 9.79 15.67 9.35 1.91
21.23 2717.23 1181.94 21.00 60.00 4.00 9.63 15.90 7.98 1.91
23.27 2625.41 1303.33 22.00 64.00 4.00 9.55 16.01 9.39 1.66
24.18 2614.16 1343.14 22.00 62.00 3.00 9.63 15.85 9.28 2.31
24.55 2526.50 1276.11 24.00 64.00 8.00 9.36 14.91 9.54 2.61
24.64 2344.65 1188.80 19.00 75.00 14.00 8.69 13.79 9.60 4.38
23.58 2206.27 1138.76 18.00 92.00 14.00 8.06 13.80 12.93 4.45
22.84 2080.56 1081.30 17.00 106.00 15.00 7.52 13.52 17.55 4.55
22.24 2051.07 1034.98 17.00 109.00 14.00 7.36 13.31 17.45 4.60
22.13 2040.86 1009.40 16.00 111.00 14.00 7.31 13.04 17.96 4.68
22.26 2017.36 1026.01 16.00 110.00 14.00 7.23 13.17 17.90 4.74
21.41 2124.25 990.07 16.00 103.00 14.00 7.54 13.21 17.67 4.73
22.41 2057.81 1052.29 16.00 100.00 13.00 7.41 13.51 17.17 4.74
21.75 1930.43 1023.64 16.00 115.00 13.00 6.89 13.51 18.62 4.74
19.68 1869.13 901.94 14.00 130.00 13.00 6.50 13.15 23.81 5.04
18.00 1856.77 817.11 14.00 137.00 13.00 6.32 13.07 28.07 4.85
19.45 1798.38 949.01 16.00 137.00 10.00 6.23 13.94 27.10 2.67
18.77 1915.63 986.64 17.00 132.00 4.00 6.58 15.04 22.36 2.68
19.51 2036.28 1028.51 18.00 113.00 4.00 7.06 15.09 21.77 2.63
20.17 2118.07 1079.01 19.00 104.00 3.00 7.40 15.30 22.23 2.58
23.88 2001.38 1207.58 20.00 101.00 6.00 7.34 14.49 21.84 3.75
27.01 1943.88 1317.79 20.00 96.00 9.00 7.44 13.98 21.46 4.79
26.54 1886.29 1240.67 18.00 101.00 11.00 7.18 13.44 21.79 5.12
