0.00 329.20 0.00 0.00 29.00 0.00 5.50 0.00 0.00 0.00
0.00 275.55 0.00 0.00 37.00 0.00 4.60 0.00 0.00 0.00
1.28 363.91 5.71 2.00 25.00 0.00 6.16 8.15 0.47 0.35
26.22 410.11 213.30 6.00 9.00 0.00 9.31 13.76 1.32 1.69
42.00 436.98 352.23 7.00 5.00 0.00 12.67 14.16 2.68 1.04
45.28 384.42 340.59 5.00 5.00 0.00 11.79 12.66 4.83 5.94
52.67 383.17 404.55 5.00 1.00 0.00 13.59 12.88 3.04 5.46
46.28 374.57 341.51 4.00 3.00 2.00 11.71 12.39 5.02 5.81
35.17 357.88 216.47 3.00 7.00 3.00 9.29 10.34 5.21 2.38
20.56 439.38 124.84 3.00 10.00 1.00 9.27 10.21 6.82 2.26
22.00 432.21 119.08 3.00 9.00 2.00 9.26 9.09 1.60 3.46
24.28 396.19 139.79 3.00 9.00 4.00 8.75 9.68 6.60 0.49
37.39 319.35 226.47 2.00 7.00 3.00 8.54 10.16 5.52 6.63
50.33 281.13 293.56 2.00 5.00 2.00 9.49 9.76 2.41 5.32
22.44 410.34 130.05 1.00 12.00 1.00 8.84 9.70 15.63 0.00
15.94 398.79 114.28 2.00 15.00 0.00 7.92 12.03 0.00 1.38
33.67 232.58 188.79 2.00 18.00 2.00 5.86 9.41 1.15 3.93
37.61 210.16 185.52 2.00 16.00 4.00 5.63 8.29 14.15 3.70
69.89 122.22 339.10 2.00 5.00 12.00 6.81 8.11 0.00 11.30
76.06 94.28 381.49 0.00 6.00 14.00 6.58 8.39 0.00 0.00
28.83 299.31 177.09 1.00 15.00 3.00 7.03 10.36 0.00 0.00
3.72 476.34 31.02 1.00 16.00 0.00 8.28 14.32 0.00 0.00
40.72 314.01 226.21 1.00 11.00 4.00 8.86 9.31 14.28 0.00
39.78 270.91 219.02 1.00 12.00 4.00 7.52 9.20 0.00 0.00
41.44 273.35 184.80 1.00 11.00 7.00 7.80 7.44 0.00 0.00
58.94 203.31 292.54 2.00 8.00 8.00 8.28 8.30 0.00 14.25
46.33 256.81 269.62 1.00 9.00 3.00 7.99 9.77 3.40 0.00
28.83 342.72 161.67 0.00 11.00 2.00 8.04 9.42 0.00 0.00
0.00 444.40 0.00 0.00 19.00 0.00 7.41 0.00 0.00 0.00
29.78 305.51 159.00 1.00 13.00 5.00 7.26 8.93 0.00 0.00
29.78 364.62 159.00 1.00 7.00 5.00 8.67 8.93 0.00 0.00
39.33 321.89 192.11 1.00 6.00 4.00 8.88 8.16 0.00 0.00
62.22 132.81 242.68 2.00 12.00 13.00 5.89 6.52 0.00 4.93
72.89 71.98 143.86 1.00 11.00 29.00 4.43 3.29 0.00 0.00
84.11 83.50 256.60 1.00 1.00 25.00 8.82 5.11 0.00 0.00
73.22 128.43 336.89 1.00 4.00 13.00 8.04 7.72 1.50 0.00
39.11 158.02 173.51 0.00 25.00 8.00 4.33 7.42 0.00 0.00
8.50 198.98 40.69 1.00 40.00 1.00 3.63 8.03 0.00 0.00
8.50 166.06 40.69 1.00 40.00 1.00 3.03 8.03 0.00 0.00
