26.22 1872.44 979.05 17.00 67.00 3.00 8.50 12.56 4.53 4.72
30.62 1975.49 1098.14 20.00 47.00 5.00 9.54 12.06 6.42 4.55
37.84 1930.68 1319.06 20.00 29.00 8.00 10.41 11.71 7.05 5.00
33.93 1903.53 1097.10 14.00 36.00 9.00 9.65 10.84 10.14 5.95
30.13 1753.33 881.24 11.00 53.00 11.00 8.40 9.81 9.60 5.25
37.08 1517.23 1003.87 10.00 51.00 20.00 8.06 9.06 11.91 8.51
38.44 1384.34 1061.79 8.00 57.00 22.00 7.52 9.25 13.98 13.72
39.11 1379.00 1061.61 7.00 61.00 23.00 7.57 9.09 15.53 14.97
42.91 1242.04 1116.36 7.00 60.00 29.00 7.27 8.71 13.15 14.38
45.44 1266.13 1197.64 6.00 51.00 30.00 7.76 8.82 13.83 14.80
31.47 1589.96 858.48 4.00 65.00 17.00 7.75 9.14 17.64 10.88
31.66 1655.26 840.07 4.00 57.00 19.00 8.09 8.88 19.07 5.26
35.96 1473.83 856.55 5.00 58.00 28.00 7.68 7.97 24.13 6.12
44.49 1283.97 927.90 5.00 48.00 46.00 7.72 6.98 24.64 11.71
43.04 1183.54 831.99 4.00 64.00 51.00 6.94 6.46 14.27 12.11
44.74 906.21 872.68 5.00 85.00 52.00 5.48 6.52 16.36 15.35
