14.43 1130.88 357.93 9.00 59.00 0.00 7.36 14.00 2.64 1.63
23.83 1070.66 553.90 11.00 52.00 0.00 7.84 13.06 3.84 4.42
31.98 1184.82 762.49 14.00 31.00 0.00 9.72 13.38 3.69 3.88
39.26 1169.68 895.61 15.00 17.00 2.00 10.76 12.79 4.31 4.92
43.28 1178.54 973.35 15.00 13.00 3.00 11.64 12.60 4.55 4.74
37.37 1198.37 807.16 12.00 18.00 3.00 10.70 12.10 7.53 5.21
36.61 1173.84 740.20 11.00 17.00 5.00 10.35 11.31 7.36 5.59
30.37 1210.14 606.14 10.00 22.00 7.00 9.70 11.17 7.86 4.35
31.52 1110.02 562.19 8.00 23.00 8.00 9.05 9.97 6.69 4.88
31.72 1116.70 559.42 8.00 24.00 7.00 9.13 9.85 7.00 5.39
27.28 1161.91 475.98 6.00 28.00 6.00 8.90 9.74 10.96 5.64
30.19 1076.71 548.86 7.00 29.00 6.00 8.60 10.16 11.18 5.45
31.17 962.66 545.53 5.00 37.00 6.00 7.79 9.78 10.95 5.22
34.63 890.68 593.59 6.00 36.00 6.00 7.59 9.58 13.57 4.70
42.00 765.67 657.93 5.00 35.00 15.00 7.36 8.74 14.54 10.24
43.20 703.24 681.52 4.00 37.00 18.00 6.90 8.81 10.16 16.67
44.13 654.25 705.04 5.00 38.00 18.00 6.53 8.92 14.61 16.51
39.13 780.85 598.04 3.00 38.00 18.00 7.15 8.54 14.05 20.01
46.48 735.54 742.78 4.00 31.00 20.00 7.67 8.92 17.10 17.41
39.85 841.67 631.53 2.00 35.00 18.00 7.80 8.84 4.71 10.82
37.00 887.10 588.41 3.00 37.00 14.00 7.84 8.88 4.38 10.44
34.15 950.70 542.58 4.00 37.00 12.00 8.04 8.86 7.94 12.86
42.83 844.60 681.07 3.00 31.00 14.00 8.23 8.87 10.19 4.72
42.52 817.01 673.88 3.00 31.00 14.00 7.91 8.84 10.12 4.72
29.26 976.20 454.87 2.00 39.00 10.00 7.68 8.67 26.60 5.60
39.19 851.61 613.87 3.00 32.00 15.00 7.79 8.74 29.88 6.07
25.37 1067.47 428.62 2.00 35.00 8.00 7.96 9.44 23.73 1.43
32.65 970.26 512.78 2.00 30.00 11.00 8.02 8.77 31.31 2.87
30.67 942.02 401.68 3.00 38.00 18.00 7.56 7.30 14.05 4.05
47.33 699.73 494.97 3.00 30.00 38.00 7.39 5.82 14.05 11.09
58.70 581.12 658.28 4.00 20.00 43.00 7.84 6.25 15.14 12.84
61.81 522.59 672.99 3.00 21.00 46.00 7.63 6.07 4.14 10.16
61.81 374.33 672.99 3.00 38.00 46.00 5.46 6.07 11.45 10.16
51.54 399.54 521.57 3.00 55.00 43.00 4.59 5.64 19.43 18.59
43.91 408.59 471.00 2.00 66.00 34.00 4.05 5.98 17.62 17.22
