31.65 3390.25 1982.92 27.00 118.00 23.00 8.30 10.51 10.13 7.12
34.26 3265.76 2136.56 27.00 116.00 27.00 8.31 10.46 9.96 9.42
34.53 3359.83 2160.08 28.00 104.00 27.00 8.59 10.49 11.57 9.31
34.63 3466.62 2167.58 28.00 94.00 27.00 8.88 10.50 11.79 9.30
38.48 3309.68 2380.89 27.00 90.00 31.00 9.01 10.38 11.91 9.73
35.98 3326.91 2173.30 23.00 98.00 31.00 8.70 10.12 12.66 10.32
38.42 3145.96 2213.46 21.00 96.00 38.00 8.55 9.65 13.28 10.96
37.35 3145.87 2125.04 20.00 101.00 39.00 8.40 9.53 12.77 11.61
37.79 3019.60 2078.88 17.00 104.00 41.00 8.12 9.21 12.11 12.24
35.61 3114.03 1945.85 16.00 109.00 39.00 8.08 9.15 12.98 12.34
34.27 3107.19 1862.41 14.00 116.00 38.00 7.90 9.10 17.99 12.59
36.53 2980.22 1980.01 14.00 112.00 43.00 7.85 9.08 18.64 12.52
35.05 3039.60 1902.17 12.00 114.00 41.00 7.82 9.09 18.33 12.36
38.03 2905.99 2031.10 12.00 109.00 43.00 7.83 8.94 20.28 12.48
37.53 2853.25 1918.15 12.00 119.00 51.00 7.63 8.55 19.07 12.48
40.29 2696.54 1881.40 11.00 115.00 70.00 7.54 7.81 19.16 13.89
43.70 2526.02 2044.71 12.00 108.00 75.00 7.50 7.83 19.42 14.05
46.02 2426.17 2103.91 10.00 104.00 83.00 7.51 7.65 20.30 14.56
44.24 2451.31 2029.63 10.00 115.00 81.00 7.34 7.67 19.94 14.56
43.11 2415.13 1959.08 9.00 128.00 80.00 7.09 7.60 19.98 14.00
38.11 2496.17 1731.16 9.00 150.00 69.00 6.73 7.60 18.37 14.00
