25.52 2305.23 1098.14 20.00 76.00 5.00 8.63 12.06 6.42 4.55
27.10 2280.80 1160.24 21.00 74.00 7.00 8.73 12.00 7.19 4.40
31.75 2294.84 1324.77 22.00 54.00 8.00 9.38 11.69 7.08 5.01
35.49 2286.37 1455.04 23.00 41.00 9.00 9.90 11.48 6.77 5.22
35.28 2341.03 1449.33 21.00 41.00 9.00 10.10 11.49 9.16 5.20
33.78 2275.08 1356.02 19.00 47.00 9.00 9.59 11.23 10.02 5.37
33.89 2136.49 1285.89 16.00 54.00 11.00 9.01 10.60 10.19 5.82
32.50 2100.82 1200.96 16.00 58.00 13.00 8.68 10.33 10.93 5.29
36.76 1875.69 1220.34 13.00 58.00 23.00 8.27 9.27 10.77 8.21
37.46 1820.53 1240.94 12.00 61.00 25.00 8.12 9.25 10.80 12.07
35.70 1816.55 1181.02 11.00 66.00 24.00 7.87 9.23 13.49 12.49
34.66 1857.56 1147.12 10.00 67.00 24.00 7.92 9.24 13.11 13.03
38.82 1698.34 1288.30 9.00 68.00 26.00 7.74 9.26 14.20 13.22
37.24 1732.35 1225.12 8.00 71.00 24.00 7.69 9.18 13.80 14.01
39.50 1652.78 1246.41 8.00 72.00 30.00 7.61 8.80 14.37 14.35
38.68 1654.01 1224.10 8.00 74.00 30.00 7.51 8.83 12.53 15.02
43.48 1498.85 1386.43 8.00 69.00 32.00 7.39 8.90 12.61 14.07
40.82 1597.94 1271.92 6.00 70.00 32.00 7.52 8.69 12.90 14.80
37.87 1712.17 1197.64 6.00 70.00 30.00 7.67 8.82 21.09 14.80
39.52 1693.35 1245.40 5.00 67.00 33.00 7.79 8.79 21.41 9.76
31.19 1954.58 1017.48 5.00 72.00 22.00 7.90 9.11 17.42 9.76
33.40 1920.96 1056.02 6.00 67.00 23.00 8.03 8.82 23.42 9.05
36.75 1788.26 1082.75 6.00 69.00 32.00 7.87 8.22 19.88 5.65
44.93 1516.82 1168.85 6.00 61.00 52.00 7.66 7.25 21.58 8.64
43.98 1557.32 1113.15 6.00 59.00 53.00 7.74 7.06 24.64 10.97
50.50 1374.27 1286.86 6.00 53.00 61.00 7.73 7.10 24.60 10.78
43.59 1441.99 1101.60 5.00 73.00 54.00 7.11 7.05 22.52 11.78
42.09 1370.09 1034.35 5.00 85.00 54.00 6.58 6.85 24.76 15.35
37.29 1350.62 872.68 5.00 104.00 52.00 5.99 6.52 16.36 15.35
