26.22 1872.44 979.05 17.00 67.00 3.00 8.50 12.56 4.53 4.72
27.67 1884.61 1020.46 18.00 65.00 3.00 8.72 12.41 6.70 4.59
30.62 1975.49 1098.14 20.00 47.00 5.00 9.54 12.06 6.42 4.55
32.52 2005.24 1160.24 21.00 36.00 7.00 9.96 12.00 7.19 4.40
37.84 1930.68 1319.06 20.00 29.00 8.00 10.41 11.71 7.05 5.00
37.34 1875.68 1241.73 17.00 32.00 9.00 10.03 11.16 7.07 5.63
33.93 1903.53 1097.10 14.00 36.00 9.00 9.65 10.84 10.14 5.95
31.48 1890.66 1015.22 14.00 42.00 9.00 9.24 10.82 10.29 5.21
30.13 1753.33 881.24 11.00 53.00 11.00 8.40 9.81 9.60 5.25
29.74 1726.25 859.45 12.00 55.00 11.00 8.22 9.69 11.22 5.08
37.08 1517.23 1003.87 10.00 51.00 20.00 8.06 9.06 11.91 8.51
40.84 1381.15 1116.10 9.00 51.00 24.00 7.81 9.15 11.35 13.30
38.44 1384.34 1061.79 8.00 57.00 22.00 7.52 9.25 13.98 13.72
36.73 1461.37 1006.10 7.00 58.00 20.00 7.72 9.18 14.14 14.55
39.11 1379.00 1061.61 7.00 61.00 23.00 7.57 9.09 15.53 14.97
34.62 1450.63 931.56 6.00 66.00 22.00 7.42 9.01 12.59 15.27
42.91 1242.04 1116.36 7.00 60.00 29.00 7.27 8.71 13.15 14.38
43.22 1255.21 1109.60 6.00 59.00 30.00 7.39 8.59 12.84 16.49
45.44 1266.13 1197.64 6.00 51.00 30.00 7.76 8.82 13.83 14.80
41.47 1387.77 1086.40 4.00 54.00 28.00 7.92 8.77 8.72 10.88
31.47 1589.96 858.48 4.00 65.00 17.00 7.75 9.14 17.64 10.88
32.21 1599.00 863.91 5.00 61.00 19.00 7.88 8.98 23.24 9.76
31.66 1655.26 840.07 4.00 57.00 19.00 8.09 8.88 19.07 5.26
39.33 1444.55 1024.99 5.00 50.00 23.00 7.95 8.72 25.61 4.70
35.96 1473.83 856.55 5.00 58.00 28.00 7.68 7.97 24.13 6.12
45.96 1245.84 949.84 5.00 49.00 48.00 7.70 6.91 24.13 9.35
44.49 1283.97 927.90 5.00 48.00 46.00 7.72 6.98 24.64 11.71
48.81 1170.96 993.66 4.00 45.00 53.00 7.64 6.81 26.56 12.11
43.04 1183.54 831.99 4.00 64.00 51.00 6.94 6.46 14.27 12.11
44.74 1027.29 872.68 5.00 74.00 52.00 6.21 6.52 17.80 15.35
44.74 906.21 872.68 5.00 85.00 52.00 5.48 6.52 16.36 15.35
