27.40 3267.89 1643.82 25.00 113.00 11.00 8.37 11.19 9.43 5.27
29.61 3171.48 1755.06 27.00 110.00 13.00 8.38 11.06 10.13 5.17
35.17 3060.51 1982.92 27.00 89.00 23.00 8.78 10.51 10.13 7.12
38.06 2990.21 2136.56 27.00 78.00 27.00 8.98 10.46 9.96 9.42
38.23 2995.67 2154.37 26.00 79.00 27.00 9.02 10.50 11.64 9.45
35.56 3055.93 1954.28 22.00 85.00 27.00 8.82 10.24 12.24 10.06
38.09 2872.18 2028.66 20.00 85.00 31.00 8.63 9.92 12.74 10.77
34.95 2942.49 1832.50 18.00 93.00 31.00 8.41 9.76 12.74 11.04
36.84 2762.79 1808.81 16.00 95.00 38.00 8.13 9.14 12.67 11.85
36.36 2771.30 1783.53 16.00 98.00 37.00 8.09 9.13 12.42 12.40
38.08 2661.15 1862.41 14.00 97.00 38.00 7.98 9.10 12.85 12.59
37.28 2674.65 1821.01 13.00 99.00 38.00 7.92 9.09 13.59 12.97
35.64 2674.98 1743.17 11.00 107.00 36.00 7.72 9.10 18.13 12.91
37.89 2584.03 1838.99 11.00 103.00 39.00 7.72 9.03 19.77 12.91
34.79 2720.25 1675.47 10.00 107.00 38.00 7.74 8.96 19.10 13.49
36.67 2624.26 1737.54 10.00 104.00 41.00 7.69 8.81 21.05 12.66
39.21 2442.52 1788.11 11.00 107.00 50.00 7.46 8.48 19.16 12.20
42.99 2297.74 1766.89 9.00 100.00 70.00 7.48 7.64 19.46 13.94
44.81 2293.29 1855.92 10.00 90.00 73.00 7.71 7.70 20.96 14.17
46.95 2216.01 1918.39 8.00 88.00 79.00 7.75 7.59 20.68 13.12
41.40 2329.10 1690.47 8.00 110.00 68.00 7.37 7.59 18.66 13.12
39.44 2320.79 1577.59 9.00 122.00 66.00 7.11 7.43 20.85 14.00
39.14 2196.86 1553.75 8.00 135.00 66.00 6.70 7.38 19.26 12.49
