23.99 1514.56 762.49 14.00 60.00 0.00 8.33 13.38 3.69 3.88
29.44 1445.23 895.61 15.00 55.00 2.00 8.57 12.79 4.31 4.92
32.78 1542.70 979.05 17.00 38.00 3.00 9.62 12.56 4.53 4.72
34.58 1609.06 1020.46 18.00 27.00 3.00 10.31 12.41 6.70 4.59
37.96 1611.33 1092.43 18.00 22.00 5.00 10.89 12.09 6.44 4.57
34.10 1594.56 946.94 15.00 27.00 7.00 10.14 11.66 7.71 4.86
36.81 1493.19 966.83 13.00 24.00 8.00 9.90 11.01 7.76 5.86
35.36 1491.27 900.93 12.00 27.00 9.00 9.66 10.68 7.08 5.54
29.25 1520.36 692.45 9.00 35.00 9.00 8.99 9.92 9.72 5.29
27.78 1516.09 673.71 10.00 39.00 7.00 8.78 10.16 10.45 4.95
28.88 1394.87 664.77 8.00 46.00 8.00 8.19 9.64 10.47 5.33
32.04 1286.87 734.61 9.00 45.00 10.00 7.92 9.61 11.91 5.43
40.85 1085.02 884.63 7.00 42.00 18.00 7.67 9.06 12.67 8.76
44.99 984.96 975.08 6.00 42.00 20.00 7.48 9.07 12.70 14.86
38.71 1064.99 835.09 6.00 50.00 19.00 7.26 9.03 15.57 15.79
33.33 1179.64 712.54 5.00 53.00 18.00 7.39 8.96 13.23 16.42
43.28 968.26 931.56 6.00 49.00 22.00 7.14 9.01 14.82 15.27
39.29 1051.83 817.06 4.00 51.00 22.00 7.24 8.71 12.88 17.41
45.22 1009.32 927.57 5.00 42.00 27.00 7.70 8.58 14.88 15.65
44.62 1045.05 924.08 4.00 43.00 26.00 7.88 8.66 8.79 12.86
39.33 1143.91 858.48 4.00 46.00 17.00 7.88 9.14 11.36 10.88
32.82 1293.43 704.91 4.00 48.00 14.00 8.04 8.99 8.79 10.88
32.12 1290.64 681.07 3.00 50.00 14.00 7.94 8.87 19.70 4.72
39.33 1122.59 832.88 4.00 44.00 19.00 7.72 8.85 25.93 5.26
29.39 1340.82 613.87 3.00 46.00 15.00 7.92 8.74 23.73 6.07
39.22 1173.57 805.98 4.00 38.00 19.00 8.06 8.59 28.59 5.26
34.58 1200.48 671.30 4.00 47.00 21.00 7.66 8.12 24.13 3.65
42.71 1042.53 656.64 3.00 41.00 40.00 7.59 6.43 24.55 11.09
44.03 1025.52 658.28 4.00 39.00 43.00 7.65 6.25 15.14 12.84
53.81 828.16 831.99 4.00 34.00 51.00 7.49 6.46 15.03 12.11
53.81 739.14 831.99 4.00 45.00 51.00 6.68 6.46 14.27 12.11
48.49 721.72 713.68 4.00 61.00 47.00 5.85 6.15 17.12 16.41
48.49 541.40 713.68 4.00 78.00 47.00 4.39 6.15 16.98 16.41
