26.62 3034.93 1455.04 23.00 95.00 9.00 8.65 11.48 9.11 5.22
28.61 2961.32 1569.32 25.00 94.00 9.00 8.68 11.51 9.47 5.02
30.83 2938.15 1643.82 25.00 84.00 11.00 8.89 11.19 9.43 5.27
33.31 2895.93 1755.06 27.00 72.00 13.00 9.09 11.06 10.13 5.17
39.40 2696.35 1977.21 25.00 64.00 23.00 9.31 10.52 10.18 7.14
39.54 2579.52 1923.26 21.00 69.00 27.00 8.93 10.19 10.40 10.20
37.76 2558.17 1802.15 19.00 74.00 27.00 8.60 10.00 12.54 10.60
34.35 2671.51 1613.48 17.00 80.00 27.00 8.51 9.84 12.41 10.86
36.26 2489.01 1624.01 15.00 84.00 31.00 8.17 9.38 12.52 11.73
33.53 2567.92 1490.98 14.00 90.00 29.00 8.08 9.31 12.44 11.91
37.05 2404.34 1592.34 13.00 88.00 35.00 7.98 8.99 13.56 12.33
38.33 2331.92 1658.68 13.00 88.00 36.00 7.90 9.06 13.06 13.21
40.09 2228.93 1743.17 11.00 88.00 36.00 7.77 9.10 12.90 12.91
38.90 2278.46 1679.99 10.00 90.00 34.00 7.79 9.04 13.95 13.54
35.42 2355.63 1516.47 9.00 100.00 33.00 7.62 8.96 19.07 14.22
36.33 2302.31 1545.43 9.00 98.00 37.00 7.55 8.90 20.57 13.28
36.33 2309.52 1545.43 9.00 95.00 37.00 7.57 8.90 19.12 13.28
39.26 2225.47 1623.03 8.00 89.00 41.00 7.65 8.65 21.65 12.93
39.90 2209.80 1599.32 9.00 89.00 48.00 7.68 8.38 20.63 12.48
43.67 2087.58 1581.37 7.00 84.00 66.00 7.74 7.57 18.48 11.79
41.68 2171.08 1516.76 8.00 85.00 60.00 7.77 7.61 19.78 12.37
43.31 2121.66 1536.90 8.00 82.00 65.00 7.82 7.42 21.56 13.12
42.97 2029.78 1513.06 7.00 95.00 65.00 7.43 7.36 19.59 10.23
43.91 1844.38 1546.56 8.00 105.00 66.00 6.86 7.36 22.11 12.49
38.94 1882.42 1327.54 7.00 124.00 62.00 6.43 7.13 21.76 13.32
