27.21 2624.58 1324.77 22.00 83.00 8.00 8.62 11.69 7.08 5.01
30.42 2561.93 1455.04 23.00 79.00 9.00 8.80 11.48 6.77 5.22
30.42 2705.19 1455.04 23.00 66.00 9.00 9.30 11.48 9.11 5.22
32.70 2685.76 1569.32 25.00 56.00 9.00 9.55 11.51 9.47 5.02
35.05 2573.99 1638.12 23.00 59.00 11.00 9.48 11.21 9.44 5.22
34.33 2485.24 1541.76 21.00 63.00 13.00 9.05 10.77 10.66 5.44
39.03 2258.86 1624.99 18.00 59.00 23.00 8.86 9.96 11.05 7.86
38.72 2195.10 1582.45 16.00 64.00 27.00 8.56 9.78 10.61 11.03
35.63 2175.01 1397.50 14.00 73.00 27.00 8.08 9.39 12.24 11.63
32.64 2296.94 1271.97 13.00 77.00 25.00 8.15 9.33 12.35 11.84
36.42 2130.56 1407.54 12.00 77.00 28.00 8.00 9.25 13.67 12.38
35.39 2128.54 1366.14 11.00 80.00 28.00 7.87 9.24 13.13 12.88
39.20 1972.12 1473.10 10.00 79.00 33.00 7.75 8.99 13.51 12.86
40.34 1935.73 1517.66 10.00 79.00 32.00 7.75 9.00 13.63 14.10
40.48 1909.58 1516.47 9.00 81.00 33.00 7.66 8.96 13.68 14.22
37.27 1996.73 1386.43 8.00 85.00 32.00 7.60 8.90 12.85 14.07
37.27 1944.90 1386.43 8.00 88.00 32.00 7.40 8.90 19.19 14.07
39.25 1903.51 1430.92 7.00 83.00 37.00 7.48 8.72 21.25 13.81
36.71 2076.79 1356.64 7.00 77.00 35.00 7.83 8.83 20.62 13.81
39.49 2015.31 1437.51 6.00 73.00 37.00 7.95 8.70 21.84 9.05
35.62 2087.58 1260.16 7.00 84.00 35.00 7.74 8.46 18.48 8.66
39.04 1993.23 1199.88 7.00 78.00 52.00 7.80 7.34 19.88 11.79
43.52 1871.76 1339.36 7.00 70.00 57.00 7.91 7.36 20.92 10.20
48.97 1645.25 1505.87 7.00 65.00 65.00 7.69 7.35 23.04 10.23
43.29 1715.34 1286.86 6.00 84.00 61.00 7.21 7.10 22.52 10.78
44.50 1573.39 1327.54 7.00 93.00 62.00 6.76 7.13 23.54 13.32
38.58 1609.07 1142.29 6.00 113.00 55.00 6.25 7.08 21.76 14.20
