43.13 1127.81 811.41 6.00 16.00 9.00 11.06 10.51 6.26 14.12
58.17 741.45 1053.70 8.00 13.00 12.00 9.90 10.12 6.17 13.10
67.07 562.45 1150.47 8.00 12.00 20.00 9.55 9.58 5.82 12.24
68.37 534.42 1077.72 8.00 12.00 23.00 9.45 8.80 2.82 16.48
68.17 447.20 1074.51 6.00 18.00 23.00 7.85 8.80 8.33 16.37
61.44 546.03 956.71 6.00 21.00 21.00 7.91 8.69 7.56 15.08
64.19 478.25 1013.98 6.00 19.00 22.00 7.45 8.82 8.59 13.70
58.85 539.51 906.25 4.00 24.00 23.00 7.31 8.60 7.01 14.66
48.57 733.89 776.67 4.00 24.00 15.00 7.95 8.94 8.96 10.41
48.91 711.32 758.05 5.00 25.00 19.00 7.75 8.65 7.71 10.02
60.48 551.44 789.36 4.00 19.00 38.00 7.77 7.28 7.71 19.81
63.26 527.97 746.91 3.00 17.00 45.00 8.00 6.58 9.31 28.21
54.65 568.23 601.18 2.00 26.00 42.00 6.97 6.13 12.18 34.28
44.94 622.18 466.67 2.00 38.00 38.00 6.28 5.78 29.67 34.28
47.91 546.83 548.18 2.00 36.00 38.00 5.84 6.39 35.63 31.62
34.00 703.65 358.00 1.00 48.00 30.00 5.93 5.89 20.63 0.00
31.46 755.31 452.08 2.00 49.00 13.00 6.13 8.05 18.35 6.97
21.30 886.02 360.23 3.00 57.00 6.00 6.26 9.48 7.37 10.96
28.11 840.28 448.41 4.00 49.00 8.00 6.50 8.95 10.49 8.75
44.78 706.17 630.45 4.00 32.00 20.00 7.12 7.88 10.49 13.98
46.56 669.48 593.12 4.00 36.00 24.00 6.97 7.11 5.78 14.75
48.98 620.47 620.03 4.00 35.00 27.00 6.77 7.06 5.47 14.21
46.09 641.03 498.00 4.00 38.00 31.00 6.62 6.03 8.15 13.95
61.98 416.49 668.01 3.00 29.00 47.00 6.09 6.01 8.96 14.31
58.83 440.84 628.39 2.00 36.00 45.00 5.96 5.95 8.26 20.13
58.78 441.03 611.11 3.00 36.00 52.00 5.95 5.79 8.25 16.75
67.28 345.16 613.62 2.00 28.00 73.00 5.87 5.08 5.95 1.53
81.52 200.51 750.78 2.00 15.00 83.00 6.04 5.13 0.00 16.53
72.70 192.99 654.13 1.00 33.00 78.00 3.93 5.01 1.07 0.00
56.04 307.50 478.13 1.00 51.00 62.00 3.89 4.75 16.07 0.00
53.98 328.72 462.80 2.00 53.00 61.00 3.97 4.78 0.00 45.68
54.04 328.53 498.71 1.00 53.00 54.00 3.97 5.14 0.00 0.00
43.98 414.30 487.07 1.00 63.00 31.00 4.11 6.17 32.32 0.00
29.31 550.39 355.72 2.00 75.00 19.00 4.33 6.77 19.12 20.60
39.69 530.72 468.69 3.00 57.00 27.00 4.89 6.58 18.77 14.99
