54.32 1379.54 1539.51 10.00 28.00 26.00 10.11 9.49 8.11 15.61
61.51 1008.09 1744.77 11.00 27.00 30.00 8.77 9.51 7.72 14.17
58.84 962.18 1542.82 9.00 34.00 33.00 7.82 8.78 9.09 14.89
64.73 802.96 1517.67 8.00 31.00 55.00 7.62 7.85 9.60 17.85
54.06 1013.87 1195.62 5.00 41.00 52.00 7.37 7.41 10.47 25.36
46.69 1061.95 1016.27 5.00 53.00 48.00 6.65 7.30 24.91 25.72
45.10 1080.01 955.64 4.00 61.00 47.00 6.56 7.09 25.22 27.07
41.78 1120.51 867.36 5.00 65.00 45.00 6.42 6.96 23.54 26.04
38.33 1180.06 819.97 5.00 71.00 33.00 6.39 7.18 23.68 13.72
39.97 1152.43 852.85 6.00 73.00 36.00 6.41 7.15 10.55 12.23
48.33 1014.45 947.72 5.00 64.00 53.00 6.55 6.56 7.30 18.85
59.82 769.92 981.12 5.00 50.00 93.00 6.40 5.49 7.30 22.39
66.72 505.14 1058.42 3.00 57.00 106.00 5.07 5.30 7.16 31.73
52.79 673.69 817.40 3.00 81.00 90.00 4.76 5.18 25.58 37.50
58.56 543.18 970.19 2.00 75.00 92.00 4.37 5.54 29.28 24.73
55.23 595.12 898.72 4.00 78.00 88.00 4.44 5.44 30.93 33.16
