53.66 1606.28 1825.39 12.00 35.00 31.00 9.67 9.50 7.72 14.26
58.51 1280.96 1960.10 12.00 37.00 35.00 8.61 9.35 7.41 15.00
57.82 1296.34 1927.20 12.00 36.00 35.00 8.57 9.31 9.00 14.74
58.64 1246.50 1835.77 13.00 37.00 42.00 8.41 8.74 8.82 14.38
64.32 998.64 1864.08 10.00 37.00 61.00 7.81 8.08 8.77 17.68
62.35 1074.29 1703.62 9.00 38.00 66.00 7.96 7.62 8.39 22.67
59.42 1046.48 1615.36 8.00 45.00 64.00 7.18 7.58 12.26 22.64
51.90 1162.29 1372.92 6.00 62.00 61.00 6.72 7.38 20.31 24.15
48.24 1280.85 1324.84 6.00 61.00 53.00 6.89 7.67 23.06 23.91
41.45 1414.96 1116.93 6.00 73.00 49.00 6.72 7.52 23.80 23.91
45.97 1306.75 1241.51 6.00 68.00 52.00 6.73 7.54 24.09 23.49
42.28 1414.06 1107.14 6.00 74.00 51.00 6.81 7.31 23.11 24.83
41.38 1408.90 1049.59 6.00 75.00 50.00 6.68 7.08 22.49 24.79
44.86 1328.42 1097.11 6.00 70.00 58.00 6.70 6.83 24.53 24.77
47.23 1216.38 1141.30 6.00 73.00 62.00 6.41 6.74 23.68 24.24
41.49 1324.61 978.03 5.00 83.00 57.00 6.30 6.58 22.03 13.39
38.78 1396.34 950.47 6.00 87.00 44.00 6.34 6.85 21.63 12.23
41.64 1302.51 1028.61 6.00 86.00 53.00 6.21 6.90 10.55 16.64
43.47 1281.12 1076.95 6.00 85.00 54.00 6.30 6.91 9.79 18.40
51.78 1147.20 1241.71 7.00 68.00 72.00 6.62 6.69 9.78 17.09
56.92 1014.64 1206.75 6.00 64.00 97.00 6.55 5.91 7.30 20.71
65.25 821.08 1370.81 6.00 51.00 110.00 6.58 5.85 7.30 28.48
59.40 834.02 1152.14 5.00 71.00 110.00 5.72 5.41 6.69 32.00
59.01 723.99 1146.38 4.00 80.00 109.00 4.91 5.41 14.79 28.14
56.41 769.57 1091.19 4.00 89.00 106.00 4.91 5.39 26.11 35.80
56.41 769.57 1109.82 4.00 89.00 106.00 4.91 5.48 26.11 29.22
55.63 759.46 1100.69 3.00 91.00 104.00 4.76 5.51 25.49 21.06
55.42 750.90 1106.59 4.00 90.00 102.00 4.68 5.56 24.52 32.35
56.19 723.81 1122.82 4.00 90.00 105.00 4.59 5.57 28.32 33.16
