50.51 2441.49 2555.99 15.00 81.00 74.00 8.24 8.48 18.92 20.05
50.51 2229.43 2555.99 15.00 92.00 74.00 7.53 8.48 19.59 20.05
53.31 2088.10 2700.61 15.00 88.00 77.00 7.47 8.49 19.93 19.91
49.86 2226.35 2425.66 16.00 95.00 77.00 7.42 8.15 20.08 19.90
50.31 2082.82 2410.18 14.00 100.00 78.00 7.00 8.03 19.92 19.79
50.84 2064.72 2334.07 13.00 100.00 86.00 7.02 7.69 19.92 20.47
51.53 1983.02 2337.71 13.00 102.00 89.00 6.83 7.60 20.11 20.05
47.75 2108.95 2122.17 11.00 114.00 89.00 6.74 7.44 19.03 20.69
47.01 2166.68 2048.47 11.00 114.00 88.00 6.82 7.30 18.86 19.70
47.94 2107.66 2016.31 11.00 112.00 101.00 6.76 7.04 19.76 21.10
47.51 2076.47 1964.00 10.00 118.00 101.00 6.60 6.92 18.92 22.58
50.04 1959.43 1988.61 10.00 115.00 117.00 6.55 6.65 19.60 21.68
52.46 1849.93 1937.15 9.00 111.00 140.00 6.49 6.18 19.60 24.73
54.55 1769.45 1966.70 9.00 106.00 149.00 6.50 6.03 20.78 29.66
54.25 1625.66 1925.93 8.00 122.00 152.00 5.93 5.94 19.46 30.29
50.08 1703.84 1735.76 7.00 138.00 144.00 5.69 5.80 20.42 29.32
45.56 1853.75 1637.36 8.00 152.00 123.00 5.68 6.02 24.91 29.51
47.28 1759.92 1740.42 8.00 151.00 126.00 5.57 6.16 21.40 27.44
49.26 1695.61 1823.03 8.00 148.00 129.00 5.58 6.19 20.81 27.58
49.86 1697.59 1855.84 9.00 143.00 130.00 5.65 6.23 20.26 28.04
51.78 1609.57 1846.44 9.00 142.00 141.00 5.57 5.96 22.18 26.91
