51.62 1894.53 2007.82 13.00 44.00 36.00 9.36 9.31 9.00 14.73
57.58 1525.78 2197.11 14.00 44.00 44.00 8.60 9.13 8.85 14.35
62.67 1332.80 2248.47 13.00 39.00 63.00 8.53 8.58 8.85 17.65
62.10 1340.27 2065.43 13.00 38.00 71.00 8.45 7.96 8.48 21.20
59.83 1242.16 1961.77 10.00 51.00 70.00 7.39 7.84 11.48 21.75
53.44 1358.48 1703.62 9.00 68.00 66.00 6.97 7.62 18.85 22.67
53.67 1313.47 1744.58 9.00 65.00 65.00 6.76 7.78 22.42 21.88
47.22 1487.98 1502.14 7.00 79.00 62.00 6.72 7.61 22.34 23.34
47.40 1525.65 1550.08 7.00 76.00 57.00 6.92 7.83 22.40 22.14
41.92 1691.17 1347.94 8.00 83.00 54.00 6.94 7.69 22.34 22.32
42.66 1635.63 1335.46 8.00 82.00 55.00 6.80 7.50 21.41 22.29
46.30 1518.40 1377.36 7.00 79.00 65.00 6.74 7.12 22.49 23.03
46.11 1504.77 1323.53 7.00 83.00 67.00 6.66 6.87 21.95 23.74
42.99 1568.84 1215.92 7.00 90.00 66.00 6.56 6.76 22.08 23.45
46.34 1432.66 1271.80 7.00 89.00 73.00 6.36 6.56 21.63 22.25
47.52 1396.34 1257.39 6.00 87.00 82.00 6.34 6.33 21.63 16.64
41.95 1525.03 1174.57 6.00 99.00 62.00 6.26 6.70 20.56 18.40
44.38 1431.39 1241.71 7.00 98.00 72.00 6.13 6.69 9.78 17.09
51.52 1281.31 1335.97 7.00 85.00 98.00 6.30 6.20 9.78 20.74
58.67 1147.20 1500.03 7.00 68.00 111.00 6.62 6.11 9.78 28.09
56.97 1078.75 1377.76 6.00 85.00 114.00 5.98 5.78 6.69 29.79
56.97 999.70 1377.76 6.00 90.00 114.00 5.54 5.78 13.51 29.79
51.60 1098.45 1184.90 6.00 103.00 110.00 5.41 5.49 22.84 32.73
58.41 873.90 1379.81 5.00 94.00 120.00 5.01 5.64 24.89 26.35
58.33 855.33 1374.48 4.00 99.00 120.00 4.89 5.63 24.84 27.89
52.04 991.42 1225.25 5.00 111.00 110.00 4.93 5.62 23.45 31.86
54.02 940.09 1253.32 5.00 106.00 117.00 4.87 5.54 25.38 30.29
