56.63 1930.98 2329.08 14.00 47.00 64.00 9.31 8.60 8.85 17.29
60.74 1619.55 2426.77 14.00 45.00 73.00 8.63 8.36 8.54 20.61
58.94 1576.32 2346.15 13.00 53.00 72.00 8.02 8.33 11.21 21.20
54.33 1624.46 2065.43 13.00 68.00 71.00 7.43 7.96 17.86 21.20
54.74 1509.14 2090.99 11.00 71.00 71.00 6.97 8.00 20.79 21.10
49.16 1684.18 1832.84 10.00 85.00 67.00 6.92 7.81 21.17 21.83
52.26 1558.27 1969.82 10.00 80.00 69.00 6.81 7.89 22.85 20.75
46.91 1764.18 1733.15 9.00 89.00 67.00 6.93 7.74 21.38 22.36
44.33 1854.53 1644.03 9.00 90.00 60.00 6.95 7.77 20.22 21.12
45.49 1795.51 1618.15 9.00 88.00 68.00 6.87 7.45 21.41 21.40
46.64 1731.50 1609.40 9.00 90.00 72.00 6.77 7.23 20.72 21.75
44.49 1758.82 1496.16 8.00 99.00 73.00 6.61 7.04 20.66 22.06
45.47 1721.05 1454.03 8.00 99.00 78.00 6.58 6.69 20.56 22.01
48.08 1640.57 1495.27 8.00 94.00 91.00 6.59 6.50 21.96 23.38
48.17 1561.35 1495.90 7.00 101.00 91.00 6.28 6.49 20.56 24.08
49.19 1525.22 1470.49 7.00 99.00 101.00 6.26 6.26 20.55 17.09
49.19 1525.22 1433.59 7.00 99.00 106.00 6.26 6.10 20.55 20.74
51.33 1431.39 1500.03 7.00 98.00 111.00 6.13 6.11 9.78 28.09
52.24 1345.42 1506.98 7.00 106.00 115.00 5.88 6.03 9.08 29.32
52.24 1325.82 1506.98 7.00 107.00 115.00 5.79 6.03 13.43 29.32
50.45 1343.18 1410.52 7.00 117.00 114.00 5.65 5.84 22.84 30.47
56.70 1149.62 1611.19 7.00 104.00 125.00 5.54 5.94 22.84 27.69
53.88 1184.21 1468.19 6.00 113.00 124.00 5.36 5.70 21.86 29.23
54.34 1095.76 1495.24 6.00 116.00 124.00 5.00 5.75 23.00 29.08
56.58 1035.96 1527.11 6.00 114.00 133.00 4.98 5.64 24.75 29.55
