33.56 932.35 465.00 4.00 10.00 3.00 11.73 11.62 8.10 11.95
55.89 545.25 723.05 5.00 7.00 7.00 10.35 10.84 7.52 12.61
57.50 529.63 730.79 5.00 8.00 8.00 10.45 10.65 6.26 12.77
61.64 462.17 692.36 7.00 6.00 10.00 10.11 9.41 3.25 12.05
74.25 228.29 766.09 5.00 10.00 18.00 7.45 8.63 3.30 12.61
72.28 268.45 715.92 4.00 12.00 18.00 8.13 8.30 3.00 17.82
71.11 251.52 728.10 4.00 12.00 17.00 7.30 8.57 10.62 16.38
60.81 349.84 626.01 3.00 15.00 16.00 7.47 8.62 9.06 16.22
53.17 445.63 594.24 3.00 15.00 10.00 7.95 9.38 5.89 2.86
47.36 466.49 521.04 3.00 18.00 10.00 7.41 9.22 2.57 10.18
44.86 514.98 468.10 3.00 16.00 10.00 7.80 8.75 9.00 12.00
53.47 434.21 517.25 3.00 16.00 16.00 7.79 8.10 9.70 11.24
65.56 324.71 503.50 2.00 12.00 33.00 7.87 6.41 9.70 24.43
67.42 337.99 466.67 2.00 8.00 38.00 8.67 5.78 0.33 34.28
62.28 279.85 418.95 1.00 16.00 37.00 6.19 5.62 0.00 0.00
41.42 377.95 228.78 0.00 31.00 29.00 5.38 4.62 0.00 0.00
26.00 510.51 226.84 1.00 34.00 9.00 5.75 7.37 35.63 0.00
9.58 609.81 129.22 1.00 47.00 1.00 5.62 11.47 0.00 0.00
30.78 511.40 354.46 2.00 35.00 5.00 6.16 9.68 0.00 6.97
31.94 601.83 360.23 3.00 27.00 6.00 7.38 9.48 7.37 10.96
32.58 573.61 319.18 3.00 28.00 7.00 7.10 8.22 5.43 10.08
57.58 380.05 501.22 3.00 15.00 19.00 7.49 7.29 5.43 15.08
48.64 424.75 367.50 3.00 22.00 20.00 6.91 6.33 5.78 16.58
51.11 344.76 388.65 2.00 25.00 22.00 5.89 6.37 4.41 12.63
57.75 312.15 404.29 2.00 24.00 27.00 6.16 5.85 10.05 1.83
57.75 312.15 398.01 2.00 24.00 33.00 6.16 5.76 10.05 16.83
51.00 344.97 354.60 1.00 28.00 29.00 5.87 5.81 6.00 0.00
72.28 200.51 492.45 2.00 15.00 44.00 6.04 5.70 0.00 13.47
80.42 128.88 483.12 1.00 12.00 61.00 5.49 5.02 0.00 0.00
80.42 128.88 471.18 1.00 12.00 58.00 5.49 4.90 0.00 0.00
78.56 64.30 430.03 1.00 21.00 61.00 2.51 4.57 0.00 0.00
53.64 178.62 265.27 0.00 39.00 43.00 3.21 4.13 0.00 0.00
31.06 328.53 203.77 1.00 53.00 17.00 3.97 5.48 0.00 0.00
31.06 328.53 240.29 1.00 53.00 15.00 3.97 6.48 0.00 0.00
37.33 350.09 316.05 1.00 42.00 14.00 4.66 7.08 0.00 0.00
40.33 371.77 348.86 2.00 35.00 15.00 5.20 7.23 0.00 20.60
57.11 266.39 435.83 2.00 25.00 27.00 5.18 6.38 18.77 2.58
