53.99 2174.51 2426.77 14.00 61.00 73.00 8.78 8.36 11.21 20.61
53.99 1903.74 2426.77 14.00 75.00 73.00 7.68 8.36 17.25 20.61
54.52 1843.30 2475.38 14.00 73.00 73.00 7.53 8.45 18.92 20.55
50.43 1950.15 2194.65 14.00 85.00 72.00 7.30 8.10 20.26 20.55
53.37 1753.94 2316.23 12.00 86.00 75.00 6.98 8.08 21.53 20.21
48.67 1960.38 2063.85 12.00 95.00 72.00 7.09 7.89 20.68 20.96
48.98 1887.15 2063.77 12.00 94.00 72.00 6.86 7.84 20.81 20.28
49.52 1868.52 2003.36 10.00 94.00 81.00 6.87 7.53 20.53 21.32
47.68 1950.40 1917.97 10.00 98.00 77.00 6.91 7.49 19.66 20.83
43.96 2035.93 1736.96 10.00 108.00 76.00 6.74 7.35 19.67 20.64
46.01 1947.78 1739.90 10.00 106.00 83.00 6.69 7.04 19.76 20.46
48.85 1830.55 1775.52 9.00 103.00 98.00 6.63 6.76 20.56 22.08
47.20 1849.74 1678.13 8.00 111.00 96.00 6.49 6.61 19.61 24.22
49.50 1769.45 1708.37 9.00 106.00 110.00 6.50 6.42 20.78 22.83
53.91 1561.55 1754.92 8.00 101.00 135.00 6.28 6.05 20.55 24.22
54.83 1525.22 1728.81 7.00 99.00 140.00 6.26 5.86 20.55 28.09
50.09 1589.33 1604.60 7.00 120.00 123.00 5.90 5.96 19.46 29.32
46.44 1610.01 1506.98 7.00 137.00 115.00 5.57 6.03 13.43 29.32
46.98 1609.84 1539.74 8.00 138.00 115.00 5.63 6.09 21.40 29.51
52.53 1475.73 1740.42 8.00 121.00 126.00 5.76 6.16 21.40 27.44
52.60 1428.94 1693.81 7.00 127.00 128.00 5.59 5.98 21.86 27.64
53.27 1371.47 1726.62 8.00 126.00 129.00 5.44 6.02 21.47 28.60
52.83 1364.84 1620.82 8.00 128.00 137.00 5.36 5.70 22.18 28.39
