14.39 598.19 80.42 1.00 8.00 1.00 11.68 9.35 0.00 0.00
51.22 279.09 361.34 1.00 7.00 2.00 9.58 11.81 0.00 0.00
52.72 334.16 384.38 3.00 2.00 2.00 11.84 12.24 8.10 0.68
60.56 265.97 361.71 4.00 0.00 5.00 11.30 10.02 0.33 10.25
62.28 195.47 346.41 2.00 6.00 6.00 8.70 9.31 1.48 16.22
62.72 196.20 330.56 3.00 6.00 5.00 8.85 8.83 3.66 9.26
86.22 32.62 419.68 3.00 4.00 12.00 4.01 8.14 1.35 9.42
81.83 72.25 385.21 1.00 6.00 13.00 6.67 7.89 0.12 0.00
56.00 218.90 308.36 1.00 8.00 5.00 8.32 9.24 0.00 0.00
39.78 276.82 240.80 2.00 9.00 3.00 7.70 10.13 4.42 2.83
50.33 226.73 285.67 2.00 7.00 5.00 7.63 9.54 2.83 3.20
54.94 189.39 280.24 1.00 9.00 7.00 7.02 8.56 0.00 0.00
39.39 288.25 182.23 1.00 9.00 5.00 7.94 7.75 12.18 0.00
52.00 244.23 237.01 2.00 7.00 9.00 8.50 7.61 0.00 9.43
91.72 36.32 321.27 1.00 2.00 28.00 7.36 5.84 0.00 0.00
82.83 93.76 228.78 0.00 1.00 29.00 9.13 4.62 0.00 0.00
32.83 243.53 97.62 0.00 14.00 8.00 6.05 5.00 0.00 0.00
0.00 284.12 0.00 0.00 30.00 0.00 4.74 0.00 0.00 0.00
19.17 266.60 129.22 1.00 20.00 1.00 5.50 11.47 0.00 0.00
19.17 325.62 129.22 1.00 17.00 1.00 6.72 11.47 0.00 0.00
42.39 244.73 225.24 1.00 14.00 4.00 7.09 8.88 0.00 0.00
44.72 275.71 231.01 2.00 10.00 5.00 8.34 8.64 0.00 13.38
22.78 328.88 93.56 2.00 14.00 3.00 7.11 6.97 5.43 3.18
70.44 104.34 269.84 1.00 5.00 14.00 5.89 6.42 0.00 0.00
74.50 95.87 273.79 1.00 8.00 16.00 6.28 6.14 0.00 0.00
31.78 240.42 118.66 1.00 20.00 8.00 5.88 6.25 5.17 0.00
41.00 216.28 130.50 1.00 16.00 11.00 6.12 5.33 0.00 0.00
83.72 71.63 279.36 1.00 3.00 25.00 7.36 5.58 0.00 0.00
61.00 128.69 224.10 0.00 12.00 17.00 5.51 6.14 0.00 0.00
60.83 128.88 212.86 1.00 12.00 19.00 5.49 5.86 0.00 0.00
99.83 0.19 259.02 1.00 0.00 44.00 2.88 4.34 0.00 0.00
100.00 0.00 258.32 0.00 0.00 39.00 0.00 4.32 0.00 0.00
57.28 64.11 171.01 0.00 21.00 17.00 2.50 4.99 0.00 0.00
7.28 178.62 6.85 0.00 39.00 4.00 3.21 1.58 0.00 0.00
4.83 264.33 32.76 1.00 32.00 0.00 4.63 11.43 0.00 0.00
54.83 149.91 233.44 1.00 13.00 11.00 5.54 7.12 0.00 0.00
69.83 85.77 283.19 0.00 10.00 14.00 4.75 6.78 0.00 0.00
25.83 221.86 115.36 1.00 22.00 3.00 4.99 7.47 0.00 0.00
44.39 180.63 152.63 2.00 14.00 13.00 5.42 5.75 0.00 2.58
