53.90 1160.64 1231.09 9.00 20.00 21.00 10.54 9.56 5.82 12.91
64.08 813.70 1439.06 9.00 19.00 25.00 9.49 9.40 5.52 16.27
64.31 781.36 1458.90 9.00 20.00 25.00 9.17 9.50 8.11 15.66
61.22 812.01 1318.52 10.00 21.00 26.00 8.78 9.02 6.97 14.86
63.71 673.93 1360.39 8.00 25.00 28.00 7.78 8.94 7.43 14.37
59.82 735.71 1236.96 7.00 30.00 28.00 7.66 8.66 6.96 15.03
57.99 766.50 1196.41 7.00 28.00 27.00 7.63 8.64 10.05 14.48
57.14 784.33 1143.26 6.00 31.00 32.00 7.64 8.38 8.80 13.99
59.36 770.34 1097.93 5.00 27.00 43.00 7.92 7.74 7.71 18.26
57.39 805.08 987.71 5.00 26.00 48.00 7.89 7.20 7.51 25.36
53.57 794.97 887.05 4.00 33.00 47.00 7.14 6.93 11.34 27.44
47.44 812.16 746.91 3.00 47.00 45.00 6.45 6.58 24.70 28.21
45.78 835.22 730.41 3.00 46.00 43.00 6.42 6.68 28.68 31.14
38.50 947.87 595.89 3.00 55.00 39.00 6.43 6.48 28.37 31.14
46.53 791.63 773.41 3.00 51.00 42.00 6.17 6.96 18.35 27.13
36.68 979.85 589.01 3.00 58.00 35.00 6.45 6.73 21.63 10.96
29.29 1084.19 546.03 4.00 63.00 16.00 6.40 7.84 23.54 8.75
33.58 990.36 630.45 4.00 62.00 20.00 6.22 7.88 10.49 13.98
39.71 936.15 722.35 5.00 57.00 25.00 6.48 7.63 11.07 13.72
41.53 946.59 749.25 5.00 52.00 28.00 6.76 7.56 9.90 13.39
45.17 885.76 723.63 5.00 52.00 35.00 6.74 6.70 8.15 12.73
57.67 692.20 899.39 5.00 39.00 52.00 6.83 6.52 8.15 16.99
49.82 769.72 722.10 4.00 50.00 49.00 6.40 6.06 7.30 21.04
61.69 545.37 881.10 4.00 41.00 66.00 5.94 5.97 7.76 14.85
69.08 441.03 887.41 3.00 36.00 89.00 5.95 5.37 8.25 19.74
69.08 441.03 869.43 3.00 36.00 91.00 5.95 5.26 8.25 29.99
64.78 409.27 784.63 2.00 49.00 90.00 4.85 5.06 5.18 18.72
62.96 379.13 757.73 2.00 54.00 87.00 4.27 5.03 16.07 18.72
55.74 457.41 686.89 2.00 65.00 78.00 4.31 5.15 29.62 45.68
55.74 457.41 711.56 2.00 65.00 73.00 4.31 5.34 29.62 30.68
57.94 414.49 746.09 2.00 63.00 75.00 4.11 5.38 32.32 24.73
46.99 550.39 614.14 2.00 75.00 58.00 4.33 5.46 19.12 20.60
44.08 594.92 639.70 3.00 78.00 44.00 4.44 6.06 30.93 14.99
