74.21 1683.94 2988.34 15.00 17.00 140.00 12.18 7.48 5.09 19.04
76.35 1463.87 3037.22 15.00 19.00 145.00 11.56 7.39 4.47 20.99
78.23 1332.31 2985.79 13.00 18.00 159.00 11.43 7.09 4.86 21.78
74.59 1517.72 2863.04 14.00 22.00 149.00 11.15 7.13 5.46 21.59
74.99 1338.45 2809.65 12.00 28.00 154.00 9.99 6.95 5.51 21.00
74.81 1337.14 2821.63 13.00 30.00 150.00 9.91 7.00 5.45 20.90
78.07 1154.31 2882.09 12.00 26.00 162.00 9.82 6.85 5.60 19.28
76.62 1205.75 2767.57 12.00 29.00 162.00 9.63 6.70 5.76 21.51
79.62 1043.66 2724.72 11.00 28.00 187.00 9.57 6.35 6.03 18.68
80.73 977.97 2644.06 9.00 27.00 209.00 9.48 6.07 6.10 20.29
80.73 977.97 2613.31 9.00 27.00 221.00 9.48 6.00 6.10 25.13
81.46 953.20 2636.82 8.00 27.00 219.00 9.61 6.00 5.81 32.65
82.77 856.18 2608.68 8.00 26.00 218.00 9.27 5.84 6.18 41.08
83.49 819.66 2596.01 7.00 25.00 220.00 9.27 5.76 6.18 53.13
81.07 908.40 2525.16 8.00 26.00 211.00 8.95 5.77 7.23 53.32
82.58 822.93 2415.57 7.00 25.00 231.00 8.80 5.42 7.23 53.17
83.34 754.05 2277.11 6.00 25.00 252.00 8.43 5.06 6.64 55.39
83.34 754.05 2275.17 6.00 25.00 261.00 8.43 5.06 6.64 56.61
83.34 754.05 2143.31 6.00 25.00 277.00 8.43 4.77 6.64 59.93
84.59 688.52 2108.27 5.00 23.00 287.00 8.32 4.62 6.06 68.68
82.96 758.95 2069.45 6.00 24.00 280.00 8.29 4.62 6.00 69.68
84.19 693.26 2111.87 7.00 21.00 283.00 8.16 4.65 6.20 70.62
86.42 615.40 2098.40 7.00 15.00 301.00 8.44 4.50 6.70 67.76
