61.01 1191.38 1327.92 9.00 9.00 32.00 12.81 9.12 4.35 9.94
66.12 971.73 1386.22 10.00 10.00 38.00 12.03 8.78 3.05 10.56
70.99 818.31 1308.71 8.00 9.00 50.00 11.82 7.71 3.23 8.83
69.35 843.09 1275.15 9.00 9.00 48.00 11.53 7.69 3.40 15.76
72.35 682.98 1326.73 7.00 10.00 57.00 10.38 7.67 3.40 14.70
74.04 634.32 1334.11 7.00 10.00 62.00 10.27 7.53 2.86 13.36
76.17 565.43 1315.53 6.00 10.00 69.00 9.97 7.21 3.18 14.47
75.93 585.50 1295.78 6.00 9.00 70.00 10.22 7.13 5.79 14.52
80.96 492.29 1329.67 6.00 8.00 79.00 10.91 6.86 6.31 13.95
83.47 426.61 1265.85 4.00 7.00 91.00 10.89 6.33 6.82 8.56
83.47 426.61 1338.13 4.00 7.00 87.00 10.89 6.69 6.82 19.04
82.29 467.37 1325.53 4.00 9.00 84.00 11.13 6.73 6.29 27.50
84.61 392.20 1291.42 4.00 8.00 89.00 10.73 6.37 7.41 20.99
78.04 541.10 1203.01 4.00 11.00 80.00 10.35 6.43 7.80 27.71
78.22 505.02 1207.75 4.00 13.00 76.00 9.74 6.44 6.52 23.24
77.90 503.40 1220.69 5.00 15.00 70.00 9.55 6.54 5.91 28.24
79.61 434.52 1219.18 4.00 15.00 76.00 8.92 6.39 5.51 8.72
73.18 551.36 1181.12 5.00 20.00 62.00 8.62 6.74 5.09 16.24
73.18 551.36 1064.16 5.00 20.00 79.00 8.62 6.07 5.09 10.54
76.00 485.83 993.31 4.00 18.00 102.00 8.49 5.45 4.56 17.56
76.61 463.71 936.39 4.00 18.00 112.00 8.32 5.10 2.71 28.79
84.82 278.56 1049.48 3.00 14.00 118.00 7.70 5.16 2.71 44.35
89.85 200.70 1125.76 3.00 8.00 121.00 8.32 5.22 3.32 58.03
93.57 116.84 1109.07 1.00 5.00 132.00 7.65 4.94 0.00 0.00
82.90 319.53 958.54 2.00 10.00 118.00 7.83 4.82 5.08 89.03
89.33 202.68 943.87 1.00 5.00 139.00 7.94 4.41 0.00 0.00
89.33 202.68 882.65 1.00 5.00 143.00 7.94 4.12 0.00 0.00
89.33 202.68 896.74 1.00 5.00 142.00 7.94 4.19 0.00 0.00
89.33 202.68 868.14 1.00 5.00 143.00 7.94 4.05 0.00 0.00
89.33 202.68 796.50 1.00 5.00 152.00 7.94 3.72 0.00 0.00
85.06 295.24 751.80 2.00 6.00 151.00 8.25 3.69 7.67 74.00
79.60 414.70 719.09 4.00 7.00 143.00 8.50 3.77 7.86 65.83
90.26 212.01 781.00 3.00 2.00 166.00 9.11 3.61 1.75 12.14
