75.42 1771.33 3327.13 16.00 19.00 162.00 12.10 7.37 5.14 20.78
75.18 1671.14 3298.73 16.00 23.00 162.00 11.31 7.33 5.29 20.55
75.12 1595.58 3177.29 14.00 28.00 167.00 10.77 7.07 5.31 21.00
73.63 1679.44 3146.91 16.00 31.00 157.00 10.69 7.14 5.15 20.74
76.00 1422.31 3168.45 14.00 31.00 171.00 9.95 6.96 5.33 19.91
74.76 1453.98 3072.63 14.00 35.00 171.00 9.68 6.86 5.41 20.87
77.69 1271.15 3057.30 13.00 31.00 194.00 9.57 6.57 5.53 18.85
78.96 1205.75 2964.50 12.00 29.00 218.00 9.63 6.27 5.76 20.30
81.66 1043.66 2935.60 11.00 28.00 242.00 9.57 6.00 6.03 23.84
82.66 977.97 2962.04 9.00 27.00 242.00 9.48 5.98 6.10 32.09
82.66 977.97 2994.18 9.00 27.00 238.00 9.48 6.04 6.10 40.07
83.32 953.20 2980.04 8.00 27.00 241.00 9.61 5.97 5.81 50.07
80.22 1058.86 2800.33 9.00 31.00 232.00 8.98 5.82 7.18 50.40
80.88 1022.34 2681.75 8.00 30.00 249.00 8.97 5.53 7.18 50.62
82.96 908.40 2624.48 8.00 26.00 269.00 8.95 5.28 7.23 49.78
84.32 822.93 2565.74 7.00 25.00 290.00 8.80 5.08 7.23 52.82
85.01 754.05 2473.54 6.00 25.00 306.00 8.43 4.85 6.64 59.93
85.01 754.05 2493.00 6.00 25.00 303.00 8.43 4.89 6.64 65.03
83.29 846.61 2408.10 7.00 26.00 302.00 8.49 4.82 6.37 65.68
82.24 900.53 2373.68 8.00 25.00 300.00 8.49 4.81 6.51 67.02
82.48 878.41 2289.90 8.00 25.00 309.00 8.40 4.63 6.20 64.64
