70.99 1683.94 2657.59 15.00 17.00 111.00 12.18 7.83 5.09 14.28
74.80 1398.33 2652.33 14.00 17.00 129.00 11.66 7.41 4.59 14.80
77.23 1244.92 2646.99 12.00 16.00 137.00 11.48 7.16 4.78 19.97
75.82 1310.45 2601.53 13.00 18.00 132.00 11.38 7.17 4.63 22.16
78.48 1075.18 2618.15 11.00 18.00 146.00 10.50 6.97 5.14 21.89
76.04 1175.42 2537.76 11.00 21.00 142.00 10.31 6.97 5.92 21.63
77.19 1070.45 2523.29 10.00 23.00 145.00 9.86 6.82 5.84 20.17
76.92 1088.90 2516.56 11.00 24.00 141.00 9.90 6.83 5.85 21.72
80.28 926.81 2549.51 10.00 23.00 155.00 9.88 6.63 6.16 19.31
78.33 977.97 2447.13 9.00 27.00 153.00 9.48 6.52 6.10 22.46
78.33 977.97 2402.43 9.00 27.00 166.00 9.48 6.40 6.10 19.21
79.15 953.20 2318.84 8.00 27.00 186.00 9.61 6.11 5.81 20.30
80.61 856.18 2227.81 8.00 26.00 201.00 9.27 5.76 6.18 25.31
81.43 819.66 2252.79 7.00 25.00 198.00 9.27 5.77 6.18 34.73
84.03 705.72 2333.51 7.00 21.00 197.00 9.29 5.79 5.68 43.64
85.74 620.24 2329.83 6.00 20.00 202.00 9.13 5.67 5.68 56.01
81.26 754.05 2177.79 6.00 25.00 194.00 8.43 5.59 6.64 59.53
81.26 754.05 2124.99 6.00 25.00 202.00 8.43 5.45 6.64 56.40
81.26 754.05 1946.88 6.00 25.00 223.00 8.43 5.00 6.64 55.39
82.67 688.52 1890.43 5.00 23.00 245.00 8.32 4.77 6.06 60.41
82.97 666.40 1804.66 5.00 23.00 255.00 8.20 4.53 6.28 63.56
87.08 481.24 1846.45 4.00 19.00 270.00 7.80 4.42 6.28 69.76
87.45 495.94 1877.95 5.00 14.00 272.00 8.28 4.48 6.58 72.86
86.58 531.54 1828.23 5.00 12.00 275.00 8.30 4.40 7.15 79.76
86.58 531.54 1739.54 5.00 12.00 284.00 8.30 4.19 7.15 75.17
