61.22 963.64 995.35 7.00 6.00 25.00 13.89 9.09 4.92 10.94
67.17 743.88 1066.04 7.00 8.00 29.00 12.69 8.86 3.18 10.58
64.67 752.36 986.58 6.00 8.00 29.00 11.90 8.52 3.27 7.53
61.31 818.31 950.54 8.00 9.00 25.00 11.82 8.66 3.23 8.86
69.22 561.18 941.08 6.00 9.00 37.00 10.19 7.58 3.34 7.68
71.48 500.78 949.86 6.00 8.00 41.00 9.82 7.41 2.84 17.23
77.35 414.98 1040.36 5.00 5.00 48.00 10.28 7.49 2.84 14.49
79.39 386.09 1029.05 5.00 4.00 53.00 10.50 7.22 2.83 14.29
81.43 337.94 982.96 4.00 7.00 62.00 10.22 6.72 3.51 13.80
80.24 357.73 975.34 3.00 7.00 61.00 10.17 6.77 6.86 9.93
77.96 426.61 1007.38 4.00 7.00 58.00 10.89 7.20 6.82 11.02
80.15 401.83 940.63 3.00 7.00 68.00 11.39 6.53 6.80 4.86
84.06 304.81 952.63 3.00 6.00 67.00 10.73 6.31 8.28 17.27
82.48 333.82 941.50 3.00 7.00 63.00 10.69 6.35 7.26 31.76
88.61 241.74 1016.25 3.00 3.00 68.00 11.97 6.38 2.16 23.76
82.20 341.68 936.82 3.00 6.00 62.00 10.76 6.34 7.50 31.44
77.78 350.66 860.38 2.00 12.00 59.00 8.81 6.15 5.95 5.55
72.81 434.52 930.12 4.00 15.00 41.00 8.92 7.11 5.51 12.91
72.81 434.52 888.95 4.00 15.00 47.00 8.92 6.79 5.51 8.72
68.00 485.83 796.39 4.00 18.00 46.00 8.49 6.52 4.56 16.71
68.81 463.71 725.51 4.00 18.00 57.00 8.32 5.87 2.71 11.18
79.76 278.56 731.50 3.00 14.00 85.00 7.70 5.10 2.71 19.09
86.46 200.70 744.88 3.00 8.00 104.00 8.32 4.79 3.32 31.07
91.43 116.84 765.85 1.00 5.00 110.00 7.65 4.66 0.00 0.00
91.43 116.84 766.89 1.00 5.00 104.00 7.65 4.66 0.00 0.00
100.00 0.00 858.13 0.00 0.00 110.00 0.00 4.77 0.00 0.00
85.78 202.68 783.33 1.00 5.00 85.00 7.94 5.08 0.00 0.00
85.78 202.68 746.56 1.00 5.00 83.00 7.94 4.84 0.00 0.00
85.78 202.68 671.71 1.00 5.00 89.00 7.94 4.36 0.00 0.00
85.78 202.68 578.67 1.00 5.00 110.00 7.94 3.75 0.00 0.00
85.78 202.68 487.00 1.00 5.00 126.00 7.94 3.16 0.00 0.00
85.78 202.68 453.68 1.00 5.00 130.00 7.94 2.94 0.00 0.00
94.30 92.56 560.55 1.00 1.00 137.00 9.04 3.30 0.00 0.00
87.02 212.01 633.36 3.00 2.00 114.00 9.11 4.05 1.75 8.88
87.02 212.01 681.58 3.00 2.00 108.00 9.11 4.36 1.75 12.14
