50.06 439.02 340.95 3.00 1.00 3.00 14.73 11.45 6.13 5.43
80.56 153.42 435.59 2.00 1.00 13.00 13.30 9.05 0.00 8.53
76.28 257.13 367.10 2.00 0.00 13.00 18.15 8.06 2.25 3.48
62.94 342.16 325.29 3.00 1.00 7.00 15.48 8.67 2.59 9.04
57.33 267.49 286.37 2.00 5.00 9.00 10.53 8.39 4.50 2.35
58.00 248.16 305.06 2.00 6.00 9.00 9.94 8.82 0.77 5.00
60.39 227.23 332.57 2.00 3.00 7.00 9.61 9.21 1.18 4.28
63.00 227.77 320.19 3.00 2.00 9.00 10.31 8.51 1.90 9.74
89.94 65.68 322.14 2.00 1.00 21.00 11.01 5.98 0.00 3.12
93.44 24.77 324.36 1.00 0.00 23.00 6.35 5.79 0.00 0.00
81.72 121.80 385.50 1.00 1.00 20.00 11.35 7.88 1.55 0.00
81.72 133.54 383.40 1.00 2.00 21.00 12.40 7.85 0.00 0.00
72.61 150.46 275.17 1.00 5.00 21.00 9.21 6.33 0.00 0.00
65.56 199.41 266.09 1.00 5.00 17.00 9.73 6.78 0.00 0.00
79.56 154.35 346.71 2.00 1.00 17.00 12.83 7.28 0.00 9.70
93.17 68.88 290.42 1.00 0.00 29.00 17.22 5.20 0.00 0.00
100.00 0.00 330.09 0.00 0.00 29.00 0.00 5.51 0.00 0.00
88.72 65.53 384.74 1.00 2.00 16.00 9.73 7.25 0.00 0.00
86.28 87.39 338.65 1.00 2.00 22.00 10.70 6.55 2.65 0.00
64.72 207.27 261.51 1.00 4.00 17.00 9.85 6.75 0.00 0.00
47.06 263.01 191.50 1.00 10.00 8.00 8.32 6.79 0.00 0.00
65.00 161.72 283.57 2.00 9.00 8.00 7.73 7.30 1.70 5.67
85.11 83.86 358.80 2.00 3.00 17.00 9.46 7.04 0.00 9.33
74.28 116.84 250.94 1.00 5.00 21.00 7.65 5.64 0.00 0.00
74.28 116.84 175.15 1.00 5.00 32.00 7.65 3.94 0.00 0.00
100.00 0.00 196.93 0.00 0.00 55.00 0.00 3.28 0.00 0.00
100.00 0.00 210.81 0.00 0.00 54.00 0.00 3.52 0.00 0.00
100.00 0.00 317.60 0.00 0.00 32.00 0.00 5.30 0.00 0.00
100.00 0.00 380.74 0.00 0.00 17.00 0.00 6.35 0.00 0.00
100.00 0.00 342.75 0.00 0.00 22.00 0.00 5.72 0.00 0.00
57.33 202.68 191.25 1.00 5.00 14.00 7.94 5.58 0.00 0.00
57.33 202.68 85.67 1.00 5.00 29.00 7.94 2.50 0.00 0.00
100.00 0.00 99.32 0.00 0.00 58.00 0.00 1.66 0.00 0.00
100.00 0.00 150.11 0.00 0.00 59.00 0.00 2.50 0.00 0.00
100.00 0.00 196.33 0.00 0.00 54.00 0.00 3.27 0.00 0.00
100.00 0.00 217.84 0.00 0.00 42.00 0.00 3.63 0.00 0.00
82.89 92.56 264.80 1.00 1.00 25.00 9.04 5.33 0.00 0.00
61.06 212.01 265.41 3.00 2.00 13.00 9.11 7.27 1.75 8.88
78.17 119.46 220.03 2.00 1.00 29.00 9.17 4.70 0.08 14.70
