66.80 1257.33 1650.06 11.00 10.00 53.00 12.70 8.27 4.27 10.08
71.59 996.50 1710.84 11.00 10.00 61.00 11.77 8.00 3.22 15.27
73.13 940.11 1694.37 9.00 10.00 70.00 11.76 7.75 3.24 14.48
71.82 976.63 1659.40 10.00 11.00 69.00 11.64 7.73 3.33 13.83
72.40 833.43 1601.90 8.00 15.00 78.00 10.14 7.40 3.47 15.38
72.34 833.73 1600.84 8.00 15.00 79.00 10.13 7.40 5.09 14.00
76.84 719.79 1662.24 8.00 11.00 86.00 10.46 7.23 5.42 13.74
79.38 654.38 1586.29 7.00 9.00 100.00 10.68 6.67 5.76 13.63
84.77 492.29 1660.42 6.00 8.00 108.00 10.91 6.54 6.31 18.17
84.52 492.14 1650.74 5.00 9.00 107.00 10.72 6.52 6.23 25.92
84.03 513.99 1676.92 5.00 9.00 109.00 10.86 6.66 6.39 21.77
78.78 674.64 1587.04 5.00 13.00 101.00 10.70 6.73 7.03 24.79
77.10 655.47 1482.92 5.00 18.00 97.00 9.61 6.42 6.99 20.83
75.43 702.81 1486.88 6.00 20.00 88.00 9.60 6.58 6.57 25.79
79.60 588.88 1566.55 6.00 16.00 93.00 9.70 6.57 5.91 22.15
77.18 620.24 1471.70 6.00 20.00 91.00 9.13 6.37 5.68 26.81
78.54 551.36 1394.39 5.00 20.00 108.00 8.62 5.93 5.09 10.54
78.54 551.36 1378.05 5.00 20.00 118.00 8.62 5.86 5.09 15.71
78.54 551.36 1275.04 5.00 20.00 134.00 8.62 5.42 5.09 25.89
80.80 485.83 1311.29 4.00 18.00 135.00 8.49 5.41 4.56 41.08
81.29 463.71 1317.26 4.00 18.00 129.00 8.32 5.41 2.71 53.69
87.86 278.56 1392.70 3.00 14.00 140.00 7.70 5.29 2.71 71.89
83.34 403.39 1317.40 4.00 13.00 135.00 8.12 5.27 6.91 70.89
86.32 319.53 1194.81 2.00 10.00 161.00 7.83 4.62 5.08 74.03
86.32 319.53 1057.86 2.00 10.00 176.00 7.83 4.09 5.08 59.03
91.47 202.68 1094.04 1.00 5.00 198.00 7.94 3.99 0.00 0.00
91.47 202.68 1079.08 1.00 5.00 197.00 7.94 3.93 0.00 0.00
91.47 202.68 1114.57 1.00 5.00 184.00 7.94 4.06 0.00 0.00
88.04 295.24 1132.93 2.00 6.00 168.00 8.25 4.29 7.67 74.00
83.68 414.70 1061.92 4.00 7.00 165.00 8.50 4.23 7.86 65.83
83.68 414.70 972.25 4.00 7.00 180.00 8.50 3.88 7.86 61.95
