66.80 1257.33 1650.06 11.00 10.00 53.00 12.70 8.27 4.27 10.08
73.13 940.11 1694.37 9.00 10.00 70.00 11.76 7.75 3.24 14.48
72.40 833.43 1601.90 8.00 15.00 78.00 10.14 7.40 3.47 15.38
76.84 719.79 1662.24 8.00 11.00 86.00 10.46 7.23 5.42 13.74
84.77 492.29 1660.42 6.00 8.00 108.00 10.91 6.54 6.31 18.17
84.03 513.99 1676.92 5.00 9.00 109.00 10.86 6.66 6.39 21.77
77.10 655.47 1482.92 5.00 18.00 97.00 9.61 6.42 6.99 20.83
79.60 588.88 1566.55 6.00 16.00 93.00 9.70 6.57 5.91 22.15
78.54 551.36 1394.39 5.00 20.00 108.00 8.62 5.93 5.09 10.54
78.54 551.36 1275.04 5.00 20.00 134.00 8.62 5.42 5.09 25.89
81.29 463.71 1317.26 4.00 18.00 129.00 8.32 5.41 2.71 53.69
83.34 403.39 1317.40 4.00 13.00 135.00 8.12 5.27 6.91 70.89
86.32 319.53 1057.86 2.00 10.00 176.00 7.83 4.09 5.08 59.03
91.47 202.68 1079.08 1.00 5.00 197.00 7.94 3.93 0.00 0.00
88.04 295.24 1132.93 2.00 6.00 168.00 8.25 4.29 7.67 74.00
83.68 414.70 972.25 4.00 7.00 180.00 8.50 3.88 7.86 61.95
