69.29 1379.13 2035.71 12.00 11.00 73.00 12.56 8.19 4.17 14.05
73.28 1130.04 2095.09 12.00 12.00 82.00 11.84 7.97 3.18 13.47
73.05 1090.57 1969.54 10.00 15.00 91.00 11.32 7.51 3.38 15.37
70.78 1176.04 1926.12 11.00 16.00 86.00 11.26 7.59 4.73 14.66
73.59 987.79 1948.61 10.00 16.00 95.00 10.48 7.38 5.04 14.44
75.81 902.61 1891.35 9.00 15.00 109.00 10.46 6.95 5.15 14.06
80.70 719.79 1992.99 8.00 11.00 115.00 10.46 6.87 5.42 19.04
80.94 719.91 1971.18 8.00 11.00 116.00 10.59 6.78 5.40 23.60
85.02 579.68 1999.21 7.00 10.00 130.00 10.88 6.54 5.96 20.44
81.22 699.41 1912.25 6.00 13.00 124.00 10.45 6.55 7.21 23.76
77.87 777.27 1868.42 6.00 19.00 117.00 9.84 6.68 6.68 20.86
76.48 836.36 1870.91 7.00 22.00 109.00 9.96 6.81 6.10 24.07
78.44 739.33 1841.72 7.00 21.00 114.00 9.59 6.53 6.57 20.55
75.24 819.66 1737.88 7.00 25.00 109.00 9.27 6.43 6.18 24.85
78.71 705.72 1741.76 7.00 21.00 125.00 9.29 6.16 5.68 20.83
80.98 620.24 1668.62 6.00 20.00 147.00 9.13 5.73 5.68 22.91
82.12 551.36 1605.27 5.00 20.00 163.00 8.62 5.44 5.09 25.89
82.12 551.36 1696.03 5.00 20.00 151.00 8.62 5.74 5.09 37.17
82.12 551.36 1655.91 5.00 20.00 151.00 8.62 5.61 5.09 48.80
84.00 485.83 1654.52 4.00 18.00 157.00 8.49 5.48 4.56 66.45
77.30 666.40 1508.91 5.00 23.00 143.00 8.20 5.43 6.28 64.87
82.77 481.24 1478.44 4.00 19.00 169.00 7.80 4.97 6.28 65.72
86.12 403.39 1416.73 4.00 13.00 193.00 8.12 4.57 6.91 62.85
88.60 319.53 1344.98 2.00 10.00 220.00 7.83 4.22 5.08 44.03
88.60 319.53 1254.29 2.00 10.00 230.00 7.83 3.93 5.08 29.03
92.89 202.68 1311.88 1.00 5.00 240.00 7.94 3.93 0.00 0.00
90.04 295.24 1343.87 2.00 6.00 222.00 8.25 4.15 7.67 74.00
86.40 414.70 1379.98 4.00 7.00 197.00 8.50 4.44 7.86 65.83
86.40 414.70 1353.38 4.00 7.00 197.00 8.50 4.35 7.86 61.95
