63.17 696.15 708.45 5.00 1.00 16.00 15.83 9.40 5.15 12.08
71.75 495.57 760.97 5.00 2.00 20.00 14.73 8.88 2.58 12.11
66.81 524.62 654.00 4.00 5.00 22.00 13.26 8.21 3.83 7.84
60.47 590.47 630.35 5.00 7.00 16.00 12.54 8.74 3.43 8.25
58.86 495.23 618.94 4.00 8.00 16.00 10.09 8.81 3.28 5.31
60.50 476.01 625.25 5.00 8.00 18.00 10.11 8.66 2.37 8.51
75.17 293.18 654.71 4.00 4.00 28.00 9.89 7.27 2.50 5.80
78.22 252.55 644.80 4.00 2.00 32.00 9.71 6.88 2.41 20.51
85.83 187.48 707.79 3.00 2.00 41.00 11.23 6.88 1.28 15.25
87.58 158.31 708.61 2.00 2.00 44.00 10.79 6.76 3.52 1.42
77.17 272.25 660.67 2.00 6.00 41.00 10.05 7.15 3.73 10.17
73.64 332.96 650.12 2.00 7.00 38.00 10.65 7.38 4.85 10.87
76.08 304.81 621.88 3.00 6.00 38.00 10.73 6.83 8.28 12.21
79.36 268.29 556.60 2.00 5.00 47.00 10.95 5.85 8.28 5.30
89.78 154.35 677.46 2.00 1.00 46.00 12.83 6.30 0.00 20.30
90.94 134.41 675.31 2.00 2.00 45.00 12.52 6.20 1.33 37.90
93.14 87.39 668.88 1.00 2.00 51.00 10.70 5.99 2.65 0.00
76.72 272.80 646.25 2.00 6.00 33.00 9.82 7.03 7.20 14.52
66.67 350.66 530.15 2.00 12.00 30.00 8.81 6.64 5.95 5.55
64.86 368.99 545.38 3.00 13.00 25.00 8.79 7.02 5.22 9.54
66.08 346.87 550.30 3.00 13.00 25.00 8.56 6.95 1.70 7.73
69.64 278.56 534.57 3.00 14.00 29.00 7.70 6.41 2.71 19.03
79.69 200.70 534.01 3.00 8.00 49.00 8.32 5.59 3.32 12.78
87.14 116.84 447.87 1.00 5.00 77.00 7.65 4.29 0.00 0.00
87.14 116.84 386.02 1.00 5.00 87.00 7.65 3.69 0.00 0.00
100.00 0.00 514.91 0.00 0.00 88.00 0.00 4.29 0.00 0.00
100.00 0.00 591.68 0.00 0.00 71.00 0.00 4.93 0.00 0.00
100.00 0.00 660.82 0.00 0.00 54.00 0.00 5.51 0.00 0.00
78.67 202.68 572.39 1.00 5.00 31.00 7.94 6.07 0.00 0.00
78.67 202.68 428.49 1.00 5.00 51.00 7.94 4.55 0.00 0.00
78.67 202.68 290.58 1.00 5.00 72.00 7.94 3.08 0.00 0.00
78.67 202.68 235.84 1.00 5.00 88.00 7.94 2.50 0.00 0.00
100.00 0.00 295.75 0.00 0.00 112.00 0.00 2.47 0.00 0.00
100.00 0.00 367.95 0.00 0.00 101.00 0.00 3.07 0.00 0.00
91.44 92.56 461.13 1.00 1.00 79.00 9.04 4.20 0.00 0.00
80.53 212.01 483.25 3.00 2.00 55.00 9.11 5.01 1.75 8.88
80.53 212.01 485.25 3.00 2.00 54.00 9.11 5.03 1.75 12.14
