51.99 1212.48 1553.97 8.00 31.00 15.00 8.44 10.00 6.15 10.69
52.20 1242.78 1469.79 9.00 28.00 22.00 8.69 9.43 7.22 9.91
40.80 1383.71 1156.88 8.00 43.00 19.00 7.81 9.50 7.11 6.85
45.23 1248.23 1250.49 9.00 43.00 23.00 7.62 9.26 7.80 10.73
47.43 1153.05 1292.81 9.00 43.00 29.00 7.33 9.13 6.94 10.86
39.50 1287.63 1008.28 7.00 55.00 28.00 7.11 8.55 13.65 12.25
38.76 1312.04 987.86 6.00 56.00 28.00 7.15 8.52 15.25 13.18
46.36 1178.99 1184.35 7.00 48.00 33.00 7.34 8.54 16.06 12.12
32.87 1360.33 864.08 5.00 76.00 23.00 6.76 8.79 25.15 9.31
35.24 1328.42 875.51 6.00 74.00 26.00 6.85 8.32 28.73 8.30
39.56 1269.76 954.54 7.00 64.00 34.00 7.01 8.08 26.82 10.21
43.89 1154.74 1096.90 7.00 60.00 34.00 6.87 8.39 26.92 8.26
44.86 1168.77 1072.97 6.00 54.00 39.00 7.07 8.03 15.73 10.65
50.41 1136.65 1199.11 6.00 40.00 44.00 7.66 7.98 16.89 15.25
45.90 1245.45 1113.10 4.00 47.00 41.00 7.68 8.13 28.59 13.88
46.51 1154.33 1157.97 5.00 56.00 36.00 7.21 8.35 27.37 17.25
