50.53 1895.83 2280.16 13.00 58.00 35.00 8.00 9.44 7.94 11.75
49.76 1976.10 2226.73 13.00 54.00 37.00 8.22 9.37 7.43 11.24
48.90 1954.39 2144.84 14.00 56.00 40.00 7.99 9.18 6.42 10.87
43.84 2131.71 1878.62 13.00 65.00 39.00 7.93 8.97 6.35 9.91
40.58 2145.48 1759.24 12.00 76.00 37.00 7.54 9.07 11.31 10.10
43.02 2052.79 1846.99 13.00 74.00 40.00 7.52 8.98 12.50 10.15
41.72 2081.30 1808.32 12.00 79.00 39.00 7.46 9.07 12.37 11.17
42.82 2043.97 1847.37 13.00 79.00 41.00 7.46 9.03 13.22 11.15
44.69 1943.21 1911.86 12.00 79.00 46.00 7.34 8.95 13.31 10.86
41.43 2021.97 1736.29 10.00 84.00 44.00 7.21 8.77 14.35 11.46
38.58 2043.83 1590.27 10.00 103.00 43.00 6.95 8.62 20.39 11.46
37.50 2075.25 1533.26 11.00 105.00 41.00 6.93 8.55 22.45 11.06
38.30 2038.98 1550.72 11.00 102.00 44.00 6.90 8.47 23.55 10.64
41.31 1965.48 1630.61 11.00 96.00 52.00 6.99 8.25 22.66 11.20
39.80 2031.38 1556.90 11.00 96.00 52.00 7.04 8.18 23.82 11.78
39.73 2030.16 1599.73 11.00 96.00 52.00 7.03 8.44 23.86 11.25
40.88 1988.18 1654.73 10.00 96.00 50.00 7.02 8.48 24.97 9.28
40.99 2022.80 1670.59 10.00 91.00 49.00 7.15 8.54 25.51 9.21
43.08 1959.03 1691.87 9.00 90.00 56.00 7.18 8.22 25.51 9.92
45.40 1873.42 1781.10 9.00 87.00 59.00 7.16 8.21 23.90 13.41
45.40 1892.95 1781.10 9.00 88.00 59.00 7.24 8.21 24.08 13.41
39.95 2080.05 1575.01 8.00 98.00 51.00 7.23 8.26 27.68 13.86
42.76 1971.76 1675.96 9.00 93.00 57.00 7.19 8.21 31.21 13.11
42.07 1994.24 1618.49 8.00 96.00 59.00 7.18 8.06 30.57 14.41
39.90 2006.62 1531.21 9.00 104.00 55.00 6.97 8.04 24.36 14.66
