53.02 1415.81 1850.13 10.00 38.00 23.00 8.39 9.74 7.45 10.67
50.19 1502.14 1747.06 9.00 40.00 23.00 8.40 9.72 7.50 9.91
46.62 1565.41 1579.54 10.00 43.00 24.00 8.17 9.46 6.94 9.58
45.90 1584.88 1487.48 10.00 45.00 27.00 8.16 9.04 6.88 7.69
45.24 1541.10 1477.15 10.00 48.00 29.00 7.84 9.11 7.90 10.21
43.02 1577.46 1408.85 11.00 52.00 26.00 7.71 9.14 6.74 10.03
45.03 1479.81 1495.52 11.00 51.00 29.00 7.50 9.27 6.32 10.15
43.04 1536.74 1400.34 10.00 57.00 31.00 7.51 9.08 6.50 11.01
41.06 1525.84 1329.87 9.00 63.00 31.00 7.21 9.04 12.88 11.22
43.98 1471.18 1359.98 8.00 57.00 37.00 7.31 8.63 13.91 11.86
41.99 1516.32 1284.02 8.00 63.00 36.00 7.28 8.53 13.91 12.58
40.57 1560.34 1264.36 9.00 64.00 32.00 7.31 8.69 14.51 12.09
41.75 1500.72 1294.11 8.00 64.00 35.00 7.17 8.64 15.06 11.69
41.75 1500.01 1294.11 8.00 63.00 35.00 7.17 8.64 16.23 11.69
38.63 1517.81 1184.35 7.00 80.00 33.00 6.88 8.54 23.45 12.12
36.04 1568.96 1106.97 8.00 83.00 31.00 6.82 8.56 25.74 9.82
36.70 1559.76 1120.69 8.00 82.00 32.00 6.86 8.52 27.06 8.63
38.93 1491.59 1150.94 7.00 81.00 38.00 6.79 8.24 27.24 9.02
34.49 1642.55 991.45 7.00 84.00 36.00 6.97 8.02 26.79 10.21
40.42 1483.33 1208.69 8.00 76.00 40.00 6.92 8.36 26.50 11.21
45.65 1384.05 1372.64 8.00 68.00 42.00 7.09 8.40 25.26 8.99
40.31 1547.47 1232.06 8.00 70.00 35.00 7.21 8.55 24.94 8.67
46.83 1356.92 1379.22 8.00 62.00 46.00 7.10 8.23 26.65 9.78
46.48 1366.19 1333.92 6.00 65.00 49.00 7.10 8.02 26.01 15.25
42.01 1475.48 1199.11 6.00 72.00 44.00 7.08 7.98 16.89 15.25
42.01 1528.95 1199.11 6.00 71.00 44.00 7.33 7.98 24.68 15.25
47.56 1444.78 1369.71 7.00 53.00 50.00 7.67 8.04 27.80 14.23
46.67 1479.33 1349.74 6.00 55.00 49.00 7.72 8.08 26.70 13.79
43.88 1468.46 1274.60 6.00 66.00 46.00 7.28 8.11 25.87 16.01
