57.11 172.96 380.35 1.00 10.00 1.00 6.74 11.13 0.00 0.00
89.78 86.48 580.56 1.00 0.00 3.00 14.18 10.84 0.00 0.00
75.72 181.70 422.37 2.00 0.00 5.00 12.56 9.34 0.00 14.65
50.17 311.84 237.32 1.00 2.00 7.00 10.46 7.90 0.62 0.00
45.28 292.41 226.66 1.00 5.00 6.00 8.92 8.36 12.68 0.00
42.33 282.55 240.96 2.00 6.00 1.00 8.19 9.52 5.20 0.03
33.00 326.56 202.71 2.00 8.00 0.00 8.14 10.29 2.10 2.77
37.94 298.80 245.95 3.00 11.00 2.00 8.05 10.85 2.88 0.64
48.83 238.12 321.59 2.00 8.00 3.00 7.79 11.01 3.02 6.15
61.17 184.83 336.86 1.00 4.00 7.00 7.96 9.25 0.00 0.00
58.17 203.23 296.16 2.00 7.00 8.00 8.14 8.57 7.50 10.45
19.78 337.06 105.22 1.00 17.00 2.00 7.02 8.97 7.50 0.00
18.72 321.57 109.76 1.00 15.00 2.00 6.61 9.80 0.00 0.00
64.00 169.16 320.98 2.00 5.00 8.00 7.86 8.38 0.00 7.97
67.44 157.23 320.27 2.00 4.00 10.00 8.09 7.94 3.05 17.23
32.89 304.74 158.59 2.00 9.00 6.00 7.60 8.09 5.26 1.72
44.00 231.33 245.03 2.00 8.00 6.00 6.91 9.33 0.00 6.77
42.44 242.09 232.45 1.00 10.00 6.00 7.02 9.16 0.00 0.00
9.17 372.80 36.91 0.00 20.00 2.00 6.84 6.75 0.00 0.00
43.61 233.24 205.69 1.00 11.00 8.00 6.90 7.87 0.00 0.00
54.44 228.69 275.74 1.00 8.00 8.00 8.39 8.45 0.00 0.00
40.72 273.99 240.94 2.00 11.00 2.00 7.73 9.92 11.35 3.50
56.72 188.06 306.25 2.00 8.00 7.00 7.28 9.03 3.73 4.55
26.83 276.79 134.81 0.00 16.00 5.00 6.31 8.41 0.00 0.00
0.00 338.73 0.00 0.00 32.00 0.00 5.65 0.00 0.00 0.00
29.72 237.79 133.94 2.00 25.00 4.00 5.65 7.54 0.00 2.05
55.89 199.33 256.61 3.00 6.00 9.00 7.56 7.71 5.13 2.93
50.22 227.37 202.56 1.00 8.00 12.00 7.63 6.77 0.63 0.00
30.72 314.13 115.94 1.00 10.00 10.00 7.56 6.31 0.00 0.00
51.39 233.37 290.20 2.00 5.00 8.00 8.02 9.57 0.00 15.02
76.11 114.29 417.42 1.00 4.00 8.00 8.01 9.25 4.00 0.00
42.94 297.38 229.04 1.00 5.00 3.00 8.70 8.92 0.00 0.00
61.56 201.60 282.31 1.00 2.00 12.00 8.77 7.66 0.00 0.00
77.78 92.70 342.88 0.00 6.00 16.00 6.97 7.36 0.00 0.00
27.78 306.71 125.81 0.00 18.00 5.00 7.09 7.58 0.00 0.00
0.00 439.58 0.00 0.00 22.00 0.00 7.33 0.00 0.00 0.00
33.33 308.03 170.60 1.00 13.00 6.00 7.71 8.56 0.00 0.00
57.67 188.17 284.57 2.00 8.00 10.00 7.44 8.25 6.33 9.27
33.78 223.01 161.29 2.00 19.00 5.00 5.63 8.01 6.68 1.18
