66.42 354.72 802.71 3.00 10.00 6.00 8.83 10.11 4.10 13.14
69.97 398.32 817.88 2.00 2.00 11.00 11.10 9.78 4.19 7.43
60.50 474.11 649.33 3.00 5.00 11.00 10.04 8.98 10.40 10.13
46.25 594.71 478.28 3.00 8.00 8.00 9.24 8.64 8.49 4.62
39.14 619.43 429.37 3.00 13.00 6.00 8.50 9.17 6.47 2.62
40.14 581.61 486.91 5.00 17.00 3.00 8.12 10.15 2.47 2.55
40.92 564.88 524.30 4.00 16.00 3.00 7.99 10.72 2.56 5.33
49.56 483.63 582.91 4.00 15.00 9.00 8.02 9.86 5.32 7.11
53.50 441.44 617.75 4.00 15.00 11.00 7.94 9.69 8.01 8.69
40.47 521.89 442.18 2.00 21.00 9.00 7.32 9.18 6.13 10.45
38.44 525.85 405.92 3.00 22.00 10.00 7.14 8.87 8.25 9.02
41.89 506.29 426.20 3.00 22.00 10.00 7.27 8.52 7.66 8.68
43.08 478.97 430.03 3.00 20.00 12.00 7.03 8.34 5.69 14.70
48.44 473.90 479.67 4.00 14.00 14.00 7.69 8.28 5.20 13.56
55.72 388.82 565.30 4.00 12.00 16.00 7.35 8.49 3.92 13.56
37.67 546.83 391.04 3.00 20.00 12.00 7.33 8.70 4.77 9.88
26.58 604.13 282.09 2.00 28.00 8.00 6.87 8.88 18.12 9.52
43.03 475.33 438.13 2.00 21.00 14.00 6.96 8.51 0.00 0.35
31.81 601.48 312.65 1.00 28.00 10.00 7.36 8.21 17.42 0.00
42.17 507.23 447.03 3.00 22.00 10.00 7.32 8.86 11.35 11.53
55.58 417.37 581.99 3.00 16.00 15.00 7.86 8.75 9.45 8.26
33.78 550.78 375.91 2.00 27.00 7.00 6.94 9.31 15.41 4.55
28.36 526.88 306.25 2.00 40.00 7.00 6.14 9.03 33.73 4.55
28.28 514.90 268.75 2.00 41.00 9.00 5.99 7.95 39.00 2.05
27.94 538.16 256.61 3.00 38.00 9.00 6.23 7.71 5.13 2.93
39.97 465.16 336.50 3.00 33.00 17.00 6.47 7.05 5.16 9.51
43.31 513.46 372.55 4.00 16.00 19.00 7.56 7.21 15.84 9.73
50.81 461.20 492.76 3.00 13.00 20.00 7.83 8.18 16.13 13.90
53.42 428.42 534.04 2.00 14.00 18.00 7.68 8.41 16.54 5.60
47.17 530.76 519.66 3.00 10.00 11.00 8.39 9.27 15.53 9.60
68.83 316.48 699.73 2.00 6.00 20.00 8.48 8.53 15.53 8.85
60.36 390.09 572.00 1.00 11.00 19.00 8.22 7.92 10.45 0.00
44.67 508.31 408.45 1.00 20.00 17.00 7.67 7.63 0.00 0.00
38.89 532.58 342.88 0.00 28.00 16.00 7.27 7.36 0.00 0.00
30.56 614.84 296.41 1.00 31.00 11.00 7.38 8.11 0.00 0.00
28.83 627.75 284.57 2.00 31.00 10.00 7.36 8.25 6.33 9.27
33.56 531.04 332.10 3.00 32.00 11.00 6.67 8.28 6.68 9.34
