59.37 647.14 1029.67 4.00 15.00 12.00 8.87 9.67 9.92 9.79
60.76 681.19 1058.84 4.00 8.00 12.00 9.67 9.72 8.58 10.09
51.33 801.13 852.03 5.00 13.00 11.00 9.17 9.26 5.99 10.66
43.48 893.76 724.23 6.00 19.00 10.00 8.81 9.28 5.80 5.33
42.37 857.76 750.96 5.00 21.00 9.00 8.29 9.88 5.69 4.77
47.15 766.43 823.87 6.00 21.00 10.00 8.08 9.76 4.13 5.89
46.67 768.21 820.46 6.00 23.00 11.00 8.03 9.83 6.71 7.83
39.63 820.69 688.22 5.00 32.00 11.00 7.57 9.71 7.28 8.55
41.91 764.07 727.51 5.00 30.00 13.00 7.33 9.70 8.06 8.01
48.31 691.12 763.16 4.00 26.00 17.00 7.44 8.83 6.63 9.33
48.11 683.25 726.19 5.00 27.00 20.00 7.34 8.43 9.60 13.16
38.89 811.03 584.89 5.00 31.00 16.00 7.39 8.40 8.20 12.50
43.39 710.55 675.06 5.00 28.00 18.00 6.99 8.68 3.55 12.32
46.44 715.98 712.12 5.00 25.00 20.00 7.45 8.55 4.27 12.89
40.20 761.62 602.36 4.00 32.00 18.00 7.09 8.35 16.69 14.08
39.65 780.07 596.73 4.00 31.00 20.00 7.19 8.39 18.32 10.62
35.87 832.82 557.83 3.00 36.00 16.00 7.23 8.66 17.78 11.07
42.26 749.32 679.48 4.00 32.00 16.00 7.22 8.96 21.24 10.66
40.11 790.17 618.90 3.00 36.00 17.00 7.34 8.60 19.88 8.26
37.06 784.02 581.99 3.00 38.00 15.00 6.93 8.75 15.41 8.26
37.06 756.20 581.99 3.00 48.00 15.00 6.68 8.75 28.03 8.26
32.43 788.89 509.84 4.00 52.00 11.00 6.49 8.77 31.37 5.37
37.54 726.31 562.86 5.00 46.00 16.00 6.47 8.38 32.17 4.65
35.59 742.27 471.31 3.00 49.00 22.00 6.41 7.40 30.95 9.51
28.87 852.29 372.55 4.00 48.00 19.00 6.66 7.21 15.84 9.73
43.78 698.99 626.70 5.00 38.00 25.00 6.92 8.03 15.53 12.02
54.24 627.76 790.65 5.00 20.00 27.00 7.64 8.17 14.01 9.25
48.19 758.58 722.22 4.00 18.00 23.00 8.15 8.40 15.33 9.46
56.13 630.61 816.36 3.00 16.00 30.00 8.00 8.13 16.64 7.31
57.37 623.46 862.61 3.00 16.00 27.00 8.14 8.40 12.93 14.31
55.15 623.19 825.87 2.00 24.00 25.00 7.74 8.37 17.20 17.18
40.24 829.96 572.00 1.00 33.00 19.00 7.73 7.92 19.55 0.00
40.89 816.44 579.05 2.00 33.00 23.00 7.68 7.89 0.00 16.80
45.15 720.75 627.45 2.00 37.00 26.00 7.31 7.74 36.03 9.27
31.63 837.85 457.90 3.00 50.00 16.00 6.82 8.08 30.90 9.34
