48.12 1738.43 1959.89 11.00 53.00 25.00 8.00 9.74 7.61 10.43
52.17 1671.36 2068.04 11.00 45.00 31.00 8.34 9.48 7.60 9.61
49.60 1722.80 1899.82 12.00 48.00 34.00 8.16 9.16 7.63 11.30
44.04 1889.62 1646.17 12.00 54.00 33.00 8.06 8.94 7.02 9.88
45.06 1772.69 1722.18 12.00 56.00 35.00 7.70 9.14 6.54 9.74
42.94 1819.55 1641.30 12.00 63.00 32.00 7.61 9.15 6.07 10.10
39.90 1852.61 1532.58 11.00 71.00 31.00 7.36 9.19 11.96 10.53
43.12 1769.98 1606.03 11.00 68.00 39.00 7.43 8.91 13.40 10.93
42.97 1754.53 1605.61 10.00 71.00 39.00 7.34 8.93 13.21 11.71
43.52 1745.17 1601.32 10.00 68.00 39.00 7.37 8.80 13.76 12.04
44.10 1705.00 1590.27 10.00 71.00 43.00 7.28 8.62 14.08 11.46
38.61 1837.14 1399.32 9.00 80.00 37.00 7.14 8.66 15.03 11.63
35.79 1839.55 1294.11 8.00 96.00 35.00 6.83 8.64 22.29 11.69
40.03 1738.12 1428.05 10.00 88.00 39.00 6.91 8.52 24.45 11.21
41.10 1717.24 1440.96 10.00 86.00 42.00 6.95 8.38 24.69 11.01
38.06 1796.32 1309.53 9.00 91.00 44.00 6.92 8.23 23.68 10.21
35.85 1873.89 1236.63 9.00 92.00 42.00 6.97 8.25 25.58 10.07
40.71 1725.42 1441.14 9.00 86.00 46.00 6.94 8.48 27.02 10.82
40.44 1756.85 1409.56 8.00 88.00 44.00 7.03 8.35 26.14 8.99
40.78 1780.72 1438.15 9.00 81.00 43.00 7.17 8.45 24.94 9.49
47.92 1586.24 1654.96 9.00 70.00 54.00 7.26 8.27 24.94 9.92
45.66 1640.18 1575.01 8.00 76.00 51.00 7.20 8.26 23.90 13.86
44.11 1663.63 1505.36 8.00 80.00 51.00 7.10 8.17 25.54 13.86
39.84 1806.07 1333.92 6.00 87.00 49.00 7.16 8.02 29.56 15.25
40.77 1783.61 1369.71 7.00 85.00 50.00 7.18 8.04 27.80 14.23
44.25 1717.12 1483.68 8.00 80.00 54.00 7.34 8.03 26.15 14.41
45.60 1667.79 1531.21 9.00 72.00 55.00 7.31 8.04 24.36 14.66
