45.74 2500.21 2562.25 15.00 86.00 43.00 7.70 9.38 11.35 11.52
48.41 2451.43 2664.87 15.00 76.00 51.00 7.94 9.21 12.13 10.93
45.48 2555.87 2457.65 15.00 84.00 50.00 7.83 9.04 11.51 11.37
43.51 2638.94 2325.65 16.00 87.00 49.00 7.80 8.95 11.90 10.24
43.58 2562.85 2341.23 15.00 92.00 52.00 7.59 8.99 11.92 10.18
41.17 2603.57 2223.29 15.00 101.00 47.00 7.39 9.04 13.27 10.18
39.05 2608.81 2114.57 14.00 119.00 46.00 7.15 9.06 18.27 10.48
39.91 2558.87 2116.27 15.00 120.00 50.00 7.11 8.87 20.53 10.47
41.34 2481.47 2168.47 15.00 117.00 55.00 7.06 8.78 20.59 10.16
41.14 2487.44 2072.78 13.00 117.00 61.00 7.06 8.44 20.36 11.09
39.53 2557.39 1962.82 14.00 119.00 62.00 7.06 8.31 21.33 11.28
40.16 2536.44 2026.02 14.00 118.00 62.00 7.08 8.46 21.48 11.80
41.32 2467.40 2084.76 13.00 116.00 62.00 7.02 8.45 22.37 10.82
42.48 2496.70 2150.26 14.00 106.00 63.00 7.25 8.48 22.14 10.89
45.61 2347.85 2257.32 13.00 102.00 72.00 7.21 8.29 22.95 11.53
43.86 2420.24 2172.14 12.00 107.00 71.00 7.20 8.30 22.34 13.74
41.64 2497.08 2063.19 11.00 116.00 67.00 7.14 8.30 23.69 13.18
40.57 2555.38 2013.55 10.00 119.00 65.00 7.18 8.31 27.42 12.72
40.57 2573.87 1988.61 10.00 121.00 67.00 7.23 8.21 28.95 12.78
42.09 2501.46 2065.67 11.00 118.00 69.00 7.21 8.22 28.53 13.03
43.03 2424.09 2113.20 12.00 120.00 70.00 7.10 8.22 27.14 13.36
