49.81 2127.41 2525.19 15.00 66.00 41.00 7.87 9.43 7.00 11.37
48.94 2218.19 2459.18 14.00 65.00 43.00 8.07 9.35 6.96 11.07
44.48 2327.19 2181.91 14.00 76.00 42.00 7.78 9.13 11.07 11.07
43.81 2364.95 2084.31 14.00 76.00 47.00 7.81 8.85 11.90 9.93
42.12 2374.17 2034.98 13.00 84.00 45.00 7.61 8.98 11.73 10.78
42.77 2326.78 2088.33 15.00 85.00 42.00 7.55 9.08 12.41 10.43
43.39 2269.98 2114.57 14.00 87.00 46.00 7.44 9.06 12.48 10.48
41.04 2320.76 1982.33 13.00 95.00 46.00 7.30 8.98 13.98 10.82
39.72 2282.04 1911.86 12.00 111.00 46.00 7.02 8.95 19.32 10.86
40.13 2260.07 1870.22 12.00 109.00 48.00 7.00 8.67 21.52 11.09
40.51 2243.26 1846.88 13.00 109.00 52.00 7.00 8.48 21.79 10.61
38.91 2302.61 1735.82 12.00 113.00 54.00 6.99 8.29 21.13 11.15
37.46 2353.11 1666.66 12.00 112.00 54.00 6.98 8.27 22.87 11.41
42.43 2199.32 1920.81 13.00 101.00 60.00 7.09 8.43 22.93 11.91
43.83 2145.67 1975.01 12.00 100.00 60.00 7.09 8.39 23.22 11.01
40.09 2327.54 1829.19 12.00 101.00 55.00 7.21 8.50 22.95 10.11
43.18 2190.37 1937.05 11.00 98.00 62.00 7.15 8.35 24.47 10.15
45.07 2115.51 2013.55 10.00 97.00 65.00 7.14 8.31 24.74 12.72
41.38 2265.74 1818.01 9.00 108.00 61.00 7.17 8.18 24.51 13.41
40.36 2313.29 1781.10 9.00 109.00 59.00 7.19 8.21 27.68 13.41
44.06 2201.08 1951.70 10.00 101.00 65.00 7.30 8.24 29.46 12.78
41.92 2268.22 1859.58 10.00 107.00 61.00 7.24 8.26 28.53 13.28
41.77 2194.77 1837.46 11.00 112.00 62.00 6.99 8.19 28.34 13.50
