52.78 974.16 1232.38 6.00 23.00 12.00 8.62 9.77 6.91 11.37
55.06 980.24 1304.79 7.00 19.00 14.00 9.11 9.91 6.57 10.22
50.71 1039.46 1173.63 7.00 21.00 14.00 8.81 9.68 5.37 9.75
47.90 1078.59 1061.19 7.00 23.00 17.00 8.65 9.27 5.81 6.19
46.32 1061.08 1047.12 7.00 28.00 17.00 8.26 9.47 7.63 7.26
40.31 1103.50 929.18 7.00 38.00 12.00 7.72 9.66 6.37 7.26
39.68 1090.83 930.22 7.00 38.00 13.00 7.55 9.83 7.05 7.31
45.72 989.91 1009.20 7.00 37.00 19.00 7.62 9.24 7.39 8.68
48.29 921.46 1047.78 7.00 35.00 23.00 7.45 9.09 8.83 11.66
44.46 995.85 921.85 6.00 35.00 23.00 7.49 8.69 7.79 12.68
47.08 914.84 971.22 7.00 35.00 26.00 7.22 8.64 6.89 11.85
39.78 1053.11 817.33 6.00 42.00 22.00 7.30 8.60 6.57 12.31
34.83 1083.35 712.12 5.00 48.00 20.00 6.94 8.55 15.19 12.89
45.74 949.23 917.80 6.00 36.00 28.00 7.30 8.39 16.69 12.28
43.76 990.30 878.10 5.00 40.00 26.00 7.35 8.38 16.45 13.88
39.92 1054.05 838.07 6.00 42.00 22.00 7.32 8.78 16.91 11.05
41.08 1021.50 864.08 5.00 44.00 23.00 7.24 8.79 18.12 9.31
38.40 1026.11 814.44 4.00 48.00 21.00 6.95 8.86 19.19 7.29
30.08 1128.99 618.90 3.00 68.00 17.00 6.73 8.60 26.05 8.26
35.22 1022.13 715.93 5.00 63.00 19.00 6.58 8.49 31.37 9.23
41.76 955.63 838.60 6.00 54.00 24.00 6.85 8.40 28.79 8.30
36.88 1016.26 712.40 5.00 60.00 24.00 6.72 8.09 26.64 7.92
35.83 1040.44 678.80 6.00 56.00 26.00 6.77 7.93 29.38 8.58
39.54 976.10 761.51 5.00 54.00 30.00 6.73 8.10 29.92 12.02
40.68 966.58 790.65 5.00 52.00 27.00 6.80 8.17 14.01 9.25
43.57 996.37 856.16 6.00 43.00 28.00 7.37 8.25 15.73 9.66
56.07 829.94 1072.97 6.00 22.00 39.00 7.89 8.03 15.73 10.65
55.58 851.29 1065.17 4.00 24.00 39.00 8.00 8.04 14.28 12.59
49.04 937.32 942.50 3.00 34.00 35.00 7.68 8.05 16.19 14.31
43.03 1063.34 862.61 3.00 38.00 27.00 7.79 8.40 28.71 14.31
49.69 931.32 996.47 3.00 37.00 31.00 7.72 8.40 33.00 16.02
44.60 1018.13 856.57 3.00 42.00 29.00 7.67 8.02 31.21 18.71
39.11 1039.45 740.55 4.00 52.00 28.00 7.12 7.91 30.90 19.19
