51.99 1212.48 1553.97 8.00 31.00 15.00 8.44 10.00 6.15 10.69
56.28 1165.07 1641.75 8.00 23.00 21.00 8.91 9.77 6.67 9.31
52.20 1242.78 1469.79 9.00 28.00 22.00 8.69 9.43 7.22 9.91
42.28 1415.66 1166.50 8.00 40.00 19.00 8.20 9.24 6.74 7.37
40.80 1383.71 1156.88 8.00 43.00 19.00 7.81 9.50 7.11 6.85
45.04 1272.72 1250.16 9.00 43.00 20.00 7.74 9.30 6.63 7.75
45.23 1248.23 1250.49 9.00 43.00 23.00 7.62 9.26 7.80 10.73
43.16 1294.65 1167.89 9.00 46.00 25.00 7.61 9.07 7.41 11.06
47.43 1153.05 1292.81 9.00 43.00 29.00 7.33 9.13 6.94 10.86
44.06 1237.94 1154.30 7.00 46.00 29.00 7.39 8.78 6.21 12.25
39.50 1287.63 1008.28 7.00 55.00 28.00 7.11 8.55 13.65 12.25
40.54 1286.35 1023.02 7.00 53.00 30.00 7.23 8.44 14.85 12.04
38.76 1312.04 987.86 6.00 56.00 28.00 7.15 8.52 15.25 13.18
44.73 1223.21 1159.15 8.00 47.00 30.00 7.39 8.67 15.75 12.40
46.36 1178.99 1184.35 7.00 48.00 33.00 7.34 8.54 16.06 12.12
37.30 1330.85 973.03 6.00 58.00 27.00 7.09 8.73 17.13 10.54
32.87 1360.33 864.08 5.00 76.00 23.00 6.76 8.79 25.15 9.31
36.67 1264.22 948.38 6.00 73.00 25.00 6.66 8.65 30.20 9.01
35.24 1328.42 875.51 6.00 74.00 26.00 6.85 8.32 28.73 8.30
38.22 1249.50 918.49 6.00 71.00 32.00 6.75 8.04 26.64 9.44
39.56 1269.76 954.54 7.00 64.00 34.00 7.01 8.08 26.82 10.21
39.78 1250.09 1002.60 7.00 65.00 32.00 6.93 8.47 26.50 10.46
43.89 1154.74 1096.90 7.00 60.00 34.00 6.87 8.39 26.92 8.26
40.22 1273.49 990.97 6.00 59.00 33.00 7.11 8.27 27.39 9.66
44.86 1168.77 1072.97 6.00 54.00 39.00 7.07 8.03 15.73 10.65
50.41 1089.08 1199.11 6.00 49.00 44.00 7.33 7.98 14.54 15.25
50.41 1136.65 1199.11 6.00 40.00 44.00 7.66 7.98 16.89 15.25
44.47 1291.16 1065.17 4.00 46.00 39.00 7.76 8.04 24.25 12.59
45.90 1245.45 1113.10 4.00 47.00 41.00 7.68 8.13 28.59 13.88
45.96 1251.51 1147.18 5.00 47.00 37.00 7.73 8.37 30.39 15.09
46.51 1154.33 1157.97 5.00 56.00 36.00 7.21 8.35 27.37 17.25
