52.49 1562.90 1666.06 12.00 15.00 28.00 11.04 10.65 6.29 12.44
50.39 1544.76 1488.64 10.00 20.00 29.00 10.43 9.91 13.99 13.46
49.06 1473.23 1326.52 9.00 27.00 33.00 9.67 9.06 14.44 13.21
55.44 1243.30 1439.74 8.00 29.00 46.00 9.33 8.70 15.71 17.50
54.27 1284.37 1456.62 7.00 30.00 36.00 9.39 9.00 15.72 14.23
51.06 1317.43 1274.70 9.00 35.00 38.00 9.01 8.37 7.15 14.03
59.58 1011.99 1442.50 7.00 36.00 48.00 8.39 8.12 7.48 14.55
60.23 995.47 1295.74 6.00 34.00 62.00 8.38 7.20 4.26 9.51
64.16 915.26 1210.72 5.00 28.00 82.00 8.54 6.31 6.39 26.67
66.90 797.02 1167.23 5.00 28.00 96.00 8.06 5.83 6.44 26.82
72.69 654.90 1293.73 5.00 23.00 103.00 8.02 5.95 8.82 26.43
72.44 683.45 1199.92 5.00 21.00 115.00 8.29 5.53 7.53 26.06
81.22 479.70 1271.53 4.00 13.00 147.00 8.55 5.23 7.53 34.40
75.04 462.00 1215.44 5.00 32.00 134.00 6.20 5.41 6.61 44.56
61.01 652.14 987.66 5.00 52.00 111.00 5.59 5.41 27.29 47.74
56.72 715.38 882.69 3.00 62.00 106.00 5.52 5.20 26.11 51.44
