49.74 1341.60 1266.30 12.00 14.00 24.00 11.21 10.69 5.69 8.85
58.15 1119.35 1437.76 10.00 10.00 28.00 11.23 10.37 6.17 11.39
56.42 1109.37 1358.36 7.00 11.00 26.00 10.67 10.09 6.52 14.30
50.24 1249.97 1169.31 6.00 13.00 25.00 10.51 9.76 16.09 14.39
48.11 1252.89 1023.62 7.00 17.00 28.00 10.09 8.91 15.62 14.98
53.99 1070.41 1171.11 7.00 17.00 29.00 9.72 9.09 15.56 14.12
52.22 1087.13 1114.71 7.00 23.00 31.00 9.51 8.94 16.97 14.34
54.74 1013.05 1192.86 6.00 23.00 28.00 9.35 9.13 16.97 16.00
52.74 1033.19 1157.91 6.00 26.00 27.00 9.14 9.20 16.88 16.05
45.49 1229.18 908.73 6.00 29.00 27.00 9.42 8.37 15.63 15.15
51.96 1063.07 1056.93 7.00 28.00 32.00 9.25 8.52 8.20 14.23
57.94 832.89 1184.84 8.00 28.00 35.00 8.29 8.57 7.62 14.97
57.25 882.04 1143.94 6.00 27.00 35.00 8.64 8.38 6.01 15.96
53.31 933.04 1006.10 6.00 32.00 37.00 8.37 7.91 2.95 14.90
61.26 791.65 1139.97 5.00 26.00 43.00 8.56 7.79 7.05 9.22
50.29 995.47 954.88 6.00 34.00 32.00 8.38 7.96 4.26 10.78
58.21 839.31 970.59 5.00 28.00 47.00 8.40 6.98 4.65 9.59
65.46 642.23 1021.63 5.00 25.00 67.00 7.78 6.53 4.76 18.30
65.10 664.09 911.85 4.00 24.00 73.00 7.96 5.85 6.39 29.78
67.28 645.41 908.10 4.00 24.00 78.00 8.25 5.64 4.47 28.36
71.76 542.67 949.43 3.00 21.00 90.00 8.03 5.52 7.86 23.08
74.50 508.33 1037.20 4.00 14.00 88.00 8.33 5.81 9.02 31.91
73.64 524.88 995.58 4.00 14.00 90.00 8.32 5.64 6.83 29.09
76.53 479.70 1029.42 4.00 13.00 94.00 8.55 5.62 7.53 17.96
76.53 479.70 1044.15 4.00 13.00 95.00 8.55 5.70 7.53 16.49
76.53 479.70 1032.72 4.00 13.00 98.00 8.55 5.63 7.53 23.64
79.54 402.82 1031.39 4.00 13.00 113.00 8.24 5.42 8.37 34.40
82.64 322.41 1026.50 3.00 12.00 124.00 7.78 5.19 8.43 51.66
75.28 329.89 960.06 4.00 28.00 111.00 5.58 5.33 7.35 49.82
67.43 423.97 789.66 2.00 40.00 109.00 5.44 4.89 14.13 60.22
57.17 539.86 643.37 3.00 50.00 98.00 5.26 4.70 30.83 57.95
65.25 381.43 816.22 2.00 43.00 97.00 4.58 5.23 30.83 12.58
53.99 556.94 678.26 2.00 55.00 80.00 5.05 5.26 26.11 14.07
