52.49 1562.90 1666.06 12.00 15.00 28.00 11.04 10.65 6.29 12.44
49.22 1677.13 1507.45 10.00 15.00 28.00 11.07 10.27 13.83 13.00
50.39 1544.76 1488.64 10.00 20.00 29.00 10.43 9.91 13.99 13.46
52.69 1404.50 1520.87 10.00 22.00 30.00 9.94 9.68 14.61 13.01
49.06 1473.23 1326.52 9.00 27.00 33.00 9.67 9.06 14.44 13.21
56.51 1235.12 1466.23 8.00 23.00 45.00 9.49 8.69 15.18 15.02
55.44 1243.30 1439.74 8.00 29.00 46.00 9.33 8.70 15.71 17.50
51.66 1365.21 1385.61 7.00 32.00 34.00 9.44 8.99 14.70 16.68
54.27 1284.37 1456.62 7.00 30.00 36.00 9.39 9.00 15.72 14.23
49.06 1390.89 1254.14 8.00 33.00 35.00 9.13 8.58 14.76 14.97
51.06 1317.43 1274.70 9.00 35.00 38.00 9.01 8.37 7.15 14.03
55.14 1087.65 1357.66 10.00 41.00 42.00 8.12 8.26 6.82 13.59
59.58 1011.99 1442.50 7.00 36.00 48.00 8.39 8.12 7.48 14.55
53.56 1159.89 1250.60 7.00 40.00 48.00 8.36 7.82 4.26 14.33
60.23 995.47 1295.74 6.00 34.00 62.00 8.38 7.20 4.26 9.51
60.23 995.47 1213.78 6.00 34.00 73.00 8.38 6.74 4.26 17.74
64.16 915.26 1210.72 5.00 28.00 82.00 8.54 6.31 6.39 26.67
66.49 806.03 1254.12 6.00 28.00 86.00 8.05 6.31 4.30 25.10
66.90 797.02 1167.23 5.00 28.00 96.00 8.06 5.83 6.44 26.82
68.39 763.09 1209.41 6.00 27.00 95.00 8.08 5.91 7.42 27.26
72.69 654.90 1293.73 5.00 23.00 103.00 8.02 5.95 8.82 26.43
72.13 706.55 1273.92 5.00 21.00 105.00 8.48 5.90 8.56 29.28
72.44 683.45 1199.92 5.00 21.00 115.00 8.29 5.53 7.53 26.06
81.22 479.70 1291.62 4.00 13.00 139.00 8.55 5.31 7.53 23.64
81.22 479.70 1271.53 4.00 13.00 147.00 8.55 5.23 7.53 34.40
80.23 486.21 1258.99 4.00 15.00 144.00 8.24 5.24 8.07 45.11
75.04 462.00 1215.44 5.00 32.00 134.00 6.20 5.41 6.61 44.56
68.51 541.65 1091.07 4.00 43.00 125.00 5.75 5.32 14.55 49.82
61.01 652.14 987.66 5.00 52.00 111.00 5.59 5.41 27.29 47.74
64.73 579.65 1052.84 3.00 50.00 114.00 5.49 5.44 26.77 51.87
56.72 715.38 882.69 3.00 62.00 106.00 5.52 5.20 26.11 51.44
