44.22 1131.26 984.54 10.00 11.00 5.00 11.37 12.49 5.58 4.81
52.09 983.32 961.20 9.00 7.00 21.00 11.50 10.32 6.37 6.74
54.06 888.08 958.59 7.00 10.00 22.00 10.81 9.92 5.99 10.66
62.48 692.18 1099.62 6.00 8.00 25.00 10.31 9.83 6.95 12.47
55.39 817.49 893.33 4.00 8.00 25.00 10.21 9.00 5.82 15.08
51.15 915.88 819.55 3.00 8.00 24.00 10.44 8.94 17.60 12.46
52.02 866.79 811.81 5.00 13.00 26.00 10.06 8.71 19.57 16.90
50.78 848.34 897.74 5.00 17.00 12.00 9.60 9.89 17.68 14.55
47.54 877.03 832.88 5.00 20.00 12.00 9.31 9.80 18.49 5.90
47.54 877.03 715.98 5.00 20.00 21.00 9.31 8.42 18.49 13.58
49.15 811.90 758.22 6.00 24.00 23.00 8.91 8.62 7.60 16.05
56.15 671.18 839.43 6.00 24.00 27.00 8.54 8.35 7.22 15.15
60.52 627.68 926.18 4.00 20.00 29.00 8.87 8.55 7.26 16.63
56.43 678.28 833.28 4.00 19.00 30.00 8.68 8.25 3.34 16.62
58.72 661.69 841.41 4.00 17.00 30.00 8.96 8.01 3.28 9.94
48.87 768.62 710.38 5.00 26.00 21.00 8.39 8.14 2.95 9.69
58.91 635.48 814.82 4.00 20.00 28.00 8.63 7.73 7.53 9.68
53.94 642.23 762.73 5.00 25.00 26.00 7.78 7.90 4.76 11.70
57.48 588.13 671.71 4.00 24.00 38.00 7.71 6.52 4.76 9.78
66.17 481.61 675.61 3.00 21.00 59.00 7.94 5.69 4.98 19.92
70.98 409.73 694.05 2.00 17.00 67.00 7.86 5.44 8.18 26.90
75.06 390.65 735.88 2.00 11.00 71.00 8.72 5.45 4.82 33.42
72.72 412.64 651.29 2.00 12.00 77.00 8.43 4.98 6.25 20.98
81.15 281.48 792.70 3.00 6.00 77.00 8.33 5.44 6.70 17.05
79.48 321.12 839.81 3.00 6.00 70.00 8.73 5.88 6.83 18.31
68.70 479.70 770.52 4.00 13.00 53.00 8.55 6.25 7.53 17.96
72.72 402.82 804.01 4.00 13.00 61.00 8.24 6.16 8.37 16.49
78.50 315.90 800.23 3.00 10.00 78.00 8.20 5.68 8.37 27.15
81.35 270.71 776.02 3.00 9.00 90.00 8.11 5.31 10.18 39.66
85.91 204.73 725.09 1.00 9.00 108.00 8.11 4.70 9.72 0.00
74.91 217.61 615.77 2.00 26.00 98.00 4.84 4.58 2.02 60.22
69.02 225.74 553.04 1.00 33.00 92.00 4.05 4.46 17.02 0.00
53.67 381.43 438.93 2.00 43.00 72.00 4.58 4.56 30.83 2.42
53.67 381.43 553.80 2.00 43.00 51.00 4.58 5.76 30.83 12.58
38.65 556.94 450.98 2.00 55.00 28.00 5.05 6.52 26.11 14.07
