48.12 1998.29 1796.35 15.00 24.00 31.00 10.76 10.44 12.41 11.68
51.44 1831.67 1859.01 14.00 24.00 33.00 10.53 10.11 12.79 11.79
50.80 1765.10 1791.55 12.00 30.00 34.00 10.01 9.86 13.25 12.30
55.01 1569.21 1815.99 11.00 28.00 46.00 9.73 9.22 14.36 14.22
52.27 1629.39 1651.55 10.00 33.00 48.00 9.52 8.82 13.71 16.35
53.65 1587.27 1658.98 9.00 32.00 51.00 9.54 8.63 13.60 15.67
56.27 1494.47 1738.45 9.00 33.00 55.00 9.52 8.62 14.81 15.41
53.60 1526.91 1731.02 9.00 36.00 42.00 9.17 9.02 14.00 16.19
53.13 1538.72 1674.39 9.00 37.00 42.00 9.16 8.81 13.95 14.03
48.20 1645.65 1426.96 10.00 46.00 42.00 8.86 8.28 13.24 13.59
54.03 1447.38 1573.26 10.00 44.00 51.00 8.78 8.13 7.69 13.62
55.05 1314.50 1602.16 11.00 49.00 53.00 8.16 8.13 7.47 13.75
59.00 1215.82 1598.28 8.00 44.00 67.00 8.27 7.56 6.18 14.07
61.30 1159.89 1509.50 7.00 40.00 89.00 8.36 6.87 4.26 17.76
64.85 1071.42 1535.88 6.00 34.00 97.00 8.50 6.60 5.93 25.52
61.96 1159.27 1446.27 7.00 37.00 92.00 8.50 6.51 4.02 24.06
65.81 1048.20 1466.10 6.00 32.00 105.00 8.55 6.21 6.48 24.55
67.55 923.70 1555.43 8.00 31.00 103.00 7.94 6.42 6.87 24.61
68.48 909.26 1511.52 7.00 30.00 109.00 8.05 6.15 7.69 25.71
67.44 961.31 1446.13 7.00 34.00 112.00 8.24 5.97 7.25 25.88
71.85 813.48 1498.06 6.00 30.00 128.00 8.05 5.80 7.82 24.13
76.78 706.55 1536.12 5.00 21.00 150.00 8.48 5.57 8.56 28.08
77.04 683.45 1427.30 5.00 21.00 167.00 8.29 5.16 7.53 34.44
83.53 486.21 1517.89 4.00 15.00 185.00 8.24 5.06 8.07 45.11
77.19 538.88 1455.58 5.00 32.00 168.00 6.59 5.25 6.29 44.56
68.86 705.44 1323.56 5.00 46.00 145.00 6.31 5.35 13.29 44.56
63.19 784.25 1243.04 6.00 56.00 134.00 5.93 5.48 24.93 43.67
66.08 697.33 1354.25 5.00 53.00 130.00 5.72 5.71 24.93 44.85
60.00 827.66 1226.99 5.00 64.00 119.00 5.76 5.70 24.41 44.73
