36.78 453.53 307.35 5.00 4.00 2.00 12.07 14.10 4.25 2.11
45.17 427.10 338.14 4.00 1.00 3.00 13.13 12.59 4.10 2.32
59.50 291.87 464.93 3.00 3.00 1.00 12.18 13.18 4.16 5.86
47.50 334.09 349.56 3.00 5.00 1.00 10.70 12.41 9.87 7.04
36.39 385.85 211.81 2.00 4.00 2.00 10.15 9.76 6.91 3.62
63.61 222.06 273.30 2.00 0.00 17.00 10.22 7.19 4.42 5.33
66.28 210.10 281.76 2.00 3.00 19.00 10.44 7.10 0.00 15.35
76.33 136.02 476.49 1.00 3.00 7.00 9.60 10.46 0.00 0.00
63.50 221.29 399.69 0.00 1.00 4.00 10.12 10.56 0.00 0.00
13.50 557.79 69.30 0.00 5.00 0.00 10.76 8.66 0.00 0.00
26.28 435.39 130.29 3.00 8.00 3.00 9.87 8.32 3.25 3.66
62.50 154.32 351.56 4.00 9.00 5.00 6.91 9.45 2.76 6.59
52.83 220.34 302.44 2.00 10.00 5.00 7.81 9.63 8.58 3.70
66.61 164.42 295.12 1.00 6.00 16.00 8.23 7.40 0.00 0.00
68.33 156.16 324.93 1.00 6.00 15.00 8.28 7.96 0.00 0.00
39.33 352.15 192.15 1.00 9.00 6.00 9.72 8.20 0.80 0.00
60.39 251.17 298.49 1.00 4.00 9.00 10.60 8.28 0.00 0.00
63.33 160.62 345.42 2.00 4.00 8.00 7.33 9.16 0.00 14.27
47.44 254.36 217.38 2.00 7.00 6.00 8.13 7.71 0.13 2.58
43.94 254.76 172.22 2.00 13.00 7.00 7.63 6.59 0.92 5.98
68.89 129.95 298.14 1.00 9.00 13.00 6.99 7.24 8.40 0.00
54.56 226.85 244.50 1.00 8.00 11.00 8.33 7.49 0.00 0.00
56.11 203.75 155.77 1.00 8.00 19.00 7.75 4.63 0.00 0.00
100.00 0.00 258.90 0.00 0.00 41.00 0.00 4.32 0.00 0.00
87.94 75.95 240.14 0.00 0.00 34.00 10.55 4.55 0.00 0.00
70.61 163.80 232.49 1.00 3.00 19.00 9.32 5.50 0.00 0.00
74.11 132.01 255.38 1.00 4.00 23.00 8.55 5.75 0.00 0.00
72.83 117.68 301.31 2.00 3.00 16.00 7.25 6.93 6.12 5.15
76.39 112.14 344.30 2.00 2.00 13.00 7.97 7.55 0.48 18.65
62.67 198.22 236.62 1.00 7.00 17.00 8.89 6.31 0.00 0.00
67.67 158.43 204.33 1.00 7.00 25.00 8.21 5.04 0.00 0.00
100.00 0.00 262.20 0.00 0.00 45.00 0.00 4.37 0.00 0.00
100.00 0.00 227.29 0.00 0.00 51.00 0.00 3.80 0.00 0.00
95.06 6.51 226.05 0.00 2.00 45.00 2.22 3.98 0.00 0.00
57.06 59.18 184.05 1.00 19.00 20.00 2.30 5.40 2.02 0.00
12.00 219.24 64.57 1.00 31.00 1.00 4.16 9.05 0.00 0.00
3.94 322.15 27.60 1.00 24.00 0.00 5.60 11.83 0.00 0.00
53.94 155.55 263.18 1.00 10.00 5.00 5.64 8.19 0.00 0.00
54.94 175.52 238.79 0.00 12.00 8.00 6.51 7.29 0.00 0.00
