51.24 2374.80 2424.28 18.00 40.00 51.00 10.20 9.92 11.73 13.77
51.82 2348.53 2346.88 16.00 39.00 55.00 10.21 9.49 12.10 13.88
54.19 2172.44 2415.29 14.00 40.00 58.00 9.92 9.34 12.51 14.26
54.09 2083.07 2354.15 14.00 41.00 60.00 9.49 9.12 12.80 14.78
52.68 2134.93 2168.03 13.00 44.00 63.00 9.44 8.62 12.17 14.75
53.65 2003.74 2177.21 13.00 49.00 66.00 9.04 8.50 12.09 14.56
56.74 1878.78 2254.78 12.00 49.00 74.00 9.09 8.32 13.06 14.47
52.51 2008.52 2148.34 12.00 57.00 60.00 8.84 8.57 12.40 14.82
55.47 1872.50 2128.72 11.00 54.00 74.00 8.79 8.03 12.86 13.61
55.47 1872.50 1930.35 11.00 54.00 94.00 8.79 7.28 12.86 18.17
58.53 1727.16 1969.17 11.00 52.00 105.00 8.71 7.04 7.56 23.22
62.61 1478.30 2093.54 12.00 52.00 113.00 8.27 6.99 7.14 22.30
64.51 1424.71 2093.79 9.00 48.00 125.00 8.40 6.79 6.81 24.02
63.90 1441.37 2043.30 10.00 46.00 125.00 8.35 6.68 6.59 23.20
67.45 1316.60 2135.56 9.00 40.00 133.00 8.46 6.62 7.53 23.40
63.41 1475.17 1984.30 10.00 47.00 126.00 8.43 6.54 6.45 23.08
67.37 1319.01 2014.74 9.00 41.00 143.00 8.45 6.25 6.79 22.78
70.99 1121.93 2054.35 9.00 38.00 165.00 8.09 6.04 6.79 25.46
72.32 1067.83 1943.24 8.00 37.00 186.00 8.07 5.61 6.79 32.65
74.96 967.82 1934.60 7.00 36.00 203.00 8.09 5.39 8.17 39.71
73.52 872.66 1909.49 7.00 49.00 201.00 6.89 5.42 7.06 40.84
70.97 932.30 1826.95 6.00 54.00 197.00 6.71 5.37 12.67 43.51
65.40 1064.88 1638.95 7.00 64.00 188.00 6.43 5.23 22.90 43.85
70.89 861.13 1845.64 6.00 56.00 191.00 6.18 5.44 22.90 40.95
65.26 1036.64 1722.51 6.00 68.00 176.00 6.23 5.51 21.24 40.84
