51.77 2880.33 2940.76 21.00 51.00 66.00 10.01 9.53 11.05 13.29
52.18 2764.99 2865.11 20.00 56.00 70.00 9.69 9.21 11.33 13.33
54.98 2556.75 2931.62 17.00 56.00 77.00 9.51 8.94 11.56 13.92
53.12 2564.68 2771.46 17.00 62.00 78.00 9.16 8.74 11.83 14.02
54.64 2468.70 2622.36 15.00 61.00 95.00 9.10 8.04 11.59 14.10
58.37 2230.59 2680.61 14.00 57.00 118.00 8.96 7.69 11.94 17.34
59.80 2158.56 2650.69 13.00 57.00 128.00 8.98 7.42 12.32 21.95
59.07 2172.32 2639.72 13.00 60.00 120.00 8.88 7.48 11.92 21.93
60.58 2081.39 2624.24 12.00 58.00 132.00 8.83 7.25 12.43 22.84
58.72 2153.98 2464.15 14.00 60.00 130.00 8.73 7.02 12.28 22.12
61.87 1972.33 2568.84 14.00 58.00 141.00 8.66 6.95 7.92 22.34
63.64 1794.20 2631.57 15.00 62.00 147.00 8.26 6.92 7.54 21.94
66.01 1695.52 2642.42 12.00 57.00 163.00 8.35 6.69 6.97 22.59
67.39 1639.59 2542.22 11.00 53.00 187.00 8.41 6.31 6.45 24.17
70.73 1475.17 2567.27 10.00 47.00 210.00 8.43 6.07 6.45 30.32
70.23 1481.68 2472.76 10.00 49.00 217.00 8.33 5.89 7.45 36.34
69.60 1378.19 2426.17 10.00 60.00 216.00 7.58 5.83 6.44 37.00
67.50 1347.67 2345.18 10.00 71.00 212.00 6.93 5.81 10.73 37.00
63.96 1449.26 2154.89 10.00 80.00 207.00 6.72 5.63 18.10 38.73
66.56 1342.74 2262.35 9.00 77.00 209.00 6.71 5.68 18.97 37.72
64.71 1370.42 2176.42 8.00 85.00 209.00 6.49 5.62 18.87 38.48
