48.79 2218.63 2099.25 17.00 34.00 36.00 10.37 10.32 12.00 11.06
53.60 1996.37 2154.13 15.00 30.00 49.00 10.30 9.63 12.81 13.20
53.30 1921.27 2116.57 13.00 36.00 49.00 9.84 9.51 12.78 15.22
52.77 1921.36 2008.74 12.00 37.00 52.00 9.73 9.11 13.15 14.87
53.43 1880.57 1950.26 11.00 37.00 57.00 9.65 8.74 13.21 14.87
55.03 1748.98 2004.40 11.00 36.00 59.00 9.29 8.72 13.14 15.45
55.01 1748.83 1956.22 11.00 40.00 61.00 9.29 8.51 13.31 15.33
52.22 1781.67 1903.84 11.00 49.00 49.00 8.91 8.73 12.69 14.98
55.38 1668.67 1972.95 10.00 46.00 55.00 8.94 8.53 13.61 13.62
49.11 1872.50 1671.46 11.00 54.00 53.00 8.79 8.15 12.86 13.75
54.33 1651.21 1729.03 11.00 52.00 70.00 8.64 7.61 7.47 13.61
61.47 1314.50 1861.05 11.00 49.00 94.00 8.16 7.24 7.47 18.17
63.13 1291.77 1838.41 8.00 44.00 102.00 8.38 6.96 6.81 25.06
62.63 1323.69 1741.98 8.00 43.00 108.00 8.47 6.64 4.02 23.23
66.17 1204.36 1791.26 7.00 38.00 120.00 8.51 6.46 6.08 24.00
63.52 1276.95 1747.58 9.00 40.00 109.00 8.37 6.58 6.59 23.67
67.33 1160.43 1810.40 8.00 34.00 118.00 8.49 6.42 7.85 24.05
66.85 1121.93 1792.15 9.00 38.00 120.00 8.09 6.40 6.79 23.81
68.37 1067.83 1715.86 8.00 37.00 134.00 8.07 5.99 6.79 24.15
72.09 961.31 1708.34 7.00 34.00 157.00 8.24 5.65 7.25 26.75
75.87 813.48 1725.44 6.00 30.00 180.00 8.05 5.43 7.82 32.57
79.39 713.06 1762.38 5.00 23.00 196.00 8.27 5.30 9.34 42.32
74.18 742.63 1611.35 6.00 40.00 188.00 6.87 5.18 6.29 43.51
73.31 705.44 1582.45 5.00 46.00 186.00 6.31 5.15 13.29 44.56
66.73 861.13 1483.18 6.00 56.00 168.00 6.18 5.30 22.90 43.67
66.73 861.13 1586.74 6.00 56.00 150.00 6.18 5.68 22.90 40.95
62.02 959.77 1482.37 6.00 68.00 142.00 6.03 5.71 22.78 40.84
