48.14 745.40 772.63 8.00 7.00 3.00 12.11 13.53 4.21 4.25
46.33 761.26 687.70 7.00 7.00 4.00 11.93 12.50 6.84 5.11
47.94 677.73 676.83 5.00 7.00 3.00 10.94 11.87 6.15 5.90
55.56 556.16 623.06 5.00 5.00 18.00 10.50 9.41 7.68 7.64
51.33 596.20 493.57 4.00 7.00 21.00 10.25 8.04 5.63 12.26
69.97 358.09 749.86 3.00 3.00 24.00 9.97 8.97 3.92 10.18
64.89 431.40 681.52 2.00 4.00 23.00 10.27 8.79 3.85 3.70
44.92 693.81 546.18 1.00 8.00 7.00 10.51 10.19 18.85 0.00
44.89 656.68 529.98 3.00 10.00 7.00 9.95 9.90 22.26 3.66
38.00 712.32 420.86 4.00 14.00 5.00 9.60 9.31 19.37 6.59
39.56 655.74 433.19 5.00 18.00 8.00 9.07 9.20 7.55 5.90
64.56 319.03 646.68 5.00 15.00 21.00 7.54 8.39 7.55 13.58
60.58 376.51 627.46 3.00 16.00 20.00 8.00 8.69 7.37 21.42
52.97 516.58 487.87 2.00 15.00 22.00 9.19 7.70 0.80 16.35
64.36 407.34 623.64 2.00 10.00 24.00 9.57 8.11 2.38 4.10
51.33 513.86 537.57 3.00 13.00 14.00 8.83 8.79 3.34 11.77
53.92 505.53 516.25 3.00 11.00 15.00 9.19 8.03 3.77 11.44
53.64 415.37 518.23 4.00 17.00 15.00 7.51 8.11 0.93 10.83
58.17 384.31 515.94 3.00 16.00 19.00 7.70 7.43 6.76 9.01
49.25 481.61 416.71 3.00 21.00 18.00 7.94 7.09 4.98 11.89
62.50 333.78 453.92 2.00 17.00 32.00 7.43 6.07 4.77 0.52
77.28 226.85 503.40 1.00 8.00 52.00 8.33 5.43 0.00 0.00
72.03 279.71 395.91 1.00 8.00 54.00 8.35 4.58 0.00 0.00
85.31 163.80 491.39 1.00 3.00 60.00 9.32 4.80 0.00 0.00
81.03 208.89 495.51 1.00 4.00 57.00 9.22 5.10 6.25 0.00
71.72 281.48 533.80 3.00 6.00 36.00 8.33 6.22 6.70 17.05
75.25 244.25 599.68 3.00 6.00 36.00 8.27 6.66 5.55 18.31
67.75 315.90 538.03 3.00 10.00 33.00 8.20 6.64 8.37 16.30
72.03 270.71 548.63 3.00 9.00 38.00 8.11 6.37 10.18 17.36
81.33 198.22 498.83 1.00 7.00 62.00 8.89 5.12 0.00 0.00
83.83 158.43 431.72 1.00 7.00 77.00 8.21 4.30 0.00 0.00
97.53 6.51 488.47 0.00 2.00 91.00 2.22 4.18 0.00 0.00
78.53 59.18 411.33 1.00 19.00 72.00 2.30 4.38 2.02 0.00
53.53 225.74 290.62 1.00 33.00 46.00 4.05 4.54 17.02 0.00
30.50 381.43 211.65 2.00 43.00 20.00 4.58 5.81 30.83 2.42
32.97 374.92 327.75 2.00 41.00 6.00 4.67 8.35 0.00 12.58
29.44 497.67 266.93 1.00 36.00 8.00 5.89 7.60 0.00 0.00
