45.29 1969.03 1631.48 10.00 82.00 84.00 7.57 7.62 14.16 21.37
48.96 1848.62 1585.74 9.00 76.00 111.00 7.61 6.83 13.75 31.04
53.33 1634.10 1686.85 8.00 73.00 129.00 7.36 6.68 12.65 41.55
55.97 1607.51 1824.27 9.00 60.00 130.00 7.68 6.89 11.49 39.64
58.41 1551.37 1985.59 9.00 53.00 129.00 7.86 7.20 10.67 39.15
60.31 1424.50 2035.72 8.00 54.00 136.00 7.56 7.14 10.21 40.51
58.53 1517.74 1950.55 8.00 57.00 137.00 7.71 7.05 9.20 40.92
61.02 1431.73 2040.10 8.00 52.00 139.00 7.74 7.08 7.03 40.32
63.04 1321.38 2069.92 8.00 53.00 147.00 7.53 6.95 7.02 39.45
66.88 1193.43 2152.84 8.00 48.00 162.00 7.60 6.81 7.33 38.35
69.23 1107.16 2180.34 7.00 48.00 166.00 7.59 6.66 8.43 40.79
69.47 1098.90 2167.78 8.00 48.00 168.00 7.58 6.58 8.00 38.89
73.09 986.59 2250.04 8.00 39.00 181.00 7.71 6.49 7.47 38.77
76.20 885.27 2280.70 8.00 31.00 198.00 7.83 6.31 7.12 38.58
78.32 771.09 2300.56 7.00 30.00 214.00 7.49 6.19 7.12 24.40
78.32 771.09 2301.51 7.00 30.00 211.00 7.49 6.20 7.12 33.70
78.32 771.09 2335.21 7.00 30.00 205.00 7.49 6.29 7.12 43.55
77.05 822.34 2452.83 7.00 31.00 182.00 7.54 6.73 7.25 51.58
75.38 896.19 2448.19 8.00 32.00 172.00 7.67 6.87 7.06 49.11
79.02 785.57 2412.12 7.00 25.00 193.00 7.89 6.45 7.62 49.47
80.85 697.34 2307.10 6.00 23.00 223.00 7.66 6.01 7.62 53.33
84.23 581.72 2348.65 6.00 18.00 242.00 7.77 5.88 3.44 56.17
87.29 452.69 2338.71 5.00 15.00 266.00 7.50 5.64 3.44 64.01
89.67 375.34 2257.87 5.00 11.00 288.00 7.65 5.29 3.37 70.51
93.23 272.30 2353.25 4.00 6.00 292.00 8.47 5.30 3.54 75.63
