37.42 1969.03 1388.79 10.00 82.00 31.00 7.57 9.01 14.16 8.91
41.63 1848.62 1409.80 9.00 76.00 54.00 7.61 8.18 13.75 14.15
46.83 1626.53 1415.87 8.00 73.00 83.00 7.36 7.30 10.43 22.92
54.02 1489.38 1502.55 8.00 53.00 111.00 7.79 6.71 10.43 32.24
58.73 1352.51 1597.76 7.00 44.00 128.00 7.89 6.57 13.11 43.49
60.60 1220.59 1686.14 7.00 48.00 129.00 7.45 6.72 11.73 43.31
59.94 1273.09 1713.49 7.00 49.00 126.00 7.66 6.92 9.53 43.46
61.70 1225.42 1748.91 7.00 45.00 132.00 7.70 6.84 5.64 43.09
64.58 1141.05 1844.67 7.00 44.00 136.00 7.75 6.89 6.92 41.94
66.42 1075.11 1912.32 6.00 42.00 137.00 7.72 6.97 8.07 42.20
66.31 1046.13 1892.66 6.00 47.00 139.00 7.49 6.91 7.45 43.86
68.38 988.04 1880.19 7.00 44.00 152.00 7.53 6.64 6.80 40.90
71.96 907.93 1899.55 6.00 36.00 162.00 7.78 6.36 7.84 43.17
73.51 871.72 1956.72 7.00 31.00 163.00 7.92 6.41 7.68 41.00
75.22 771.09 2001.90 7.00 30.00 167.00 7.49 6.41 7.12 13.27
75.21 771.09 1990.37 7.00 30.00 165.00 7.49 6.38 7.12 16.60
75.21 771.09 2057.51 7.00 30.00 162.00 7.49 6.60 7.12 24.40
75.21 771.09 2125.65 7.00 30.00 155.00 7.49 6.83 7.12 33.70
75.42 763.51 2064.66 7.00 30.00 159.00 7.48 6.61 7.62 43.55
78.13 704.14 2131.17 6.00 24.00 163.00 7.75 6.59 8.36 53.42
78.11 697.34 2060.30 6.00 23.00 171.00 7.66 6.37 7.62 54.52
81.96 581.72 2062.54 6.00 18.00 186.00 7.77 6.07 3.44 52.75
85.46 452.69 2069.85 5.00 15.00 212.00 7.50 5.84 3.44 56.69
88.19 375.34 2057.46 5.00 11.00 235.00 7.65 5.61 3.37 59.26
92.26 272.30 2113.72 4.00 6.00 255.00 8.47 5.50 3.54 61.01
92.47 257.10 2017.35 3.00 6.00 263.00 8.20 5.23 3.54 70.26
93.75 210.98 2065.57 3.00 5.00 265.00 8.10 5.29 4.33 78.31
