28.46 1278.85 682.68 6.00 55.00 6.00 7.51 10.21 18.11 6.41
27.77 1301.44 635.92 6.00 54.00 7.00 7.56 9.68 18.02 6.40
29.94 1211.79 644.17 6.00 52.00 12.00 7.25 9.10 12.18 6.32
38.33 1147.85 825.37 6.00 34.00 17.00 7.85 9.15 12.49 10.15
38.38 1129.44 835.54 6.00 35.00 16.00 7.76 9.28 12.08 10.16
42.72 988.17 898.29 5.00 39.00 21.00 7.29 8.95 11.56 10.66
41.04 1066.67 812.00 5.00 40.00 26.00 7.65 8.42 8.14 10.38
50.94 903.37 901.66 5.00 32.00 49.00 7.77 7.48 3.47 16.45
62.13 689.98 948.81 4.00 27.00 78.00 7.69 6.44 2.76 25.98
70.21 546.76 949.82 3.00 22.00 104.00 7.75 5.71 2.15 38.40
76.79 422.31 1042.53 2.00 21.00 116.00 7.69 5.73 12.53 57.25
73.48 459.50 998.90 3.00 25.00 113.00 7.29 5.72 8.01 56.98
78.28 421.93 1149.57 3.00 18.00 113.00 8.16 6.19 5.52 57.76
77.78 436.23 1137.43 3.00 14.00 115.00 8.25 6.15 1.46 55.13
75.90 451.07 1138.49 3.00 17.00 110.00 7.85 6.31 8.19 9.75
71.08 528.36 1138.29 3.00 20.00 89.00 7.69 6.79 7.88 10.06
63.94 631.40 1120.68 4.00 26.00 69.00 7.38 7.44 6.86 10.58
63.54 646.67 1202.95 5.00 26.00 58.00 7.48 8.05 6.76 9.72
61.68 684.85 1137.80 5.00 27.00 50.00 7.54 7.82 8.24 15.36
65.44 639.33 1168.88 5.00 23.00 55.00 7.81 7.56 9.04 13.73
67.89 564.66 1100.40 5.00 21.00 68.00 7.41 6.83 8.34 13.70
74.62 449.04 1143.27 5.00 16.00 83.00 7.47 6.46 3.54 17.21
80.75 320.01 1161.83 4.00 13.00 104.00 7.02 6.07 3.54 29.05
85.53 242.66 1163.22 4.00 9.00 122.00 7.08 5.72 3.11 40.70
92.65 139.62 1214.53 3.00 4.00 136.00 8.04 5.51 2.18 53.04
90.48 175.67 1249.88 2.00 5.00 124.00 7.76 5.81 2.07 74.48
89.04 210.98 1310.38 3.00 5.00 122.00 8.10 6.21 4.33 70.43
92.57 145.96 1243.24 2.00 2.00 138.00 8.25 5.67 0.00 59.92
93.80 132.68 1206.70 1.00 2.00 155.00 8.96 5.42 0.00 0.00
93.80 132.68 1205.31 1.00 2.00 158.00 8.96 5.41 0.00 0.00
93.80 132.68 1176.79 1.00 2.00 161.00 8.96 5.28 0.00 0.00
93.80 132.68 1094.65 1.00 2.00 166.00 8.96 4.90 0.00 0.00
93.80 132.68 1138.12 1.00 2.00 156.00 8.96 5.09 0.00 0.00
