33.92 1753.52 1140.23 9.00 73.00 18.00 7.46 9.54 14.92 8.74
34.66 1734.34 1119.62 8.00 74.00 22.00 7.45 9.14 14.49 9.69
37.91 1626.53 1173.18 8.00 73.00 30.00 7.36 8.75 10.43 9.37
46.30 1489.38 1326.61 8.00 53.00 54.00 7.79 8.09 10.43 14.43
52.06 1344.94 1326.78 7.00 44.00 82.00 7.88 7.18 11.03 23.74
59.11 1102.45 1364.41 6.00 41.00 110.00 7.57 6.50 11.03 35.17
60.57 1074.24 1325.67 5.00 40.00 125.00 7.65 6.17 12.54 49.52
62.26 1021.51 1399.32 6.00 39.00 125.00 7.59 6.32 7.91 46.53
67.24 896.41 1607.61 6.00 36.00 125.00 7.69 6.74 6.40 44.84
68.11 868.80 1621.13 5.00 35.00 130.00 7.66 6.71 6.55 45.79
68.66 865.80 1667.42 5.00 38.00 128.00 7.77 6.84 7.58 47.52
68.11 869.72 1639.67 5.00 38.00 127.00 7.66 6.79 7.71 45.77
69.02 846.90 1611.88 5.00 35.00 135.00 7.66 6.57 6.92 47.20
72.92 760.86 1669.14 6.00 27.00 147.00 7.89 6.44 6.76 43.58
74.26 692.42 1651.41 5.00 27.00 148.00 7.55 6.26 7.63 15.36
71.91 757.53 1666.39 6.00 30.00 130.00 7.57 6.52 7.68 14.32
71.07 771.09 1758.84 7.00 30.00 115.00 7.49 6.97 7.12 13.27
71.05 771.09 1814.52 7.00 30.00 109.00 7.49 7.20 7.12 16.60
71.30 763.51 1786.96 7.00 30.00 116.00 7.48 7.06 7.62 24.40
76.17 652.89 1804.00 6.00 23.00 136.00 7.70 6.68 8.34 34.22
78.61 564.66 1676.78 5.00 21.00 158.00 7.41 5.99 8.34 48.47
81.41 500.29 1781.59 5.00 17.00 156.00 7.56 6.16 3.83 57.70
83.03 452.69 1823.05 5.00 15.00 160.00 7.50 6.19 3.44 59.00
86.21 375.34 1771.35 5.00 11.00 179.00 7.65 5.77 3.37 56.60
90.96 272.30 1844.86 4.00 6.00 201.00 8.47 5.69 3.54 55.45
91.22 257.10 1816.94 3.00 6.00 210.00 8.20 5.58 3.54 61.21
92.70 210.98 1826.04 3.00 5.00 228.00 8.10 5.52 4.33 64.35
95.05 145.96 1729.76 2.00 2.00 247.00 8.25 5.10 0.00 0.08
95.87 132.68 1715.09 1.00 2.00 246.00 8.96 5.01 0.00 0.00
