51.72 2175.45 2290.28 12.00 91.00 131.00 7.58 7.50 13.76 35.17
51.95 2170.67 2257.05 11.00 89.00 137.00 7.60 7.34 13.42 36.43
53.14 2077.60 2311.74 11.00 90.00 141.00 7.46 7.35 10.20 36.13
56.22 2017.73 2465.04 11.00 73.00 144.00 7.77 7.43 10.33 35.89
56.81 1976.34 2447.90 11.00 70.00 151.00 7.71 7.30 10.03 35.72
60.88 1749.12 2567.43 11.00 67.00 168.00 7.54 7.14 9.96 35.14
61.01 1759.09 2463.47 10.00 67.00 175.00 7.61 6.83 10.08 37.21
63.53 1660.91 2568.20 11.00 62.00 180.00 7.68 6.83 8.03 35.71
67.50 1461.06 2708.08 11.00 57.00 193.00 7.58 6.78 7.92 34.47
70.72 1317.84 2764.40 10.00 52.00 213.00 7.59 6.61 8.19 35.21
73.50 1185.82 2829.49 9.00 51.00 232.00 7.55 6.50 8.19 39.31
75.09 1112.45 2802.89 9.00 48.00 249.00 7.52 6.30 7.47 43.61
78.48 986.59 2826.41 8.00 39.00 271.00 7.71 6.07 7.47 51.23
79.96 936.53 2919.02 8.00 32.00 271.00 7.86 6.16 7.25 56.78
80.17 903.76 2961.79 8.00 32.00 270.00 7.67 6.24 6.66 49.11
80.17 903.76 2909.64 8.00 32.00 268.00 7.67 6.13 6.66 48.25
80.17 903.76 2965.53 8.00 32.00 270.00 7.67 6.24 6.66 49.41
80.17 903.76 3019.89 8.00 32.00 268.00 7.67 6.36 6.66 52.46
80.32 896.19 2963.85 8.00 32.00 278.00 7.67 6.22 7.06 57.08
83.24 785.57 2898.64 7.00 25.00 302.00 7.89 5.87 7.62 64.05
84.70 697.34 2815.49 6.00 23.00 314.00 7.66 5.59 7.62 74.75
