30.84 1554.29 859.78 8.00 61.00 13.00 7.54 9.47 15.78 5.61
33.38 1507.10 908.57 7.00 57.00 17.00 7.62 9.23 16.25 9.71
33.81 1411.03 924.62 7.00 64.00 17.00 7.19 9.30 11.27 9.62
38.88 1375.09 1036.42 7.00 51.00 22.00 7.60 9.07 11.04 9.94
42.38 1344.94 1084.09 7.00 44.00 29.00 7.88 8.69 11.03 9.54
50.86 1102.45 1188.47 6.00 41.00 53.00 7.57 7.92 11.03 15.02
52.92 1066.67 1054.69 5.00 40.00 79.00 7.65 6.74 8.14 26.86
60.81 903.37 1077.60 5.00 32.00 106.00 7.77 5.97 3.47 38.22
69.44 697.55 1219.79 4.00 27.00 124.00 7.70 5.93 11.01 50.95
70.07 664.89 1271.55 4.00 29.00 123.00 7.49 6.13 9.47 50.58
72.67 621.16 1430.35 4.00 30.00 117.00 7.68 6.67 7.08 52.02
70.46 663.41 1348.48 4.00 31.00 120.00 7.56 6.46 4.81 50.44
72.35 666.57 1386.63 4.00 26.00 124.00 8.09 6.45 7.53 51.85
73.50 642.54 1428.62 4.00 21.00 122.00 8.16 6.57 7.88 49.34
71.19 631.40 1363.74 4.00 26.00 121.00 7.38 6.47 6.86 10.58
70.87 646.67 1378.80 5.00 26.00 114.00 7.48 6.59 6.76 9.72
69.08 692.42 1408.35 5.00 27.00 96.00 7.55 6.90 7.63 15.36
66.26 757.53 1490.54 6.00 30.00 74.00 7.57 7.62 7.68 14.32
65.55 763.51 1488.29 7.00 30.00 69.00 7.48 7.68 7.62 13.27
71.37 652.89 1492.86 6.00 23.00 90.00 7.70 7.07 8.34 15.72
74.32 564.66 1399.07 5.00 21.00 115.00 7.41 6.34 8.34 26.31
79.72 449.04 1454.41 5.00 16.00 129.00 7.47 6.16 3.54 37.10
84.62 320.01 1439.53 4.00 13.00 147.00 7.02 5.74 3.54 52.98
86.40 293.91 1490.40 4.00 10.00 149.00 7.29 5.81 3.22 62.97
89.15 272.30 1598.05 4.00 6.00 149.00 8.47 6.05 3.54 61.45
89.45 257.10 1530.83 3.00 6.00 154.00 8.20 5.77 3.54 64.46
91.24 210.98 1557.18 3.00 5.00 174.00 8.10 5.75 4.33 61.24
94.06 145.96 1529.35 2.00 2.00 194.00 8.25 5.48 0.00 29.92
95.04 132.68 1475.56 1.00 2.00 209.00 8.96 5.22 0.00 0.00
95.05 132.68 1405.72 1.00 2.00 211.00 8.96 4.97 0.00 0.00
95.05 132.68 1416.32 1.00 2.00 198.00 8.96 5.01 0.00 0.00
