32.62 902.36 576.25 5.00 42.00 5.00 7.48 9.99 18.09 3.52
29.23 945.25 508.14 4.00 43.00 5.00 7.47 9.83 17.39 6.52
26.47 936.35 467.07 4.00 46.00 5.00 7.13 9.99 15.80 7.68
32.46 942.20 552.72 5.00 31.00 7.00 7.82 9.62 14.28 6.88
34.70 930.21 555.08 5.00 23.00 11.00 7.98 9.04 13.20 6.81
43.27 760.93 687.24 4.00 22.00 16.00 7.56 9.01 13.02 11.55
35.23 851.16 563.44 4.00 31.00 13.00 7.43 9.12 8.95 11.27
40.12 789.09 611.48 4.00 30.00 17.00 7.43 8.63 5.22 11.57
49.39 689.98 706.12 4.00 27.00 25.00 7.69 8.09 2.76 8.05
60.19 546.76 773.88 3.00 22.00 47.00 7.75 7.26 2.15 10.55
69.48 414.73 771.55 2.00 21.00 70.00 7.67 6.26 2.15 27.70
74.81 341.37 677.17 2.00 18.00 94.00 7.61 5.06 0.00 42.70
85.57 223.08 761.75 1.00 9.00 112.00 8.64 4.97 12.08 0.00
84.20 232.32 787.85 2.00 8.00 108.00 8.23 5.23 3.42 63.18
84.99 206.43 901.43 2.00 9.00 99.00 7.71 5.96 0.88 4.03
75.99 322.05 847.10 2.00 13.00 82.00 7.51 6.27 1.46 10.97
67.83 451.07 895.43 3.00 17.00 58.00 7.85 7.44 8.19 9.75
61.36 528.36 962.43 3.00 20.00 33.00 7.69 8.93 7.88 10.06
52.32 623.83 850.13 4.00 26.00 23.00 7.37 9.23 7.22 10.58
61.53 528.47 881.29 4.00 19.00 39.00 7.75 8.12 7.64 8.61
63.51 486.00 749.92 3.00 18.00 49.00 7.48 6.65 9.17 16.59
67.81 435.49 819.29 4.00 16.00 48.00 7.62 6.80 4.69 15.24
74.32 320.01 863.16 4.00 13.00 57.00 7.02 6.55 3.54 15.18
80.69 242.66 852.08 4.00 9.00 76.00 7.08 5.91 3.11 19.20
90.19 139.62 936.83 3.00 4.00 93.00 8.04 5.82 2.18 26.56
90.70 124.42 922.71 2.00 4.00 97.00 7.51 5.71 2.18 47.53
93.67 78.30 926.86 2.00 3.00 109.00 6.97 5.55 0.00 62.53
94.97 64.53 962.29 1.00 1.00 108.00 7.20 5.70 0.00 0.00
91.72 132.68 959.89 1.00 2.00 103.00 8.96 5.90 0.00 0.00
91.73 132.68 919.20 1.00 2.00 102.00 8.96 5.64 0.00 0.00
91.73 132.68 907.93 1.00 2.00 107.00 8.96 5.57 0.00 0.00
91.73 132.68 894.23 1.00 2.00 113.00 8.96 5.47 0.00 0.00
91.73 132.68 898.59 1.00 2.00 119.00 8.96 5.49 0.00 0.00
95.13 81.28 767.47 1.00 1.00 139.00 9.34 4.51 0.00 0.00
100.00 0.00 755.19 0.00 0.00 143.00 0.00 4.20 0.00 0.00
