25.06 623.81 304.70 3.00 38.00 2.00 6.97 10.35 20.09 0.97
18.69 746.17 221.11 3.00 35.00 1.00 7.67 9.99 12.03 2.01
31.71 559.86 360.64 3.00 33.00 4.00 6.86 9.59 12.17 3.95
37.01 586.00 424.95 3.00 20.00 5.00 7.84 9.78 10.20 6.81
31.89 654.76 377.98 3.00 17.00 4.00 8.10 10.11 17.26 8.72
36.90 555.28 414.59 3.00 19.00 6.00 7.41 9.52 15.09 8.68
28.15 651.93 282.99 3.00 19.00 8.00 7.63 8.54 10.32 4.27
39.65 561.85 400.43 3.00 13.00 12.00 7.87 8.56 5.82 12.62
44.92 474.48 457.56 3.00 18.00 12.00 7.32 8.69 3.33 10.84
48.58 432.47 483.70 2.00 20.00 15.00 7.15 8.51 7.22 4.28
54.01 414.73 528.86 2.00 21.00 17.00 7.67 8.36 2.15 2.30
62.17 341.37 501.23 2.00 18.00 37.00 7.61 6.79 0.00 12.70
79.11 215.50 490.77 1.00 9.00 66.00 8.63 5.19 0.00 0.00
91.56 114.19 466.12 1.00 1.00 89.00 11.38 4.25 0.00 0.00
99.25 7.57 513.61 0.00 0.00 98.00 8.74 4.33 0.00 0.00
84.75 118.13 497.51 1.00 7.00 75.00 6.49 4.93 3.42 0.00
77.45 206.43 658.37 2.00 9.00 47.00 7.71 7.22 0.88 4.03
63.92 322.05 671.24 2.00 13.00 26.00 7.51 8.93 1.46 10.97
52.40 443.50 624.88 3.00 17.00 12.00 7.84 10.11 8.22 9.75
57.24 410.16 640.78 2.00 13.00 14.00 8.13 9.58 9.73 0.62
50.43 424.97 462.24 2.00 17.00 22.00 7.22 7.78 7.90 10.17
63.16 324.62 531.71 3.00 12.00 32.00 7.46 7.16 0.85 8.74
70.97 241.35 512.67 2.00 10.00 38.00 7.04 6.13 4.43 20.32
73.55 229.11 528.10 3.00 9.00 41.00 7.31 6.01 4.41 17.48
85.28 139.62 638.16 3.00 4.00 46.00 8.04 6.28 2.18 14.03
86.03 124.42 611.57 2.00 4.00 51.00 7.51 5.96 2.18 17.53
90.49 78.30 649.16 2.00 3.00 66.00 6.97 6.02 0.00 32.53
97.55 13.28 635.12 1.00 0.00 81.00 4.58 5.50 0.00 0.00
100.00 0.00 576.37 0.00 0.00 90.00 0.00 4.85 0.00 0.00
94.92 51.25 638.25 0.00 1.00 72.00 8.45 5.67 0.00 0.00
87.58 132.68 661.13 1.00 2.00 55.00 8.96 6.41 0.00 0.00
87.58 132.68 608.12 1.00 2.00 57.00 8.96 5.86 0.00 0.00
87.58 132.68 629.73 1.00 2.00 65.00 8.96 6.06 0.00 0.00
92.69 81.28 567.06 1.00 1.00 86.00 9.34 5.14 0.00 0.00
100.00 0.00 515.66 0.00 0.00 106.00 0.00 4.30 0.00 0.00
100.00 0.00 486.52 0.00 0.00 108.00 0.00 4.06 0.00 0.00
100.00 0.00 508.32 0.00 0.00 91.00 0.00 4.25 0.00 0.00
