51.23 1976.60 1902.46 10.00 82.00 130.00 7.57 6.98 15.32 38.23
51.26 1966.76 1907.46 10.00 83.00 130.00 7.54 6.98 14.70 38.15
53.64 1832.95 2074.67 10.00 82.00 130.00 7.39 7.27 10.44 37.70
56.22 1811.42 2173.85 10.00 66.00 137.00 7.74 7.27 10.09 37.63
57.33 1796.01 2222.65 10.00 61.00 140.00 7.88 7.29 10.46 37.35
59.86 1630.81 2326.91 9.00 61.00 143.00 7.61 7.32 10.49 38.20
57.83 1698.07 2175.80 9.00 66.00 148.00 7.54 7.08 9.27 38.72
62.02 1550.04 2280.61 10.00 58.00 164.00 7.65 6.91 6.51 36.76
66.00 1382.40 2357.59 9.00 54.00 174.00 7.62 6.71 8.07 37.53
68.01 1304.29 2440.42 9.00 52.00 178.00 7.64 6.74 8.68 36.76
70.54 1185.82 2530.82 9.00 51.00 185.00 7.55 6.74 8.19 36.95
72.31 1112.45 2491.76 9.00 48.00 203.00 7.52 6.46 7.47 36.97
76.08 986.59 2548.70 8.00 39.00 228.00 7.71 6.27 7.47 40.87
78.86 885.27 2591.84 8.00 31.00 244.00 7.83 6.16 7.12 45.27
80.74 771.09 2578.27 7.00 30.00 257.00 7.49 5.98 7.12 43.55
79.61 822.34 2628.69 7.00 31.00 238.00 7.54 6.19 7.25 51.58
77.96 903.76 2718.73 8.00 32.00 218.00 7.67 6.55 6.66 49.11
77.96 903.76 2733.78 8.00 32.00 212.00 7.67 6.59 6.66 48.25
78.13 896.19 2694.99 8.00 32.00 224.00 7.67 6.47 7.06 49.41
81.36 785.57 2698.23 7.00 25.00 249.00 7.89 6.22 7.62 53.23
82.99 697.34 2575.96 6.00 23.00 277.00 7.66 5.81 7.62 60.96
85.99 581.72 2549.06 6.00 18.00 295.00 7.77 5.55 3.44 67.28
88.71 452.69 2578.24 5.00 15.00 303.00 7.50 5.44 3.44 78.31
