30.84 1554.29 859.78 8.00 61.00 13.00 7.54 9.47 15.78 5.61
33.81 1411.03 924.62 7.00 64.00 17.00 7.19 9.30 11.27 9.62
42.38 1344.94 1084.09 7.00 44.00 29.00 7.88 8.69 11.03 9.54
52.92 1066.67 1054.69 5.00 40.00 79.00 7.65 6.74 8.14 26.86
69.44 697.55 1219.79 4.00 27.00 124.00 7.70 5.93 11.01 50.95
72.67 621.16 1430.35 4.00 30.00 117.00 7.68 6.67 7.08 52.02
72.35 666.57 1386.63 4.00 26.00 124.00 8.09 6.45 7.53 51.85
71.19 631.40 1363.74 4.00 26.00 121.00 7.38 6.47 6.86 10.58
69.08 692.42 1408.35 5.00 27.00 96.00 7.55 6.90 7.63 15.36
65.55 763.51 1488.29 7.00 30.00 69.00 7.48 7.68 7.62 13.27
74.32 564.66 1399.07 5.00 21.00 115.00 7.41 6.34 8.34 26.31
84.62 320.01 1439.53 4.00 13.00 147.00 7.02 5.74 3.54 52.98
89.15 272.30 1598.05 4.00 6.00 149.00 8.47 6.05 3.54 61.45
91.24 210.98 1557.18 3.00 5.00 174.00 8.10 5.75 4.33 61.24
95.04 132.68 1475.56 1.00 2.00 209.00 8.96 5.22 0.00 0.00
95.05 132.68 1416.32 1.00 2.00 198.00 8.96 5.01 0.00 0.00
