28.11 2361.51 1261.41 9.00 87.00 14.00 7.86 10.85 10.15 9.87
33.53 2204.12 1480.37 10.00 82.00 18.00 7.97 10.73 10.01 9.75
34.82 2300.24 1535.99 10.00 70.00 18.00 8.48 10.72 9.50 10.32
39.52 2239.43 1667.51 11.00 52.00 22.00 8.90 10.24 10.67 9.95
34.24 2341.47 1372.22 10.00 61.00 22.00 8.55 9.70 9.33 10.19
36.05 2230.19 1406.00 10.00 60.00 23.00 8.37 9.44 12.78 9.68
39.70 2083.16 1484.32 9.00 58.00 25.00 8.31 9.07 13.27 12.82
44.24 1916.86 1642.77 9.00 57.00 29.00 8.27 9.01 13.49 17.10
40.97 2035.82 1504.92 7.00 65.00 28.00 8.28 8.88 10.96 17.43
40.38 1906.62 1478.68 6.00 69.00 28.00 7.68 8.86 16.90 16.14
40.17 1905.70 1455.93 6.00 69.00 29.00 7.65 8.78 24.16 16.31
44.72 1757.36 1573.92 6.00 61.00 33.00 7.67 8.56 26.90 14.84
50.24 1568.24 1620.82 6.00 56.00 44.00 7.60 7.83 29.11 16.37
45.19 1739.08 1424.11 5.00 58.00 39.00 7.65 7.65 27.03 18.56
43.16 1743.88 1345.78 6.00 63.00 38.00 7.40 7.57 28.34 20.73
43.81 1728.13 1290.22 5.00 60.00 43.00 7.44 7.16 30.45 18.57
43.50 1655.87 1268.36 6.00 65.00 43.00 7.09 7.09 28.41 20.54
46.01 1557.60 1238.55 5.00 64.00 65.00 6.97 6.54 31.45 16.97
53.25 1372.02 1426.20 5.00 54.00 77.00 7.10 6.51 31.45 19.58
57.66 1223.16 1505.32 4.00 51.00 86.00 6.99 6.35 31.45 30.52
57.61 1223.16 1438.36 4.00 51.00 94.00 6.99 6.08 31.45 41.72
60.29 1140.46 1367.02 4.00 47.00 116.00 6.95 5.52 20.39 54.07
67.54 894.43 1513.55 4.00 38.00 133.00 6.67 5.45 20.39 66.66
74.80 734.04 1716.78 4.00 29.00 145.00 7.05 5.58 20.39 79.38
76.27 642.21 1747.06 3.00 31.00 147.00 6.57 5.59 19.18 89.37
70.04 789.64 1569.38 2.00 39.00 141.00 6.37 5.45 10.19 100.95
63.24 920.32 1455.96 3.00 51.00 129.00 6.05 5.60 16.80 101.75
