22.97 1765.22 786.46 7.00 67.00 4.00 7.69 11.63 11.93 6.44
25.11 1744.27 845.99 8.00 67.00 6.00 7.82 11.44 11.15 6.13
27.46 1810.07 926.29 8.00 55.00 8.00 8.38 11.45 10.43 6.14
35.53 1704.35 1156.74 9.00 38.00 13.00 8.88 11.03 10.61 7.24
32.05 1803.01 966.12 8.00 41.00 14.00 8.89 10.18 10.05 9.95
38.25 1578.18 1123.25 8.00 41.00 18.00 8.60 9.99 9.95 9.96
35.33 1650.30 1036.71 7.00 44.00 16.00 8.59 9.98 8.87 11.36
41.91 1499.34 1168.22 8.00 40.00 20.00 8.70 9.47 10.39 10.74
37.35 1558.46 1030.38 6.00 49.00 19.00 8.35 9.34 5.59 10.75
40.45 1417.50 1099.75 6.00 47.00 20.00 7.99 9.20 10.38 8.81
46.02 1283.08 1197.14 5.00 43.00 23.00 8.01 8.83 11.49 10.00
50.23 1194.46 1296.06 4.00 38.00 25.00 8.09 8.77 13.84 14.92
47.86 1251.17 1215.76 4.00 42.00 23.00 8.09 8.63 11.28 14.92
39.77 1359.12 985.25 3.00 49.00 18.00 7.60 8.42 18.78 17.23
39.88 1309.25 980.99 4.00 49.00 19.00 7.35 8.37 24.41 18.12
40.71 1297.51 939.47 4.00 46.00 21.00 7.38 7.84 31.38 17.88
49.01 1078.21 1011.11 4.00 41.00 34.00 7.13 6.99 34.91 19.65
43.44 1203.52 913.40 3.00 44.00 30.00 7.18 7.13 35.92 20.32
44.50 1206.11 939.67 4.00 43.00 30.00 7.33 7.16 34.90 24.64
49.21 1076.11 1006.76 3.00 41.00 38.00 7.21 7.01 36.19 16.99
40.61 1223.16 820.32 4.00 51.00 34.00 6.99 6.90 31.45 19.14
44.37 1140.46 764.00 4.00 47.00 56.00 6.95 5.86 20.39 14.74
54.53 894.43 951.65 4.00 38.00 68.00 6.67 5.95 20.39 20.14
64.69 734.04 1127.17 4.00 29.00 78.00 7.05 5.94 20.39 30.52
70.62 600.54 1179.93 3.00 25.00 88.00 6.96 5.72 20.39 39.89
72.06 577.66 1088.94 2.00 24.00 108.00 7.00 5.14 12.48 62.50
72.06 577.66 1108.20 2.00 24.00 112.00 7.00 5.23 12.48 77.50
81.18 354.07 1277.92 2.00 20.00 124.00 6.37 5.36 0.00 92.50
86.30 207.57 1382.27 1.00 17.00 128.00 5.16 5.49 8.67 0.00
77.29 359.03 1218.85 1.00 25.00 119.00 5.33 5.35 0.00 0.00
76.55 342.67 1198.91 1.00 27.00 119.00 4.93 5.31 0.00 0.00
