22.32 965.43 499.29 3.00 52.00 2.00 6.94 12.65 13.33 7.19
22.32 1021.34 499.29 3.00 48.00 2.00 7.34 12.65 9.09 7.19
29.87 1025.65 637.13 5.00 32.00 3.00 8.21 12.15 13.21 6.69
31.25 1156.78 663.37 6.00 17.00 3.00 9.45 12.09 12.80 6.83
26.13 1206.72 491.17 6.00 21.00 4.00 9.14 10.61 12.54 4.53
27.34 1118.33 488.87 6.00 26.00 6.00 8.61 10.09 11.53 4.31
23.41 1160.13 427.00 5.00 29.00 6.00 8.47 10.30 9.81 4.49
36.84 964.27 657.45 6.00 26.00 11.00 8.54 10.06 10.38 7.14
35.74 1020.01 624.27 4.00 29.00 11.00 8.83 9.78 5.91 12.11
47.09 765.49 817.00 4.00 28.00 15.00 8.12 9.84 2.46 9.24
42.92 850.22 749.53 3.00 29.00 14.00 8.37 9.91 2.00 9.20
50.34 776.94 821.51 3.00 21.00 16.00 8.79 9.25 9.73 6.56
46.40 773.81 741.22 3.00 26.00 14.00 8.11 9.06 4.46 6.56
39.48 870.00 606.32 3.00 27.00 10.00 8.07 8.72 12.78 6.45
49.48 686.63 722.20 3.00 23.00 13.00 7.68 8.31 12.22 8.67
47.23 734.61 661.61 2.00 23.00 13.00 7.80 7.89 17.54 19.93
44.23 761.14 606.06 2.00 27.00 13.00 7.65 7.72 6.42 19.93
33.26 823.56 474.54 1.00 35.00 9.00 6.91 8.03 0.00 0.00
39.94 771.48 574.88 2.00 29.00 11.00 7.21 8.13 0.00 23.83
47.58 645.50 656.00 2.00 27.00 16.00 6.97 7.87 42.53 3.85
47.90 645.50 563.07 2.00 27.00 25.00 6.97 6.65 42.53 18.85
39.02 786.39 438.86 2.00 27.00 21.00 7.25 6.35 11.55 20.38
40.79 728.52 465.13 3.00 27.00 21.00 6.92 6.44 24.97 22.33
55.31 586.99 628.61 3.00 19.00 30.00 7.51 6.53 23.77 16.99
50.81 600.54 561.89 3.00 25.00 28.00 6.96 6.34 20.39 20.87
53.40 577.66 485.92 2.00 24.00 48.00 7.00 5.16 12.48 3.30
53.40 577.66 546.31 2.00 24.00 47.00 7.00 5.82 12.48 18.30
68.60 354.07 688.31 2.00 20.00 57.00 6.37 5.70 0.00 33.30
83.60 165.91 815.14 1.00 11.00 69.00 5.77 5.60 0.00 0.00
85.46 147.04 738.41 1.00 10.00 86.00 5.68 4.87 0.00 0.00
100.00 0.00 851.15 0.00 0.00 102.00 0.00 4.80 0.00 0.00
100.00 0.00 952.71 0.00 0.00 88.00 0.00 5.38 0.00 0.00
93.51 41.67 895.74 0.00 6.00 81.00 3.64 5.45 0.00 0.00
76.54 211.99 720.29 0.00 15.00 71.00 5.12 5.36 0.00 0.00
60.98 342.67 580.87 1.00 27.00 60.00 4.93 5.37 0.00 0.00
