22.97 1765.22 786.46 7.00 67.00 4.00 7.69 11.63 11.93 6.44
27.46 1810.07 926.29 8.00 55.00 8.00 8.38 11.45 10.43 6.14
32.05 1803.01 966.12 8.00 41.00 14.00 8.89 10.18 10.05 9.95
35.33 1650.30 1036.71 7.00 44.00 16.00 8.59 9.98 8.87 11.36
37.35 1558.46 1030.38 6.00 49.00 19.00 8.35 9.34 5.59 10.75
46.02 1283.08 1197.14 5.00 43.00 23.00 8.01 8.83 11.49 10.00
47.86 1251.17 1215.76 4.00 42.00 23.00 8.09 8.63 11.28 14.92
39.88 1309.25 980.99 4.00 49.00 19.00 7.35 8.37 24.41 18.12
49.01 1078.21 1011.11 4.00 41.00 34.00 7.13 6.99 34.91 19.65
44.50 1206.11 939.67 4.00 43.00 30.00 7.33 7.16 34.90 24.64
40.61 1223.16 820.32 4.00 51.00 34.00 6.99 6.90 31.45 19.14
54.53 894.43 951.65 4.00 38.00 68.00 6.67 5.95 20.39 20.14
70.62 600.54 1179.93 3.00 25.00 88.00 6.96 5.72 20.39 39.89
72.06 577.66 1108.20 2.00 24.00 112.00 7.00 5.23 12.48 77.50
86.30 207.57 1382.27 1.00 17.00 128.00 5.16 5.49 8.67 0.00
76.55 342.67 1198.91 1.00 27.00 119.00 4.93 5.31 0.00 0.00
