34.47 3048.89 1983.60 12.00 110.00 27.00 7.82 9.76 12.49 11.87
37.64 2938.73 2142.05 12.00 105.00 31.00 7.93 9.66 12.76 15.55
37.64 3061.53 2142.05 12.00 97.00 31.00 8.26 9.66 12.56 15.55
37.64 3063.47 2142.05 12.00 87.00 31.00 8.26 9.66 17.04 15.55
35.95 3113.01 1947.10 12.00 90.00 33.00 8.17 9.18 20.91 15.63
39.48 2875.69 2062.79 12.00 87.00 39.00 8.01 8.88 22.64 15.01
42.16 2728.66 2047.82 11.00 85.00 50.00 7.95 8.24 23.71 18.12
42.67 2703.35 2081.63 11.00 84.00 50.00 7.95 8.28 22.64 18.58
40.92 2764.64 1970.05 10.00 92.00 49.00 7.87 8.15 23.70 19.03
44.80 2493.62 2107.29 9.00 88.00 58.00 7.64 8.01 25.41 16.55
43.32 2506.24 2017.90 9.00 94.00 57.00 7.47 7.93 24.16 17.72
47.31 2335.02 2060.06 8.00 85.00 81.00 7.49 7.41 24.16 14.90
51.19 2145.90 2167.42 8.00 80.00 91.00 7.43 7.20 25.50 17.88
52.19 2093.16 2112.42 7.00 78.00 96.00 7.40 6.89 25.50 26.38
55.17 1909.79 2160.99 7.00 74.00 107.00 7.22 6.68 26.65 34.83
56.35 1875.17 2028.63 6.00 70.00 129.00 7.26 6.12 26.65 46.87
60.51 1655.87 2119.61 6.00 65.00 146.00 7.09 5.95 28.41 57.44
62.27 1557.60 2191.33 5.00 64.00 154.00 6.97 5.98 31.45 71.36
65.30 1413.69 2322.01 5.00 60.00 158.00 6.90 6.06 30.96 77.95
63.31 1435.15 2225.61 4.00 66.00 157.00 6.63 5.99 28.14 86.58
58.63 1565.82 2019.32 5.00 78.00 154.00 6.40 5.86 29.96 83.75
