22.87 2125.86 926.29 8.00 81.00 8.00 7.70 11.45 10.43 6.14
29.58 1986.13 1156.74 9.00 74.00 13.00 7.88 11.03 10.61 7.24
32.82 2045.72 1261.41 9.00 61.00 14.00 8.51 10.85 10.15 9.87
39.17 1922.33 1480.37 10.00 46.00 18.00 8.87 10.73 10.01 9.75
34.51 2057.53 1240.70 9.00 50.00 18.00 8.81 10.17 9.23 10.57
38.81 1895.27 1310.38 9.00 47.00 22.00 8.68 9.54 10.78 10.13
34.88 1934.24 1168.22 8.00 55.00 20.00 8.32 9.47 9.51 10.74
38.16 1834.26 1263.84 9.00 53.00 21.00 8.31 9.36 13.27 10.19
42.56 1707.39 1346.47 7.00 52.00 24.00 8.33 8.93 11.19 12.59
47.16 1500.10 1478.68 6.00 51.00 28.00 7.96 8.86 12.64 16.14
43.58 1611.51 1355.59 5.00 56.00 27.00 8.01 8.79 10.63 16.02
41.79 1600.98 1296.06 4.00 56.00 25.00 7.71 8.77 17.95 14.92
43.17 1545.36 1316.10 5.00 55.00 25.00 7.63 8.63 25.44 16.39
43.51 1515.50 1263.11 5.00 54.00 26.00 7.56 8.26 29.11 16.00
48.69 1332.13 1285.70 5.00 50.00 38.00 7.32 7.49 31.38 17.93
43.13 1521.10 1100.47 4.00 50.00 34.00 7.51 7.19 28.89 20.30
42.51 1489.96 1071.19 5.00 54.00 34.00 7.27 7.10 30.31 22.68
44.18 1410.55 1103.16 4.00 54.00 39.00 7.15 7.10 36.19 18.83
45.33 1372.02 1136.85 5.00 54.00 39.00 7.10 7.14 31.45 21.91
50.49 1223.16 1142.15 4.00 51.00 64.00 6.99 6.43 31.45 14.74
50.64 1223.16 1109.67 4.00 51.00 72.00 6.99 6.21 31.45 20.14
53.77 1140.46 1127.17 4.00 47.00 78.00 6.95 5.94 20.39 30.52
62.04 894.43 1280.34 4.00 38.00 90.00 6.67 5.88 20.39 41.72
70.52 734.04 1367.02 4.00 29.00 116.00 7.05 5.52 20.39 54.07
75.60 600.54 1413.14 3.00 25.00 131.00 6.96 5.31 20.39 67.50
76.78 577.66 1438.70 2.00 24.00 137.00 7.00 5.30 12.48 92.50
73.43 619.33 1442.12 2.00 30.00 128.00 6.59 5.59 17.36 100.95
72.57 566.06 1408.61 2.00 35.00 128.00 5.84 5.52 6.33 100.95
72.20 508.57 1396.11 2.00 38.00 129.00 5.17 5.50 20.40 113.75
