22.35 1341.44 637.13 5.00 58.00 3.00 7.25 12.15 13.21 6.69
23.39 1438.56 663.37 6.00 53.00 3.00 7.89 12.09 12.80 6.83
28.75 1449.42 786.46 7.00 41.00 4.00 8.55 11.63 11.93 6.44
31.42 1462.49 845.99 8.00 31.00 6.00 8.96 11.44 11.15 6.13
25.17 1567.36 631.00 7.00 35.00 8.00 8.78 10.59 10.38 4.63
33.48 1360.20 799.61 7.00 33.00 13.00 8.57 10.07 10.75 6.69
32.45 1395.78 762.12 6.00 35.00 12.00 8.66 9.93 9.55 10.96
41.99 1182.25 981.09 7.00 34.00 16.00 8.60 9.96 9.54 10.65
38.52 1274.52 898.86 5.00 38.00 15.00 8.71 9.89 4.50 11.76
45.71 1082.58 1004.14 5.00 34.00 19.00 8.39 9.31 9.33 8.74
40.34 1134.15 881.05 4.00 40.00 18.00 7.99 9.26 3.89 8.37
42.59 1111.86 917.13 4.00 34.00 17.00 8.14 9.13 11.49 8.91
52.00 922.74 1057.31 4.00 29.00 19.00 8.12 8.65 12.78 8.01
49.82 952.60 985.25 3.00 31.00 18.00 8.02 8.42 15.47 17.23
44.93 1015.06 880.65 3.00 36.00 17.00 7.79 8.34 9.98 17.23
35.36 1141.13 661.61 2.00 41.00 13.00 7.41 7.89 17.07 19.93
38.11 1055.33 706.40 3.00 40.00 15.00 7.16 7.83 17.52 20.88
40.48 979.94 752.40 3.00 40.00 17.00 6.96 7.91 42.53 19.70
53.14 794.36 879.60 3.00 30.00 30.00 7.17 7.03 42.53 19.75
49.49 869.09 817.00 2.00 31.00 29.00 7.27 7.01 35.92 20.38
38.45 1057.25 623.15 3.00 40.00 25.00 7.22 6.86 34.90 22.33
41.21 993.42 628.61 3.00 37.00 30.00 7.19 6.53 23.77 16.99
42.94 894.43 662.30 4.00 38.00 30.00 6.67 6.61 20.39 19.14
55.69 734.04 764.00 4.00 29.00 56.00 7.05 5.86 20.39 14.74
63.33 600.54 851.25 3.00 25.00 66.00 6.96 5.74 20.39 15.58
65.19 577.66 849.09 2.00 24.00 70.00 7.00 5.52 12.48 33.30
64.95 577.66 875.00 2.00 24.00 69.00 7.00 5.77 12.48 47.50
76.38 354.07 928.16 2.00 20.00 95.00 6.37 5.19 0.00 62.50
87.77 165.91 1048.35 1.00 11.00 112.00 5.77 5.10 0.00 0.00
89.12 147.04 1088.17 1.00 10.00 115.00 5.68 5.15 0.00 0.00
95.16 41.67 1185.07 0.00 6.00 118.00 3.64 5.29 0.00 0.00
82.49 211.99 1083.39 0.00 15.00 92.00 5.12 5.59 0.00 0.00
70.60 342.67 909.59 1.00 27.00 82.00 4.93 5.48 0.00 0.00
