18.24 558.28 295.29 1.00 46.00 0.00 5.73 13.84 0.00 0.00
21.76 625.47 357.13 2.00 41.00 0.00 6.71 14.02 2.68 8.78
33.55 649.64 499.29 3.00 26.00 2.00 8.21 12.65 13.33 7.19
33.55 739.56 499.29 3.00 12.00 2.00 9.35 12.65 9.09 7.19
26.47 782.94 341.84 4.00 12.00 3.00 8.96 10.99 14.43 4.18
25.01 812.63 306.25 4.00 12.00 3.00 9.11 10.42 13.68 4.61
23.95 799.49 287.17 4.00 15.00 2.00 8.84 10.20 9.92 4.16
29.29 722.40 346.71 5.00 19.00 4.00 8.60 10.06 10.89 3.74
23.89 784.36 289.16 3.00 23.00 5.00 8.60 10.15 5.33 5.02
41.89 547.50 493.37 3.00 20.00 10.00 7.87 9.87 0.82 5.18
40.89 595.70 474.95 2.00 20.00 10.00 8.41 9.77 5.25 11.13
54.76 459.85 634.38 2.00 15.00 12.00 8.60 9.92 2.10 6.75
53.35 489.88 609.70 2.00 15.00 10.00 8.90 9.78 0.03 4.07
49.58 535.08 510.70 2.00 14.00 9.00 8.99 8.82 10.30 3.97
39.79 537.70 406.10 2.00 20.00 8.00 7.56 8.73 3.08 3.97
30.58 652.01 282.68 2.00 19.00 5.00 7.84 7.75 12.22 3.93
50.66 432.71 447.61 2.00 14.00 9.00 7.39 7.48 0.00 10.52
50.07 417.04 474.54 1.00 17.00 9.00 7.04 8.03 0.00 0.00
50.07 477.29 474.54 1.00 16.00 9.00 8.06 8.03 0.00 0.00
40.19 489.12 378.14 0.00 22.00 8.00 6.89 7.98 0.00 0.00
25.63 622.62 258.36 1.00 26.00 6.00 7.01 8.53 0.00 0.00
30.84 562.81 277.86 2.00 23.00 8.00 6.90 7.71 0.00 3.85
56.24 316.77 405.05 2.00 14.00 21.00 6.14 6.13 0.00 18.85
58.83 379.96 438.86 2.00 9.00 21.00 7.83 6.35 11.55 20.38
51.38 434.63 364.72 2.00 14.00 19.00 7.55 6.03 24.97 25.98
51.66 430.61 350.53 1.00 14.00 22.00 7.61 5.83 25.45 0.00
29.53 577.66 256.96 2.00 24.00 9.00 7.00 7.51 12.48 11.70
52.52 354.07 325.14 2.00 20.00 35.00 6.37 5.32 0.00 3.30
75.42 165.91 486.46 1.00 11.00 47.00 5.77 5.55 0.00 0.00
78.39 147.04 498.56 1.00 10.00 48.00 5.68 5.33 0.00 0.00
100.00 0.00 617.94 0.00 0.00 59.00 0.00 5.26 0.00 0.00
100.00 0.00 602.95 0.00 0.00 59.00 0.00 5.13 0.00 0.00
100.00 0.00 561.83 0.00 0.00 65.00 0.00 4.77 0.00 0.00
100.00 0.00 589.61 0.00 0.00 67.00 0.00 5.02 0.00 0.00
90.31 41.67 567.03 0.00 6.00 59.00 3.64 5.33 0.00 0.00
64.97 211.99 480.44 0.00 15.00 32.00 5.12 6.29 0.00 0.00
41.20 342.67 346.60 1.00 27.00 17.00 4.93 7.19 0.00 0.00
