30.44 2616.03 1535.99 10.00 96.00 18.00 7.90 10.72 9.50 10.32
34.55 2521.21 1667.51 11.00 88.00 22.00 8.09 10.24 10.67 9.95
34.55 2584.17 1667.51 11.00 81.00 22.00 8.30 10.24 9.73 9.95
37.01 2574.35 1763.13 12.00 65.00 23.00 8.59 10.11 12.49 9.56
38.54 2490.39 1688.31 11.00 64.00 27.00 8.52 9.28 12.23 12.31
41.62 2312.79 1784.93 10.00 64.00 31.00 8.33 9.09 13.15 16.34
38.67 2411.59 1642.77 9.00 71.00 29.00 8.27 9.01 13.26 17.10
38.67 2323.38 1642.77 9.00 75.00 29.00 7.97 9.01 18.64 17.10
38.32 2330.01 1605.26 8.00 78.00 30.00 7.93 8.87 22.81 16.83
43.10 2063.00 1756.54 8.00 74.00 36.00 7.64 8.65 25.05 14.75
46.72 1928.58 1760.65 7.00 70.00 48.00 7.63 7.99 26.90 16.91
46.03 1980.94 1734.92 6.00 65.00 46.00 7.73 8.00 25.22 16.94
45.21 1979.99 1680.89 7.00 69.00 44.00 7.62 7.89 27.05 19.30
45.53 1946.11 1613.86 6.00 68.00 48.00 7.57 7.57 28.62 17.19
43.94 1909.79 1542.95 7.00 74.00 47.00 7.22 7.49 26.65 19.04
45.45 1875.17 1425.61 6.00 70.00 69.00 7.26 6.66 26.65 16.95
50.65 1655.87 1557.72 6.00 65.00 81.00 7.09 6.53 28.41 20.07
52.84 1557.60 1601.72 5.00 64.00 87.00 6.97 6.44 31.45 27.70
59.03 1372.02 1754.88 5.00 54.00 99.00 7.10 6.34 31.45 37.36
62.90 1223.16 1745.17 4.00 51.00 124.00 6.99 5.91 31.45 54.07
62.98 1223.16 1671.57 4.00 51.00 137.00 6.99 5.64 31.45 66.66
65.32 1140.46 1716.78 4.00 47.00 145.00 6.95 5.58 20.39 79.38
69.13 936.10 1847.47 4.00 44.00 149.00 6.43 5.70 19.18 86.58
69.13 946.02 1847.47 4.00 44.00 149.00 6.50 5.70 18.49 86.58
66.98 943.20 1760.90 4.00 52.00 148.00 6.05 5.60 24.98 89.14
