0.00 315.73 0.00 0.00 25.00 0.00 5.27 0.00 0.00 0.00
0.00 281.34 0.00 0.00 36.00 0.00 4.69 0.00 0.00 0.00
36.69 242.48 295.29 1.00 20.00 0.00 6.47 13.84 0.00 0.00
43.76 343.69 357.13 2.00 5.00 0.00 10.35 14.02 2.68 8.78
30.44 406.93 204.00 2.00 6.00 2.00 9.79 11.25 16.15 4.93
23.44 395.40 142.16 1.00 7.00 2.00 8.62 10.15 0.00 0.00
22.44 375.71 137.85 2.00 6.00 1.00 8.21 10.63 2.57 2.73
26.61 416.70 164.09 3.00 5.00 1.00 9.63 10.65 11.16 2.97
25.44 423.71 149.33 2.00 9.00 1.00 9.49 9.82 5.32 5.17
31.94 305.64 182.62 2.00 13.00 3.00 7.50 9.58 0.00 3.22
22.33 360.05 139.83 1.00 14.00 4.00 7.74 10.51 0.00 0.00
51.83 241.86 310.74 1.00 7.00 7.00 8.38 10.07 0.00 0.00
59.44 235.36 335.12 1.00 6.00 6.00 9.70 9.49 0.00 0.00
57.75 217.99 323.57 1.00 8.00 5.00 8.85 9.79 0.00 0.00
47.09 253.77 274.59 1.00 9.00 4.00 8.25 10.14 0.00 0.00
41.61 317.09 187.07 1.00 6.00 4.00 9.09 7.54 11.92 0.00
32.67 283.78 131.52 1.00 11.00 4.00 7.04 6.76 0.00 0.00
19.56 334.44 95.62 1.00 13.00 1.00 6.93 8.20 0.00 0.00
68.99 148.86 316.09 1.00 3.00 5.00 8.16 7.82 0.00 0.00
81.23 82.60 378.14 0.00 4.00 8.00 7.51 7.98 0.00 0.00
31.46 328.43 158.02 0.00 13.00 4.00 8.02 8.48 0.00 0.00
0.00 406.42 0.00 0.00 18.00 0.00 6.78 0.00 0.00 0.00
19.78 293.89 100.34 1.00 13.00 2.00 6.15 8.60 0.00 0.00
62.67 156.38 277.86 2.00 5.00 8.00 7.24 7.71 0.00 3.85
93.44 22.88 304.64 1.00 1.00 19.00 6.02 5.61 0.00 0.00
55.11 223.58 160.78 0.00 4.00 13.00 8.31 4.87 0.00 0.00
10.39 411.75 59.79 1.00 13.00 0.00 7.66 9.69 0.00 0.00
48.05 207.03 189.75 1.00 10.00 9.00 6.99 6.99 0.00 0.00
49.62 165.91 197.11 1.00 11.00 9.00 5.77 7.04 0.00 0.00
56.78 147.04 135.39 1.00 10.00 26.00 5.68 3.98 0.00 0.00
100.00 0.00 289.26 0.00 0.00 37.00 0.00 4.85 0.00 0.00
100.00 0.00 363.10 0.00 0.00 21.00 0.00 6.10 0.00 0.00
100.00 0.00 328.62 0.00 0.00 22.00 0.00 5.68 0.00 0.00
100.00 0.00 239.85 0.00 0.00 38.00 0.00 4.14 0.00 0.00
100.00 0.00 233.11 0.00 0.00 43.00 0.00 3.89 0.00 0.00
100.00 0.00 349.76 0.00 0.00 28.00 0.00 5.87 0.00 0.00
80.35 41.67 332.76 0.00 6.00 16.00 3.64 7.17 0.00 0.00
28.95 211.99 130.62 0.00 15.00 4.00 5.12 7.79 0.00 0.00
3.11 300.93 13.84 1.00 21.00 1.00 5.18 7.55 0.00 0.00
