30.69 2899.97 1667.51 11.00 107.00 22.00 7.81 10.24 9.73 9.95
32.87 2856.13 1763.13 12.00 101.00 23.00 7.94 10.11 12.49 9.56
38.33 2733.10 1983.60 12.00 84.00 27.00 8.29 9.76 12.49 11.87
41.86 2656.95 2142.05 12.00 69.00 31.00 8.55 9.66 12.76 15.55
37.75 2818.82 1846.77 11.00 77.00 31.00 8.46 9.21 12.20 16.21
36.96 2719.31 1784.93 10.00 82.00 31.00 8.06 9.09 17.71 16.34
36.56 2705.78 1743.11 10.00 84.00 31.00 7.97 8.98 23.11 16.43
41.28 2479.77 1920.63 11.00 80.00 37.00 7.92 8.79 23.71 15.58
44.34 2352.89 1909.97 9.00 79.00 49.00 7.91 8.11 24.32 18.13
44.45 2286.59 1917.54 8.00 78.00 49.00 7.70 8.12 23.68 17.54
42.65 2340.33 1820.72 8.00 83.00 48.00 7.63 8.04 25.49 18.94
46.24 2187.97 1924.67 7.00 75.00 55.00 7.66 7.88 26.89 15.92
45.69 2145.90 1878.07 8.00 80.00 53.00 7.43 7.79 25.50 17.92
46.80 2093.16 1749.25 7.00 78.00 74.00 7.40 7.08 25.50 15.91
50.26 1909.79 1832.30 7.00 74.00 85.00 7.22 6.90 26.65 19.09
51.58 1875.17 1788.78 6.00 70.00 91.00 7.26 6.54 26.65 27.72
56.06 1655.87 1886.40 6.00 65.00 103.00 7.09 6.37 28.41 36.67
58.01 1557.60 1841.57 5.00 64.00 125.00 6.97 6.00 31.45 48.37
63.65 1372.02 1988.09 5.00 54.00 142.00 7.10 5.90 31.45 59.77
67.08 1223.16 2094.93 4.00 51.00 153.00 6.99 5.90 31.45 79.38
64.89 1264.83 2005.48 4.00 57.00 153.00 6.78 5.85 30.96 86.58
61.33 1352.45 1847.47 4.00 62.00 149.00 6.58 5.70 18.49 86.58
61.68 1237.10 1861.31 5.00 65.00 150.00 6.07 5.71 24.98 83.75
