58.04 1695.03 2285.17 13.00 51.00 76.00 8.46 8.42 10.24 24.69
63.81 1493.39 2461.55 14.00 42.00 92.00 8.64 8.25 10.14 23.85
68.51 1274.45 2506.00 13.00 36.00 118.00 8.47 7.80 10.55 26.09
71.82 1165.34 2632.13 8.00 30.00 119.00 8.66 7.84 9.46 31.02
66.68 1371.01 2473.42 8.00 33.00 107.00 8.62 7.95 9.25 32.11
64.19 1373.83 2352.98 8.00 39.00 105.00 8.04 7.85 15.48 32.11
65.77 1320.91 2401.55 8.00 39.00 110.00 8.08 7.82 16.36 31.74
65.65 1320.91 2357.88 8.00 39.00 120.00 8.08 7.69 16.36 32.20
69.26 1179.77 2354.31 7.00 35.00 144.00 8.06 7.27 17.96 35.36
74.34 960.74 2491.61 7.00 30.00 159.00 7.87 7.16 18.67 39.82
74.28 947.97 2463.27 6.00 32.00 158.00 7.74 7.08 18.35 41.36
74.26 947.97 2478.58 6.00 32.00 153.00 7.74 7.12 18.35 39.27
74.20 947.97 2506.18 6.00 32.00 150.00 7.74 7.23 18.35 40.14
72.53 967.29 2416.40 7.00 36.00 150.00 7.43 7.13 18.49 44.87
71.20 1010.50 2371.37 9.00 37.00 148.00 7.47 7.18 17.67 42.24
68.20 1076.89 2267.75 10.00 44.00 144.00 7.21 7.16 17.75 41.20
72.04 942.08 2294.36 9.00 37.00 165.00 7.17 6.86 18.61 41.31
72.54 932.46 2224.75 8.00 36.00 175.00 7.22 6.60 18.61 40.11
72.54 932.46 2195.15 8.00 36.00 178.00 7.22 6.51 18.61 43.70
72.59 932.46 2120.77 8.00 36.00 198.00 7.22 6.25 18.61 49.07
77.80 726.69 2155.41 8.00 33.00 225.00 6.96 5.92 10.66 55.71
84.15 527.71 2240.18 8.00 23.00 252.00 7.09 5.69 10.66 63.21
84.81 518.76 2127.91 7.00 22.00 270.00 7.27 5.35 10.66 72.79
84.75 518.76 2076.58 7.00 22.00 266.00 7.27 5.25 10.66 81.47
84.75 518.76 2228.23 7.00 22.00 244.00 7.27 5.63 10.66 91.47
