12.33 429.88 90.01 1.00 16.00 1.00 8.24 12.74 0.00 0.00
35.44 328.05 190.94 6.00 12.00 6.00 8.55 9.34 3.58 3.49
73.11 109.11 303.83 5.00 6.00 18.00 6.86 7.03 0.44 13.39
69.83 195.44 322.84 0.00 3.00 15.00 10.82 7.77 0.00 0.00
52.00 258.13 304.75 1.00 5.00 3.00 8.98 9.98 0.00 0.00
82.17 61.97 442.32 1.00 2.00 8.00 5.83 9.29 0.00 0.00
71.28 141.04 372.58 1.00 4.00 8.00 8.23 9.13 0.42 0.00
21.50 393.90 114.42 2.00 11.00 1.00 8.40 9.43 9.43 4.10
32.50 355.80 174.15 3.00 7.00 4.00 8.83 9.09 7.37 5.14
82.28 102.95 385.95 2.00 0.00 22.00 9.77 7.96 0.00 11.95
100.00 0.00 435.81 0.00 0.00 25.00 0.00 7.41 0.00 0.00
73.89 165.56 368.44 1.00 2.00 10.00 10.59 8.50 0.00 0.00
73.89 165.56 357.37 1.00 2.00 7.00 10.59 8.36 0.00 0.00
79.39 100.00 351.44 0.00 4.00 10.00 8.13 7.67 0.00 0.00
49.22 235.02 245.59 1.00 11.00 8.00 7.74 8.52 9.97 0.00
65.94 144.44 283.48 2.00 8.00 20.00 7.10 7.27 0.00 7.88
96.11 9.62 310.85 1.00 1.00 43.00 4.24 5.47 0.00 0.00
100.00 0.00 361.48 0.00 0.00 32.00 0.00 6.26 0.00 0.00
58.30 205.67 271.39 0.00 3.00 7.00 8.37 8.13 0.00 0.00
8.94 404.64 43.59 0.00 12.00 1.00 7.42 8.17 0.00 0.00
44.78 207.93 233.18 1.00 11.00 6.00 6.28 8.81 0.00 0.00
94.63 8.95 447.80 1.00 1.00 23.00 2.89 8.22 0.00 0.00
100.00 0.00 325.25 0.00 0.00 42.00 0.00 5.65 0.00 0.00
90.61 33.84 248.08 1.00 2.00 40.00 6.08 4.61 2.32 0.00
72.44 124.01 283.20 2.00 4.00 19.00 7.56 6.57 7.77 9.50
81.71 90.10 373.22 1.00 2.00 16.00 8.34 7.73 0.00 0.00
100.00 0.00 479.08 0.00 0.00 17.00 0.00 8.34 0.00 0.00
59.91 184.88 306.36 2.00 6.00 7.00 7.87 8.96 11.57 2.85
48.51 228.09 222.50 4.00 7.00 6.00 8.00 8.48 9.56 10.31
43.31 209.88 202.56 3.00 12.00 4.00 6.67 8.62 11.47 1.50
55.83 166.67 168.58 1.00 11.00 25.00 6.30 5.06 0.00 0.00
100.00 0.00 241.16 0.00 0.00 52.00 0.00 4.05 0.00 0.00
100.00 0.00 211.67 0.00 0.00 55.00 0.00 3.55 0.00 0.00
100.00 0.00 257.53 0.00 0.00 54.00 0.00 4.30 0.00 0.00
100.00 0.00 231.16 0.00 0.00 53.00 0.00 3.86 0.00 0.00
100.00 0.00 162.95 0.00 0.00 54.00 0.00 2.72 0.00 0.00
100.00 0.00 205.69 0.00 0.00 50.00 0.00 3.43 0.00 0.00
100.00 0.00 284.20 0.00 0.00 37.00 0.00 5.06 0.00 0.00
100.00 0.00 425.46 0.00 0.00 15.00 0.00 7.64 0.00 0.00
