59.30 1460.02 2039.57 12.00 40.00 67.00 8.59 8.41 10.14 23.84
63.50 1348.68 2178.07 12.00 34.00 72.00 8.84 8.39 9.72 25.54
64.57 1264.76 2195.16 12.00 35.00 75.00 8.54 8.31 10.65 25.35
67.86 1165.34 2269.87 8.00 30.00 86.00 8.66 8.17 9.46 24.92
67.86 1165.34 2201.93 8.00 30.00 100.00 8.66 7.92 9.46 26.44
72.10 969.18 2309.29 8.00 27.00 104.00 8.33 7.85 8.89 31.02
68.78 1112.88 2168.37 7.00 28.00 104.00 8.54 7.72 8.89 33.77
61.62 1311.86 1910.08 7.00 37.00 97.00 8.18 7.58 15.48 33.77
64.99 1179.77 2028.97 7.00 35.00 102.00 8.06 7.62 17.96 32.17
72.00 926.91 2243.46 6.00 28.00 119.00 7.95 7.62 19.59 29.18
74.55 823.96 2180.07 4.00 28.00 139.00 7.77 7.15 19.06 31.48
73.20 857.80 2105.36 5.00 30.00 137.00 7.69 7.02 19.22 42.95
70.59 947.97 2027.03 6.00 32.00 133.00 7.74 7.01 18.35 41.36
74.31 782.42 2110.04 5.00 30.00 143.00 7.33 6.93 19.97 42.94
74.24 782.42 2148.81 5.00 30.00 142.00 7.33 7.07 19.97 43.97
71.54 867.02 2064.96 7.00 32.00 140.00 7.35 7.05 19.76 44.87
74.40 775.41 2125.78 8.00 26.00 140.00 7.39 7.06 19.46 43.93
68.53 932.46 1983.49 8.00 36.00 123.00 7.22 7.15 18.61 39.96
68.53 932.46 1983.42 8.00 36.00 122.00 7.22 7.14 18.61 38.78
68.60 932.46 1863.17 8.00 36.00 143.00 7.22 6.67 18.61 40.11
74.57 726.69 1923.76 8.00 33.00 171.00 6.96 6.33 10.66 43.70
81.85 527.71 2077.17 8.00 23.00 197.00 7.09 6.22 10.66 49.07
82.60 518.76 1922.13 7.00 22.00 219.00 7.27 5.70 10.66 53.75
82.68 518.76 1792.31 7.00 22.00 229.00 7.27 5.28 10.66 63.12
82.68 518.76 1802.67 7.00 22.00 228.00 7.27 5.31 10.66 72.79
83.89 484.85 1828.50 6.00 20.00 226.00 7.37 5.35 11.53 85.29
86.55 394.75 1944.95 5.00 18.00 225.00 7.18 5.52 11.53 104.82
