42.72 539.38 393.84 6.00 22.00 19.00 7.92 7.83 3.58 12.24
52.64 523.49 514.52 6.00 15.00 21.00 9.28 8.30 6.38 16.54
62.56 367.24 608.83 6.00 11.00 21.00 8.23 8.25 10.87 16.76
76.00 258.13 765.15 1.00 5.00 23.00 8.98 8.58 0.00 0.00
61.64 399.17 677.63 2.00 9.00 11.00 8.70 9.50 9.52 22.70
51.83 455.87 557.33 3.00 13.00 9.00 7.92 9.32 9.43 23.57
51.89 496.94 546.73 4.00 11.00 12.00 8.65 9.12 9.91 4.53
51.89 496.94 500.37 4.00 11.00 23.00 8.65 8.26 9.91 13.58
66.25 355.80 610.05 3.00 7.00 30.00 8.83 7.82 7.37 28.84
78.08 268.50 754.69 3.00 2.00 32.00 10.26 8.22 6.60 27.28
86.94 165.56 793.61 1.00 2.00 32.00 10.59 7.81 0.00 0.00
76.64 265.56 719.98 1.00 6.00 20.00 9.51 8.07 1.65 0.00
61.56 400.57 602.96 2.00 13.00 16.00 8.71 8.42 8.14 23.45
72.67 244.71 634.92 2.00 12.00 30.00 7.49 7.49 8.80 7.88
72.67 244.71 556.44 2.00 12.00 51.00 7.49 6.49 8.80 22.88
82.84 144.44 645.74 2.00 8.00 53.00 7.10 6.67 0.00 37.42
77.35 215.29 582.34 1.00 4.00 50.00 8.02 6.45 0.00 0.00
54.12 404.64 405.17 0.00 12.00 33.00 7.42 6.42 0.00 0.00
51.48 413.69 504.57 1.00 14.00 13.00 7.17 8.43 0.00 0.00
51.17 413.69 491.39 1.00 14.00 24.00 7.17 8.21 0.00 0.00
71.99 207.93 558.52 1.00 11.00 48.00 6.28 6.64 0.00 0.00
92.59 42.79 695.95 2.00 3.00 63.00 4.94 6.42 2.32 54.67
86.02 124.01 608.45 2.00 4.00 61.00 7.56 6.04 7.77 9.50
86.18 124.01 621.30 2.00 4.00 56.00 7.56 6.08 7.77 24.30
86.04 124.01 762.36 2.00 4.00 36.00 7.56 7.58 7.77 38.73
70.88 274.98 679.58 3.00 8.00 23.00 8.02 8.24 11.57 35.53
74.85 228.09 701.64 4.00 7.00 23.00 8.00 8.38 9.56 10.31
51.83 394.75 509.15 5.00 18.00 11.00 7.18 8.82 11.53 9.31
52.30 394.75 391.08 5.00 18.00 31.00 7.18 6.56 11.53 13.41
72.68 209.88 443.82 3.00 12.00 56.00 6.67 5.34 11.47 28.28
77.92 166.67 380.32 1.00 11.00 81.00 6.30 4.09 0.00 0.00
100.00 0.00 498.75 0.00 0.00 107.00 0.00 4.18 0.00 0.00
100.00 0.00 443.31 0.00 0.00 109.00 0.00 3.71 0.00 0.00
100.00 0.00 420.54 0.00 0.00 109.00 0.00 3.51 0.00 0.00
100.00 0.00 436.94 0.00 0.00 104.00 0.00 3.65 0.00 0.00
100.00 0.00 447.22 0.00 0.00 91.00 0.00 3.85 0.00 0.00
100.00 0.00 631.25 0.00 0.00 66.00 0.00 5.46 0.00 0.00
