48.24 1294.46 1245.86 11.00 38.00 34.00 8.39 8.84 10.51 18.00
65.78 864.18 1591.76 10.00 22.00 59.00 8.46 8.26 11.08 24.32
65.93 920.63 1645.48 6.00 18.00 48.00 9.04 8.56 9.67 25.58
65.38 897.52 1586.03 6.00 24.00 54.00 8.67 8.33 9.21 26.91
70.34 766.07 1524.30 6.00 21.00 89.00 8.65 7.38 7.90 27.50
75.56 615.94 1621.54 3.00 17.00 91.00 8.45 7.35 7.23 32.90
64.48 823.96 1418.48 4.00 28.00 72.00 7.77 7.53 19.06 30.86
69.54 658.41 1386.45 3.00 26.00 106.00 7.29 6.82 20.78 36.28
74.23 547.33 1424.07 4.00 19.00 117.00 7.17 6.55 24.18 46.48
74.88 537.70 1592.27 3.00 18.00 91.00 7.26 7.30 24.18 45.91
73.20 560.02 1543.44 7.00 22.00 90.00 7.18 7.32 9.02 41.63
75.47 518.76 1478.75 7.00 22.00 109.00 7.27 6.79 10.66 26.71
75.61 518.76 1365.24 7.00 22.00 123.00 7.27 6.21 10.66 36.88
81.23 394.75 1313.61 5.00 18.00 158.00 7.18 5.55 11.53 58.59
81.33 394.75 1040.25 5.00 18.00 192.00 7.18 4.35 11.53 82.38
91.06 166.67 1243.31 1.00 11.00 202.00 6.30 4.63 0.00 0.00
