52.18 938.56 1071.72 8.00 31.00 30.00 8.23 8.81 8.68 20.32
52.24 980.08 1071.85 9.00 28.00 30.00 8.60 8.80 10.53 19.77
57.22 864.18 1155.85 10.00 22.00 33.00 8.46 8.64 11.08 18.78
63.94 755.08 1266.12 5.00 16.00 46.00 8.76 8.45 10.57 19.86
63.94 755.08 1287.68 5.00 16.00 41.00 8.76 8.62 10.57 26.65
64.96 724.47 1312.02 6.00 15.00 41.00 8.65 8.65 8.88 26.03
69.42 662.50 1340.44 5.00 13.00 45.00 9.06 8.30 8.88 25.71
64.26 762.50 1220.64 5.00 17.00 43.00 8.93 8.15 8.15 28.54
63.90 756.38 1213.45 5.00 20.00 46.00 8.76 8.11 8.30 28.03
75.38 513.21 1389.71 5.00 14.00 62.00 8.72 7.87 8.60 23.89
79.81 410.27 1350.05 3.00 14.00 84.00 8.49 7.21 7.19 21.85
79.73 410.27 1365.72 3.00 14.00 73.00 8.49 7.34 7.19 30.88
69.42 615.94 1185.30 3.00 17.00 66.00 8.45 7.32 7.23 32.90
63.43 649.36 1040.87 2.00 24.00 64.00 7.44 7.03 19.40 40.10
62.12 658.41 1061.11 3.00 26.00 64.00 7.29 7.29 20.78 34.82
67.06 558.13 1137.23 3.00 22.00 77.00 7.15 7.26 25.08 32.78
74.68 423.32 1140.86 2.00 15.00 98.00 7.06 6.54 0.00 3.47
73.29 447.53 1101.12 2.00 16.00 96.00 7.07 6.42 25.97 54.67
68.70 537.70 1113.12 3.00 18.00 74.00 7.26 6.93 24.18 47.70
68.77 537.70 1112.77 3.00 18.00 80.00 7.26 6.87 24.18 44.73
79.02 331.94 1320.88 3.00 15.00 84.00 6.71 7.15 7.77 45.91
81.73 317.84 1375.53 5.00 11.00 86.00 7.39 7.21 10.01 46.10
80.54 352.10 1310.17 6.00 11.00 84.00 7.84 7.10 9.02 28.51
69.37 518.76 1130.45 7.00 22.00 67.00 7.27 7.07 10.66 26.85
69.37 518.76 1153.50 7.00 22.00 67.00 7.27 7.20 10.66 26.71
71.77 484.85 1123.63 6.00 20.00 79.00 7.37 6.79 11.53 31.14
76.42 394.75 1081.96 5.00 18.00 104.00 7.18 6.12 11.53 35.08
76.46 394.75 1008.00 5.00 18.00 118.00 7.18 5.69 11.53 46.77
76.58 394.75 834.46 5.00 18.00 141.00 7.18 4.66 11.53 58.59
86.58 209.88 864.43 3.00 12.00 166.00 6.67 4.26 11.47 84.82
88.96 166.67 817.75 1.00 11.00 186.00 6.30 3.84 0.00 0.00
100.00 0.00 946.04 0.00 0.00 199.00 0.00 4.02 0.00 0.00
100.00 0.00 1074.65 0.00 0.00 176.00 0.00 4.57 0.00 0.00
