62.27 1704.73 2596.01 14.00 52.00 119.00 8.41 7.91 10.14 25.56
67.77 1493.39 2823.81 14.00 42.00 125.00 8.64 7.93 10.14 29.14
67.39 1480.12 2777.50 13.00 39.00 125.00 8.46 7.83 10.70 30.60
64.82 1569.99 2675.82 8.00 42.00 120.00 8.30 7.84 14.84 32.11
64.24 1579.04 2706.59 9.00 44.00 113.00 8.22 8.01 15.64 30.49
67.50 1382.87 2800.78 9.00 41.00 128.00 7.94 7.91 16.36 30.73
69.49 1320.91 2726.89 8.00 39.00 152.00 8.08 7.47 16.36 35.49
68.44 1354.74 2606.03 9.00 41.00 160.00 8.01 7.23 16.28 40.13
69.62 1303.77 2637.52 9.00 39.00 163.00 8.01 7.18 16.95 39.31
75.16 1050.92 2864.83 8.00 32.00 175.00 7.91 7.23 18.12 37.26
77.09 947.97 2942.42 6.00 32.00 175.00 7.74 7.26 18.35 40.14
72.68 1132.85 2784.94 8.00 38.00 160.00 7.76 7.29 17.32 42.32
71.50 1176.06 2728.74 10.00 39.00 156.00 7.79 7.32 16.76 40.68
69.47 1177.17 2619.19 10.00 48.00 154.00 7.28 7.23 17.11 41.20
69.47 1177.17 2539.95 10.00 48.00 173.00 7.28 6.99 17.11 39.95
71.79 1076.89 2509.01 10.00 44.00 196.00 7.21 6.67 17.75 40.70
75.20 942.08 2506.10 9.00 37.00 221.00 7.17 6.36 18.61 44.52
75.63 932.46 2482.34 8.00 36.00 230.00 7.22 6.25 18.61 49.07
75.63 932.46 2426.80 8.00 36.00 232.00 7.22 6.11 18.61 55.71
75.68 932.46 2283.78 8.00 36.00 253.00 7.22 5.72 18.61 63.21
80.30 726.69 2361.19 8.00 33.00 276.00 6.96 5.57 10.66 71.30
85.84 527.71 2524.45 8.00 23.00 289.00 7.09 5.61 10.66 78.76
86.43 518.76 2553.47 7.00 22.00 286.00 7.27 5.64 10.66 91.47
