61.88 1910.40 2867.51 14.00 55.00 126.00 8.41 7.93 10.33 29.96
61.88 1898.04 2867.51 14.00 54.00 126.00 8.35 7.93 14.76 29.96
65.13 1688.14 3010.67 14.00 50.00 131.00 8.11 7.90 15.90 29.49
67.73 1579.04 3123.62 9.00 44.00 143.00 8.22 7.89 15.64 30.73
67.73 1579.04 3031.94 9.00 44.00 155.00 8.22 7.67 15.64 33.65
69.82 1416.71 3048.94 10.00 43.00 168.00 7.89 7.47 16.28 38.28
69.78 1444.92 3010.09 10.00 43.00 171.00 8.03 7.38 15.81 38.60
69.76 1444.92 2979.25 10.00 43.00 176.00 8.03 7.29 15.81 38.15
72.60 1303.77 3116.67 9.00 39.00 180.00 8.01 7.34 16.95 39.89
73.65 1235.79 3171.19 10.00 38.00 182.00 7.90 7.36 17.07 39.96
74.39 1176.06 3164.99 10.00 39.00 181.00 7.79 7.33 16.76 40.68
69.91 1342.72 2987.73 11.00 50.00 164.00 7.57 7.36 16.31 40.02
69.91 1342.72 2897.32 11.00 50.00 181.00 7.57 7.13 16.31 38.69
72.56 1177.17 2860.45 10.00 48.00 206.00 7.28 6.78 17.11 40.70
72.56 1177.17 2751.69 10.00 48.00 229.00 7.28 6.50 17.11 43.35
74.65 1076.89 2766.60 10.00 44.00 251.00 7.21 6.34 17.75 47.58
77.71 942.08 2737.75 9.00 37.00 275.00 7.17 6.03 18.61 54.49
78.11 932.46 2645.36 8.00 36.00 285.00 7.22 5.79 18.61 63.21
78.11 932.46 2632.58 8.00 36.00 283.00 7.22 5.76 18.61 71.30
78.01 932.46 2568.05 8.00 36.00 290.00 7.22 5.64 18.61 78.76
82.19 726.69 2786.75 8.00 33.00 292.00 6.96 5.81 10.66 87.54
