56.87 1294.46 1681.77 11.00 38.00 60.00 8.39 8.42 10.51 23.46
60.85 1248.68 1826.54 12.00 30.00 62.00 8.91 8.55 10.14 23.14
67.13 1029.74 1949.56 11.00 24.00 66.00 8.75 8.28 10.63 24.55
68.18 1020.63 1986.39 6.00 22.00 66.00 8.94 8.31 9.10 27.52
63.15 1155.65 1891.08 7.00 29.00 57.00 8.74 8.56 9.77 26.62
67.53 969.18 1947.03 8.00 27.00 71.00 8.33 8.23 8.89 24.92
70.50 907.21 1896.88 7.00 25.00 97.00 8.58 7.67 8.89 27.13
70.42 907.21 1866.38 7.00 25.00 96.00 8.58 7.57 8.89 32.53
68.36 971.74 1795.79 6.00 24.00 96.00 8.59 7.48 8.29 34.33
68.33 917.86 1795.66 5.00 26.00 96.00 8.09 7.49 18.44 31.87
70.41 823.96 1854.72 4.00 28.00 97.00 7.77 7.50 19.06 30.86
70.27 823.96 1857.21 4.00 28.00 97.00 7.77 7.55 19.06 28.49
70.27 823.96 1743.82 4.00 28.00 114.00 7.77 7.09 19.06 31.48
73.08 692.24 1736.82 4.00 28.00 127.00 7.22 6.77 21.00 47.96
70.03 782.42 1669.66 5.00 30.00 125.00 7.33 6.78 19.97 45.04
73.46 682.14 1758.60 5.00 26.00 133.00 7.22 6.80 22.22 42.94
78.46 547.33 1903.22 4.00 19.00 134.00 7.17 6.92 24.18 41.79
72.49 722.58 1780.70 5.00 24.00 119.00 7.40 7.01 21.09 46.10
70.70 765.79 1814.84 7.00 25.00 97.00 7.46 7.43 19.46 41.63
63.26 932.46 1621.92 8.00 36.00 91.00 7.22 7.38 18.61 39.96
70.25 726.69 1712.02 8.00 33.00 115.00 6.96 7.01 10.66 38.78
78.76 527.71 1819.58 8.00 23.00 142.00 7.09 6.64 10.66 40.11
79.64 518.76 1690.49 7.00 22.00 165.00 7.27 6.09 10.66 36.88
79.74 518.76 1629.30 7.00 22.00 174.00 7.27 5.83 10.66 44.88
79.74 518.76 1596.88 7.00 22.00 177.00 7.27 5.71 10.66 53.75
81.33 484.85 1544.23 6.00 20.00 189.00 7.37 5.41 11.53 65.72
84.41 394.75 1519.39 5.00 18.00 209.00 7.18 5.12 11.53 82.38
84.27 394.75 1455.28 5.00 18.00 210.00 7.18 4.96 11.53 92.87
84.32 394.75 1465.81 5.00 18.00 208.00 7.18 4.97 11.53 104.82
