45.65 3646.91 3488.99 57.00 33.00 21.00 11.32 12.91 7.41 5.72
49.19 3293.51 3722.63 57.00 33.00 25.00 10.92 12.77 7.40 6.19
49.19 3194.95 3687.17 60.00 35.00 25.00 10.59 12.65 7.13 6.24
50.24 3046.15 3657.27 60.00 36.00 29.00 10.31 12.28 6.96 6.32
50.21 2998.66 3646.13 59.00 37.00 31.00 10.14 12.24 6.81 6.42
49.94 2968.79 3585.26 61.00 40.00 31.00 9.99 12.11 6.95 6.34
51.91 2806.91 3693.84 60.00 40.00 35.00 9.83 12.00 6.23 6.32
51.11 2852.50 3683.04 60.00 43.00 31.00 9.83 12.15 6.43 5.70
49.25 2940.21 3490.26 60.00 44.00 29.00 9.76 11.95 6.10 5.73
50.88 2764.77 3605.56 59.00 44.00 31.00 9.48 11.95 6.49 5.93
50.76 2749.24 3618.78 53.00 46.00 31.00 9.40 12.01 6.80 6.23
53.88 2561.77 3615.32 51.00 43.00 50.00 9.35 11.29 6.94 6.95
51.66 2674.50 3472.04 50.00 45.00 48.00 9.31 11.31 6.76 6.84
52.93 2595.69 3502.47 52.00 45.00 50.00 9.29 11.13 6.69 6.92
51.53 2673.50 3368.65 45.00 47.00 52.00 9.28 10.99 7.08 7.06
51.36 2647.25 3327.52 50.00 49.00 52.00 9.16 10.90 5.98 6.89
51.93 2603.98 3334.08 52.00 49.00 54.00 9.13 10.80 5.96 6.81
50.06 2685.63 3153.02 48.00 50.00 55.00 9.06 10.59 6.22 6.78
47.17 2837.43 2983.05 50.00 51.00 50.00 9.04 10.64 6.61 6.71
46.57 2914.88 2937.59 50.00 54.00 49.00 9.18 10.61 7.10 6.68
45.72 2964.16 2906.82 48.00 52.00 48.00 9.19 10.70 7.40 6.73
