44.19 2498.20 2098.96 35.00 14.00 12.00 12.60 13.38 7.40 5.59
44.62 2359.13 2115.37 34.00 15.00 12.00 11.95 13.35 7.59 5.65
47.52 2161.31 2192.63 41.00 15.00 13.00 11.56 13.00 6.77 5.53
45.80 2128.65 2072.96 37.00 17.00 13.00 11.02 12.75 7.20 5.83
44.40 2134.64 2018.31 37.00 20.00 13.00 10.77 12.81 7.75 5.74
46.47 2028.55 2123.53 38.00 21.00 12.00 10.63 12.89 7.79 5.66
50.63 1857.85 2259.16 34.00 21.00 18.00 10.56 12.56 7.04 6.53
49.63 1821.48 2248.08 35.00 23.00 15.00 10.16 12.76 6.88 5.42
47.85 1866.22 2104.36 37.00 25.00 13.00 10.05 12.39 6.22 5.36
54.46 1534.14 2379.71 37.00 24.00 17.00 9.47 12.29 6.22 6.15
52.49 1562.96 2297.45 33.00 27.00 16.00 9.23 12.29 6.83 6.62
55.86 1452.86 2348.70 34.00 24.00 20.00 9.24 11.80 6.76 6.65
51.37 1585.65 2180.52 32.00 27.00 19.00 9.15 11.91 6.56 6.68
52.66 1510.98 2194.14 36.00 29.00 20.00 8.97 11.70 6.68 6.52
52.13 1539.27 2143.09 33.00 29.00 23.00 9.02 11.53 6.71 6.40
52.23 1543.99 2159.26 35.00 31.00 23.00 9.08 11.60 5.36 6.30
54.03 1500.74 2223.23 35.00 28.00 24.00 9.17 11.54 5.38 6.34
51.80 1592.43 2100.63 32.00 28.00 25.00 9.27 11.37 6.20 6.00
50.33 1629.71 2107.12 32.00 29.00 21.00 9.21 11.74 6.28 6.19
55.20 1513.23 2126.63 30.00 26.00 39.00 9.48 10.79 6.51 7.29
54.22 1526.02 2081.95 28.00 26.00 39.00 9.34 10.75 6.50 7.41
50.86 1663.15 1893.78 29.00 27.00 37.00 9.49 10.44 6.34 6.71
51.42 1639.85 1874.11 26.00 27.00 39.00 9.46 10.21 6.56 6.78
47.66 1729.89 1743.00 27.00 31.00 36.00 9.27 10.25 6.56 6.69
47.27 1740.06 1706.25 30.00 32.00 36.00 9.26 10.12 6.24 6.47
46.68 1745.01 1691.36 25.00 31.00 37.00 9.18 10.15 6.60 7.06
42.73 1887.76 1548.70 24.00 32.00 33.00 9.24 10.16 7.15 7.33
42.07 1883.37 1502.62 25.00 34.00 33.00 9.12 10.02 7.81 7.22
41.97 1889.62 1520.98 25.00 33.00 32.00 9.13 10.17 7.71 7.13
