41.20 2258.64 1657.19 29.00 10.00 9.00 12.97 13.60 7.88 5.54
41.22 2114.50 1679.04 30.00 14.00 9.00 12.12 13.78 7.70 5.33
47.23 1871.37 1831.49 33.00 12.00 12.00 11.95 13.11 6.99 5.66
45.78 1837.83 1744.91 30.00 13.00 12.00 11.41 12.88 7.13 5.94
48.57 1702.71 1826.76 35.00 13.00 13.00 11.16 12.72 6.52 5.78
45.86 1746.79 1719.17 32.00 15.00 12.00 10.87 12.68 7.35 5.88
45.98 1699.57 1742.29 29.00 18.00 12.00 10.59 12.81 7.35 6.06
49.45 1590.12 1928.14 31.00 17.00 8.00 10.59 13.19 7.21 4.56
48.44 1597.67 1783.90 30.00 19.00 11.00 10.43 12.44 6.61 5.60
49.72 1403.69 1824.81 31.00 22.00 12.00 9.41 12.41 6.48 5.66
50.09 1388.09 1831.79 28.00 23.00 12.00 9.37 12.34 6.87 5.85
57.15 1178.92 2043.59 27.00 19.00 16.00 9.28 12.04 7.01 6.77
51.15 1323.35 1855.68 27.00 23.00 13.00 9.12 12.22 6.98 6.82
54.71 1206.48 1912.37 30.00 23.00 17.00 8.98 11.77 6.76 6.64
51.85 1295.95 1819.38 24.00 24.00 18.00 9.06 11.80 7.11 7.03
54.02 1221.86 1866.09 29.00 24.00 19.00 8.96 11.63 5.22 6.74
57.83 1107.25 1951.54 31.00 22.00 23.00 8.87 11.36 4.86 6.53
52.77 1262.38 1754.84 29.00 26.00 22.00 9.01 11.19 5.50 5.88
50.06 1342.55 1706.03 30.00 25.00 18.00 9.06 11.47 5.57 5.82
52.04 1361.01 1780.76 28.00 22.00 19.00 9.56 11.51 6.49 6.17
51.42 1361.15 1786.92 25.00 23.00 19.00 9.42 11.69 6.72 6.60
50.61 1382.85 1570.29 24.00 24.00 34.00 9.41 10.44 6.80 6.81
52.18 1351.14 1616.36 23.00 22.00 34.00 9.51 10.42 6.45 6.74
51.16 1389.21 1589.90 22.00 22.00 33.00 9.57 10.45 6.41 7.06
51.21 1377.55 1549.27 21.00 23.00 34.00 9.50 10.17 6.57 7.04
48.70 1425.01 1461.43 21.00 25.00 33.00 9.35 10.08 6.58 7.01
46.02 1496.11 1382.53 21.00 27.00 31.00 9.33 10.10 6.33 7.16
47.36 1422.70 1398.19 19.00 24.00 33.00 9.09 9.92 6.63 7.74
44.28 1494.34 1277.02 20.00 26.00 32.00 9.03 9.70 6.71 7.74
41.10 1553.78 1156.83 22.00 32.00 30.00 8.88 9.47 7.52 7.28
40.02 1601.72 1119.89 23.00 29.00 29.00 8.99 9.42 7.97 6.84
