44.87 2788.14 2460.11 43.00 17.00 13.00 12.19 13.24 7.14 5.49
44.80 2649.94 2443.43 41.00 19.00 13.00 11.55 13.17 7.58 5.59
44.10 2593.23 2384.18 43.00 22.00 13.00 11.15 13.06 7.76 5.51
46.33 2410.41 2477.32 43.00 23.00 13.00 10.80 12.91 7.62 5.64
48.61 2292.93 2535.17 42.00 23.00 19.00 10.73 12.58 7.47 6.22
47.05 2259.91 2443.47 42.00 27.00 19.00 10.27 12.54 7.46 6.16
49.81 2126.41 2579.63 41.00 27.00 20.00 10.20 12.50 6.63 6.21
53.71 1951.93 2802.98 41.00 25.00 20.00 10.16 12.58 6.62 5.93
50.22 2041.10 2570.02 42.00 29.00 17.00 9.87 12.33 6.26 6.11
53.73 1808.08 2684.82 44.00 29.00 21.00 9.41 12.04 6.14 6.12
52.48 1825.26 2622.29 38.00 31.00 22.00 9.24 12.02 6.50 6.52
53.94 1757.36 2630.48 40.00 30.00 23.00 9.18 11.74 6.69 6.54
51.67 1828.97 2504.24 41.00 32.00 24.00 9.11 11.66 6.30 6.21
51.32 1833.11 2487.32 42.00 36.00 24.00 9.06 11.66 6.58 6.17
49.68 1932.76 2414.78 37.00 35.00 24.00 9.23 11.69 6.84 6.23
51.47 1874.05 2505.06 38.00 33.00 26.00 9.29 11.70 6.01 6.36
53.70 1787.90 2624.32 37.00 32.00 27.00 9.29 11.75 6.06 6.57
54.54 1744.65 2446.50 34.00 32.00 45.00 9.23 10.77 6.22 7.05
52.89 1794.58 2402.15 35.00 32.00 41.00 9.17 10.91 6.13 6.97
54.76 1793.53 2450.12 35.00 29.00 42.00 9.54 10.74 6.14 7.15
53.28 1814.73 2339.70 31.00 31.00 44.00 9.33 10.54 6.61 7.36
47.90 2003.83 2046.89 34.00 36.00 40.00 9.24 10.27 6.47 6.45
48.01 2002.36 2031.09 35.00 36.00 41.00 9.26 10.17 6.29 6.29
46.07 2049.89 1972.93 31.00 37.00 40.00 9.13 10.29 6.60 6.76
44.27 2131.70 1872.42 33.00 37.00 38.00 9.19 10.17 6.93 6.66
42.25 2205.68 1795.80 31.00 41.00 37.00 9.18 10.22 7.58 6.68
40.98 2283.04 1792.67 29.00 39.00 33.00 9.29 10.52 7.90 6.85
