42.21 3220.06 2651.66 45.00 24.00 13.00 11.74 13.27 7.98 5.46
45.39 2931.71 2847.79 47.00 25.00 13.00 11.29 13.26 7.89 5.45
47.82 2751.52 2901.05 48.00 25.00 19.00 11.09 12.81 7.52 5.97
46.86 2641.77 2797.26 47.00 29.00 20.00 10.46 12.60 7.33 6.09
48.15 2561.48 2855.64 49.00 29.00 21.00 10.40 12.52 7.09 5.97
50.94 2390.36 2998.37 48.00 29.00 24.00 10.26 12.42 7.20 6.46
51.64 2301.29 3045.28 46.00 31.00 24.00 10.02 12.43 6.62 6.72
53.17 2225.87 3108.09 48.00 30.00 24.00 10.01 12.33 6.50 5.93
50.50 2303.40 2894.86 47.00 33.00 23.00 9.80 12.08 6.04 6.09
52.32 2112.58 2966.59 50.00 35.00 24.00 9.33 11.95 6.17 6.08
52.61 2068.59 2946.01 47.00 36.00 27.00 9.19 11.79 6.30 6.14
52.61 2079.49 2923.65 46.00 37.00 27.00 9.24 11.70 6.60 6.23
49.59 2222.47 2775.92 45.00 38.00 25.00 9.27 11.78 6.48 6.09
50.77 2163.17 2833.11 45.00 38.00 27.00 9.25 11.75 6.96 6.24
49.93 2219.92 2815.87 39.00 39.00 27.00 9.32 11.86 7.23 6.46
53.91 2026.27 2850.93 40.00 37.00 46.00 9.25 11.12 6.04 7.18
55.51 1952.77 2919.35 40.00 35.00 47.00 9.24 11.05 5.94 7.16
54.24 2024.95 2769.99 39.00 35.00 48.00 9.32 10.73 5.93 6.95
52.23 2083.28 2659.90 38.00 37.00 46.00 9.18 10.70 6.27 6.98
51.69 2134.21 2603.22 40.00 38.00 45.00 9.30 10.58 6.31 6.90
50.06 2177.23 2496.68 40.00 40.00 46.00 9.17 10.48 6.35 6.90
46.49 2323.83 2276.82 38.00 42.00 44.00 9.13 10.30 6.54 6.53
45.29 2394.00 2197.26 38.00 41.00 43.00 9.20 10.20 6.88 6.48
42.27 2510.56 2077.37 37.00 47.00 40.00 9.14 10.34 7.42 6.41
42.54 2526.98 2116.38 38.00 44.00 38.00 9.25 10.47 7.57 6.32
