35.64 1085.10 633.35 8.00 4.00 0.00 14.27 15.00 7.74 3.80
42.17 902.97 724.26 9.00 4.00 1.00 13.14 14.49 8.18 4.41
39.39 893.34 641.89 14.00 4.00 1.00 12.41 13.76 6.32 3.98
38.53 820.29 549.18 12.00 6.00 5.00 11.22 12.02 8.62 4.32
49.06 695.07 751.28 12.00 4.00 8.00 11.48 12.92 7.54 7.56
40.39 856.21 617.74 11.00 5.00 7.00 12.09 12.93 9.76 7.45
49.11 738.14 747.83 13.00 4.00 8.00 12.23 12.89 5.90 6.89
45.11 772.91 759.39 14.00 6.00 4.00 11.88 14.28 5.88 1.96
47.89 717.51 714.34 15.00 6.00 4.00 11.63 12.64 3.22 4.30
51.31 599.76 772.45 14.00 6.00 4.00 10.38 12.75 4.66 4.69
54.06 529.32 802.91 14.00 7.00 4.00 9.71 12.55 4.99 5.36
53.75 535.36 764.39 11.00 5.00 4.00 9.75 12.00 7.20 6.00
36.26 721.63 552.69 10.00 10.00 1.00 9.50 12.88 9.22 4.98
47.71 570.73 732.42 13.00 10.00 1.00 9.18 12.99 8.70 4.88
48.74 590.22 708.42 7.00 10.00 6.00 9.65 12.24 10.19 7.38
50.04 512.98 724.30 10.00 11.00 7.00 8.65 12.20 4.40 6.83
59.39 426.75 837.33 12.00 9.00 8.00 8.90 11.88 3.99 6.49
64.36 361.81 874.77 10.00 8.00 11.00 8.59 11.41 4.26 6.82
54.67 443.43 785.79 12.00 10.00 6.00 8.26 12.09 5.30 7.15
63.78 404.32 860.01 13.00 7.00 9.00 9.43 11.33 5.05 7.02
58.44 437.18 790.43 10.00 8.00 10.00 8.85 11.34 5.43 7.99
45.92 578.44 585.45 13.00 11.00 7.00 9.00 10.76 6.04 4.90
52.97 505.62 648.55 14.00 9.00 10.00 9.07 10.32 4.78 4.28
42.86 626.63 574.75 12.00 13.00 7.00 9.22 11.31 6.13 3.66
44.25 636.82 595.40 13.00 11.00 6.00 9.61 11.35 5.26 4.05
45.11 651.81 638.97 9.00 9.00 7.00 9.98 11.91 7.72 4.91
43.36 680.03 672.78 6.00 10.00 4.00 10.08 13.05 7.69 6.12
58.97 481.72 691.66 5.00 6.00 23.00 9.86 9.84 7.65 8.22
59.97 451.49 696.12 5.00 7.00 23.00 9.49 9.74 2.11 7.77
61.56 432.43 669.36 7.00 7.00 23.00 9.49 9.12 3.10 9.12
57.92 452.29 552.78 6.00 8.00 25.00 9.05 7.99 5.75 8.65
41.14 620.98 476.24 10.00 12.00 6.00 8.89 9.73 5.70 5.11
37.58 651.21 414.06 12.00 14.00 7.00 8.80 9.28 5.97 4.80
33.36 660.68 382.77 9.00 15.00 7.00 8.33 9.67 6.91 5.23
26.92 754.08 323.15 12.00 14.00 4.00 8.68 10.17 7.13 4.63
26.11 780.52 334.36 10.00 16.00 4.00 8.89 10.87 9.34 5.03
28.36 786.92 409.61 8.00 12.00 2.00 9.23 12.24 10.43 2.57
