45.73 3378.35 3168.52 50.00 27.00 19.00 11.66 13.00 7.75 5.90
45.97 3163.07 3167.73 51.00 31.00 20.00 10.95 12.93 7.61 5.89
47.50 3020.08 3221.51 55.00 31.00 21.00 10.77 12.73 7.18 5.77
50.34 2772.21 3352.16 53.00 31.00 25.00 10.45 12.48 7.10 6.37
49.96 2736.36 3321.30 54.00 33.00 25.00 10.23 12.46 7.04 6.46
50.77 2664.30 3303.48 55.00 34.00 28.00 10.13 12.20 7.03 6.40
51.73 2563.58 3370.12 51.00 35.00 30.00 9.94 12.20 6.39 6.64
51.98 2530.37 3389.87 54.00 36.00 27.00 9.87 12.22 6.48 5.91
50.83 2546.72 3218.57 56.00 38.00 28.00 9.70 11.86 5.91 5.80
51.32 2434.71 3259.77 56.00 42.00 28.00 9.36 11.90 6.15 5.84
50.65 2462.08 3217.69 51.00 42.00 28.00 9.33 11.89 6.44 6.03
51.98 2409.55 3269.45 49.00 39.00 30.00 9.39 11.77 6.94 6.28
49.82 2509.63 3177.01 47.00 42.00 28.00 9.35 11.93 6.88 6.30
53.02 2315.39 3178.98 47.00 42.00 47.00 9.22 11.21 6.96 6.99
51.97 2384.79 3110.90 42.00 42.00 47.00 9.28 11.19 7.07 7.06
53.71 2306.57 3174.42 45.00 40.00 49.00 9.33 11.04 5.80 7.08
54.64 2241.48 3177.10 43.00 40.00 52.00 9.25 10.86 6.09 7.15
51.56 2365.64 2923.09 44.00 44.00 51.00 9.14 10.59 6.11 6.73
49.49 2445.79 2816.88 47.00 46.00 48.00 9.06 10.64 6.09 6.59
50.01 2454.21 2833.15 44.00 44.00 49.00 9.18 10.58 6.40 6.93
47.42 2568.87 2662.85 43.00 45.00 48.00 9.13 10.49 6.88 7.01
43.06 2784.50 2381.25 44.00 52.00 44.00 9.14 10.35 7.26 6.26
43.64 2789.28 2441.22 43.00 48.00 43.00 9.25 10.47 7.45 6.19
