29.00 625.39 267.47 2.00 2.00 0.00 14.99 15.55 6.47 0.80
38.83 520.80 370.47 4.00 2.00 0.00 14.35 16.15 7.96 2.38
42.28 458.27 365.87 6.00 2.00 0.00 13.37 14.62 6.34 3.75
45.50 381.67 353.79 5.00 2.00 1.00 11.78 13.07 6.34 5.38
36.50 434.75 276.01 8.00 2.00 1.00 11.53 12.78 4.62 4.02
31.56 438.43 195.39 7.00 4.00 4.00 10.77 10.49 10.16 2.87
61.61 259.99 475.26 4.00 2.00 7.00 11.40 13.01 1.13 10.53
49.22 417.79 422.35 4.00 1.00 3.00 13.86 14.51 9.10 1.79
36.61 477.95 272.57 9.00 2.00 1.00 12.75 12.70 1.96 2.24
41.00 355.12 336.11 10.00 5.00 1.00 10.17 13.99 3.43 2.06
59.17 239.38 441.77 6.00 4.00 3.00 9.91 12.60 4.21 5.61
61.61 244.54 436.34 4.00 1.00 3.00 10.73 11.93 6.69 5.65
48.94 289.70 361.14 8.00 3.00 1.00 9.56 12.50 2.51 4.95
45.89 288.97 328.05 7.00 4.00 1.00 9.00 12.09 7.43 5.29
23.57 431.93 191.55 2.00 7.00 0.00 9.47 13.71 12.18 2.98
49.53 281.62 404.36 6.00 5.00 0.00 9.38 13.82 4.41 4.28
73.89 158.20 516.86 5.00 3.00 6.00 10.23 11.76 3.51 7.95
50.56 231.36 319.87 4.00 6.00 6.00 7.91 10.64 4.21 4.58
44.89 268.55 320.13 7.00 6.00 2.00 8.26 12.08 4.20 3.85
78.17 130.38 554.90 6.00 2.00 5.00 10.19 11.91 3.63 7.74
64.44 174.88 465.59 5.00 4.00 4.00 8.26 12.10 6.52 9.63
49.39 273.94 303.68 7.00 5.00 4.00 9.11 10.36 5.75 4.04
52.44 262.30 324.84 5.00 4.00 5.00 9.29 10.41 4.30 5.09
42.44 304.50 281.57 6.00 6.00 3.00 8.90 11.22 6.31 3.83
53.50 243.33 323.72 9.00 5.00 5.00 8.85 10.23 2.05 3.67
43.28 321.75 293.17 6.00 7.00 4.00 9.55 11.39 6.03 3.27
35.00 392.87 271.68 4.00 6.00 1.00 10.14 13.04 4.79 4.59
46.94 329.49 345.79 3.00 2.00 3.00 10.44 12.39 9.66 5.82
51.72 286.62 401.09 2.00 4.00 3.00 9.99 13.05 4.10 0.02
71.00 152.13 345.87 2.00 4.00 20.00 8.81 8.16 0.00 5.77
68.22 163.59 295.03 3.00 3.00 20.00 8.69 7.24 0.37 9.96
52.11 280.30 323.14 5.00 3.00 3.00 9.90 10.42 3.34 5.79
47.61 288.71 257.08 3.00 5.00 5.00 9.27 9.05 7.04 6.67
30.17 340.69 152.84 5.00 9.00 3.00 8.20 8.54 7.05 0.41
27.56 362.44 156.98 9.00 9.00 2.00 8.46 9.69 4.14 1.62
36.56 319.85 229.93 4.00 6.00 4.00 8.49 10.61 6.78 7.21
26.28 391.64 165.65 3.00 5.00 2.00 8.91 10.66 9.74 0.87
15.67 460.49 104.44 6.00 10.00 0.00 9.19 11.48 8.41 1.18
30.44 394.93 243.96 5.00 7.00 0.00 9.57 13.60 7.32 2.79
