42.35 1780.49 1384.63 20.00 8.00 8.00 13.03 13.80 8.18 6.33
41.28 1759.37 1342.00 20.00 9.00 8.00 12.60 13.73 8.95 6.27
44.25 1631.80 1389.72 27.00 8.00 9.00 12.33 13.28 7.47 5.60
41.82 1593.20 1308.57 26.00 12.00 9.00 11.53 13.23 7.20 5.65
48.47 1412.78 1465.62 27.00 10.00 12.00 11.55 12.78 6.74 6.00
45.85 1455.97 1391.12 25.00 11.00 11.00 11.32 12.83 7.31 6.03
51.58 1267.64 1550.74 27.00 11.00 12.00 11.04 12.71 5.47 6.14
49.43 1308.36 1523.78 25.00 11.00 8.00 10.90 13.04 6.48 4.59
42.08 1439.38 1267.03 25.00 16.00 5.00 10.46 12.74 6.94 4.59
49.51 1172.33 1504.87 27.00 16.00 5.00 9.77 12.86 6.80 4.78
51.40 1119.53 1511.33 21.00 17.00 10.00 9.68 12.40 7.57 6.25
51.90 1048.48 1488.69 21.00 17.00 11.00 9.18 12.10 7.49 6.41
47.83 1148.47 1390.02 22.00 19.00 9.00 9.27 12.26 7.08 5.90
56.04 932.54 1607.25 23.00 18.00 13.00 8.94 12.08 7.05 6.83
51.70 1033.65 1494.54 19.00 20.00 12.00 9.00 12.16 7.76 7.32
56.91 917.36 1584.31 23.00 18.00 16.00 8.98 11.71 4.82 6.94
58.92 863.93 1627.83 22.00 17.00 18.00 8.87 11.61 4.76 7.23
55.14 940.25 1461.66 23.00 19.00 18.00 8.84 11.15 5.38 6.37
53.82 949.06 1434.35 26.00 19.00 17.00 8.67 11.22 5.03 5.99
53.32 1030.95 1434.96 25.00 20.00 16.00 9.30 11.32 5.70 6.06
51.35 1073.99 1385.83 23.00 19.00 16.00 9.28 11.34 5.91 6.25
45.51 1230.63 1224.42 22.00 20.00 14.00 9.50 11.33 6.83 5.00
48.17 1186.27 1321.33 20.00 19.00 14.00 9.62 11.55 6.72 5.34
50.92 1108.91 1266.41 17.00 19.00 30.00 9.49 10.46 7.05 7.28
52.11 1088.85 1291.52 18.00 18.00 29.00 9.56 10.42 6.42 7.06
53.33 1084.33 1308.33 16.00 16.00 30.00 9.78 10.30 6.38 7.42
50.64 1133.61 1225.56 12.00 18.00 29.00 9.65 10.15 6.71 7.63
50.06 1102.70 1168.26 15.00 18.00 29.00 9.29 9.80 6.64 7.79
48.78 1102.70 1110.85 17.00 21.00 30.00 9.07 9.57 5.41 7.61
47.46 1093.11 1052.39 16.00 22.00 30.00 8.76 9.31 5.86 8.00
42.42 1206.44 875.93 18.00 22.00 29.00 8.82 8.68 6.98 7.54
33.62 1401.65 810.61 20.00 28.00 10.00 8.89 10.17 7.69 5.14
32.97 1438.13 824.20 20.00 26.00 9.00 9.03 10.55 8.34 5.15
