41.20 2258.64 1657.19 29.00 10.00 9.00 12.97 13.60 7.88 5.54
47.23 1871.37 1831.49 33.00 12.00 12.00 11.95 13.11 6.99 5.66
48.57 1702.71 1826.76 35.00 13.00 13.00 11.16 12.72 6.52 5.78
45.98 1699.57 1742.29 29.00 18.00 12.00 10.59 12.81 7.35 6.06
48.44 1597.67 1783.90 30.00 19.00 11.00 10.43 12.44 6.61 5.60
50.09 1388.09 1831.79 28.00 23.00 12.00 9.37 12.34 6.87 5.85
51.15 1323.35 1855.68 27.00 23.00 13.00 9.12 12.22 6.98 6.82
51.85 1295.95 1819.38 24.00 24.00 18.00 9.06 11.80 7.11 7.03
57.83 1107.25 1951.54 31.00 22.00 23.00 8.87 11.36 4.86 6.53
50.06 1342.55 1706.03 30.00 25.00 18.00 9.06 11.47 5.57 5.82
51.42 1361.15 1786.92 25.00 23.00 19.00 9.42 11.69 6.72 6.60
52.18 1351.14 1616.36 23.00 22.00 34.00 9.51 10.42 6.45 6.74
51.21 1377.55 1549.27 21.00 23.00 34.00 9.50 10.17 6.57 7.04
46.02 1496.11 1382.53 21.00 27.00 31.00 9.33 10.10 6.33 7.16
44.28 1494.34 1277.02 20.00 26.00 32.00 9.03 9.70 6.71 7.74
40.02 1601.72 1119.89 23.00 29.00 29.00 8.99 9.42 7.97 6.84
