49.76 1065.81 972.65 14.00 10.00 13.00 11.91 10.95 7.95 6.11
49.67 1001.85 937.16 14.00 10.00 14.00 11.17 10.57 7.83 6.11
46.69 1027.86 921.32 12.00 13.00 13.00 10.80 11.08 9.44 6.20
44.63 1042.91 814.87 11.00 13.00 13.00 10.55 10.25 9.94 6.98
58.00 767.71 981.86 12.00 11.00 20.00 10.25 9.48 8.17 7.49
61.24 713.84 986.02 11.00 9.00 24.00 10.32 9.02 8.26 8.55
59.35 673.29 837.66 8.00 14.00 33.00 9.27 7.89 8.62 14.44
65.02 481.31 914.18 9.00 15.00 37.00 7.70 7.87 6.88 13.63
59.22 552.62 744.90 7.00 19.00 37.00 7.56 7.03 11.83 15.10
66.13 440.82 882.26 9.00 16.00 40.00 7.28 7.46 12.85 13.90
63.91 463.63 832.52 9.00 19.00 50.00 7.18 7.28 12.12 14.46
57.74 506.65 758.70 8.00 27.00 48.00 6.69 7.35 12.01 13.20
54.39 603.52 844.42 10.00 26.00 38.00 7.39 8.72 12.02 12.01
59.09 557.35 867.44 12.00 23.00 43.00 7.62 8.24 5.00 12.33
62.69 471.50 903.00 12.00 23.00 45.00 7.08 8.08 7.34 12.91
56.00 565.69 744.15 11.00 28.00 46.00 7.18 7.45 8.25 12.91
57.41 549.63 689.28 10.00 25.00 51.00 7.20 6.73 9.34 10.36
64.22 500.34 680.81 10.00 17.00 67.00 7.81 5.93 9.26 17.13
73.22 371.86 708.38 7.00 13.00 90.00 7.75 5.40 10.48 29.30
65.54 447.91 619.91 3.00 22.00 85.00 7.23 5.27 3.96 41.06
78.39 269.13 769.75 5.00 15.00 96.00 6.95 5.47 9.70 35.50
81.96 237.28 779.83 4.00 10.00 98.00 7.35 5.30 6.98 35.64
78.48 316.27 824.43 4.00 12.00 78.00 8.21 5.86 9.90 11.78
75.76 345.94 959.04 5.00 13.00 54.00 7.97 7.06 9.06 13.98
74.26 355.50 1020.52 7.00 15.00 35.00 7.72 7.67 8.35 12.13
73.98 388.19 1019.61 6.00 13.00 35.00 8.34 7.69 8.42 12.49
67.61 499.65 945.26 5.00 18.00 27.00 8.60 7.79 11.34 10.75
74.81 370.06 1053.63 5.00 17.00 31.00 8.21 7.85 10.92 15.03
75.00 314.12 1028.34 5.00 21.00 40.00 7.01 7.64 9.78 16.64
77.72 284.44 965.40 4.00 20.00 57.00 7.12 6.92 10.69 16.25
79.22 274.88 914.76 2.00 18.00 62.00 7.36 6.44 8.83 10.67
83.33 208.24 919.71 6.00 15.00 66.00 6.99 6.16 4.12 30.67
81.50 190.45 889.53 5.00 13.00 66.00 5.75 6.09 5.71 30.41
70.24 348.34 775.06 8.00 14.00 59.00 6.54 6.17 8.55 25.80
64.52 455.71 713.74 7.00 12.00 51.00 7.17 6.19 9.64 8.90
