43.28 472.95 334.53 6.00 2.00 1.00 14.09 13.02 3.09 3.20
49.50 333.00 389.17 5.00 4.00 1.00 11.12 13.18 5.70 3.56
28.94 460.55 246.84 2.00 6.00 0.00 10.87 14.35 9.97 1.62
44.11 356.43 221.74 3.00 4.00 8.00 10.72 8.43 13.28 4.23
77.06 132.30 391.18 6.00 2.00 12.00 9.80 8.52 1.58 8.38
55.39 311.75 325.97 6.00 2.00 5.00 11.78 9.93 3.99 3.53
34.06 435.00 282.70 4.00 5.00 1.00 11.07 14.11 8.46 2.22
34.39 374.74 266.88 2.00 7.00 0.00 9.57 13.10 6.70 5.32
62.89 200.41 305.85 2.00 4.00 7.00 9.05 8.15 11.03 6.77
93.94 27.26 393.17 3.00 0.00 19.00 7.79 7.00 0.53 8.50
81.11 37.89 247.51 2.00 5.00 25.00 3.37 5.10 4.15 22.73
66.72 79.21 254.06 4.00 8.00 17.00 4.00 6.41 4.19 5.85
33.67 314.32 191.47 3.00 10.00 5.00 7.92 9.64 15.14 6.00
37.72 333.51 234.95 2.00 8.00 3.00 8.96 10.44 0.00 8.22
76.94 110.89 393.54 4.00 4.00 20.00 8.13 8.57 2.77 10.05
68.78 93.09 269.22 2.00 11.00 28.00 5.00 6.56 5.00 20.03
52.56 177.77 259.02 3.00 12.00 13.00 6.27 8.36 5.47 4.01
70.78 130.75 362.80 8.00 4.00 12.00 7.59 8.69 2.44 7.89
58.56 182.83 249.95 5.00 7.00 12.00 7.41 7.18 8.67 10.21
28.44 341.84 112.13 1.00 13.00 6.00 7.97 6.60 2.80 0.00
61.11 188.96 180.21 2.00 6.00 26.00 8.12 4.92 0.00 7.73
93.44 27.61 205.88 1.00 0.00 49.00 7.08 3.67 0.00 0.00
100.00 0.00 278.22 0.00 0.00 52.00 0.00 4.65 0.00 0.00
74.72 78.31 301.81 1.00 9.00 29.00 5.17 6.77 0.00 0.00
74.06 80.17 311.25 3.00 9.00 17.00 5.18 7.06 7.06 15.25
77.72 131.35 271.97 2.00 1.00 19.00 9.90 5.87 6.02 9.28
61.39 236.10 234.79 1.00 3.00 8.00 10.24 6.39 0.00 0.00
74.83 136.18 385.19 2.00 3.00 6.00 9.10 8.60 0.00 14.08
87.33 39.24 473.65 3.00 3.00 10.00 5.23 9.09 1.67 2.79
69.39 120.57 361.46 2.00 9.00 10.00 6.60 8.72 6.75 9.75
54.11 224.32 235.94 1.00 12.00 9.00 8.16 7.29 0.00 0.00
80.22 113.24 305.99 1.00 5.00 15.00 9.57 6.37 0.00 0.00
83.56 50.56 318.59 1.00 6.00 20.00 5.14 6.37 0.00 0.00
83.56 50.56 296.77 1.00 6.00 32.00 5.14 5.93 0.00 0.00
100.00 0.00 359.67 0.00 0.00 32.00 0.00 6.04 0.00 0.00
86.22 44.43 315.78 4.00 4.00 19.00 5.46 6.18 3.01 4.58
60.94 139.89 209.87 4.00 7.00 14.00 6.01 5.78 5.89 10.86
40.94 253.34 162.44 3.00 4.00 7.00 7.18 6.65 11.17 2.76
32.61 315.75 143.37 3.00 5.00 5.00 7.84 7.42 8.19 5.16
