51.57 2053.43 2002.37 25.00 34.00 51.00 10.17 9.32 9.57 9.95
54.54 1817.51 2086.30 25.00 33.00 54.00 9.59 9.17 10.54 10.16
56.38 1691.90 2061.29 23.00 36.00 70.00 9.30 8.77 10.75 10.91
57.29 1576.92 1966.81 22.00 40.00 81.00 8.85 8.23 10.80 12.54
59.75 1409.12 2073.86 24.00 42.00 83.00 8.39 8.33 9.71 12.19
61.10 1351.24 2107.60 27.00 40.00 85.00 8.33 8.29 9.34 11.99
57.11 1459.64 1932.13 23.00 47.00 83.00 8.15 8.12 10.25 12.98
57.25 1381.34 1893.75 22.00 51.00 86.00 7.74 7.94 10.37 13.03
60.98 1213.68 1828.12 21.00 48.00 108.00 7.44 7.19 10.83 13.62
65.69 1034.25 1832.76 21.00 44.00 135.00 7.22 6.68 10.60 16.35
66.28 1013.27 1800.41 19.00 44.00 153.00 7.19 6.51 10.75 21.67
62.94 1085.30 1741.42 19.00 53.00 145.00 7.01 6.63 10.77 22.18
65.27 1055.55 1864.22 20.00 48.00 146.00 7.27 6.85 10.89 22.17
64.52 1136.61 1759.40 17.00 46.00 147.00 7.66 6.53 8.23 23.48
69.23 976.79 1907.64 18.00 41.00 149.00 7.60 6.60 9.00 22.84
69.82 939.37 1909.17 17.00 41.00 150.00 7.45 6.55 8.90 23.82
70.71 905.14 1988.08 17.00 40.00 139.00 7.40 6.73 8.96 22.81
69.90 966.85 2002.40 17.00 39.00 132.00 7.69 6.86 8.87 23.03
70.94 951.68 1965.06 15.00 40.00 135.00 7.83 6.62 10.52 23.77
71.25 949.41 1945.59 10.00 40.00 135.00 7.89 6.52 10.93 26.11
74.51 819.34 2033.71 11.00 39.00 144.00 7.68 6.52 10.15 25.67
79.13 658.00 2131.40 10.00 33.00 161.00 7.54 6.43 9.84 26.04
80.06 630.38 2213.72 9.00 33.00 150.00 7.56 6.61 9.84 22.18
78.10 674.82 2241.21 13.00 37.00 130.00 7.38 6.87 9.00 23.00
74.48 770.27 2146.14 13.00 40.00 111.00 7.22 6.89 8.92 22.82
73.27 849.85 2101.83 15.00 32.00 109.00 7.61 6.86 9.75 22.48
68.56 1005.92 1978.16 13.00 36.00 99.00 7.65 6.90 10.10 23.14
