49.24 1701.22 1563.32 20.00 19.00 21.00 11.27 10.67 8.65 6.36
56.81 1266.15 1476.28 16.00 22.00 45.00 9.85 8.72 9.19 11.68
57.76 1119.92 1420.91 17.00 26.00 50.00 8.90 8.26 9.75 11.55
57.73 1099.04 1422.67 15.00 28.00 58.00 8.72 8.27 11.22 12.28
61.43 841.81 1397.86 14.00 35.00 70.00 7.32 7.64 10.98 14.43
60.57 824.24 1341.98 17.00 38.00 75.00 7.01 7.45 10.35 14.40
56.57 975.38 1274.68 17.00 39.00 76.00 7.52 7.58 11.42 11.89
69.83 660.53 1361.43 14.00 29.00 123.00 7.34 6.54 8.57 23.06
69.26 629.80 1278.82 13.00 34.00 121.00 6.86 6.19 8.93 25.60
71.02 688.13 1254.59 11.00 25.00 116.00 7.96 5.91 10.36 26.77
76.78 544.47 1479.02 9.00 21.00 114.00 7.86 6.44 9.43 26.92
75.38 579.82 1534.90 8.00 27.00 97.00 7.89 6.81 10.43 11.99
72.09 630.38 1575.20 9.00 33.00 65.00 7.56 7.31 9.84 15.68
77.28 550.21 1624.09 6.00 24.00 80.00 8.10 7.03 10.37 23.11
77.19 454.01 1599.27 9.00 28.00 86.00 6.67 6.94 8.36 25.69
66.24 730.58 1268.84 9.00 30.00 81.00 7.24 6.42 10.40 26.65
