54.50 2342.62 2655.33 32.00 50.00 84.00 9.61 9.10 9.58 10.90
57.93 2041.35 2718.79 35.00 48.00 94.00 9.06 8.76 9.48 11.03
56.20 2052.50 2570.75 31.00 55.00 95.00 8.74 8.54 10.13 11.80
55.59 2049.51 2441.74 31.00 57.00 99.00 8.60 8.20 10.35 11.79
59.77 1780.98 2504.12 31.00 55.00 121.00 8.25 7.82 9.89 12.08
61.07 1720.83 2425.60 29.00 53.00 140.00 8.23 7.41 10.03 14.57
62.32 1648.68 2390.56 25.00 53.00 161.00 8.15 7.15 10.52 19.38
63.22 1487.40 2401.54 24.00 60.00 165.00 7.53 7.08 10.46 21.01
66.77 1293.84 2417.65 24.00 57.00 178.00 7.25 6.75 10.47 21.56
68.03 1243.92 2406.70 24.00 54.00 184.00 7.25 6.59 10.09 21.40
66.60 1329.53 2346.62 23.00 56.00 179.00 7.41 6.56 10.64 21.76
65.91 1352.93 2398.65 23.00 57.00 170.00 7.39 6.78 10.57 21.28
67.29 1330.88 2573.49 24.00 54.00 164.00 7.58 7.12 10.60 20.63
66.20 1393.45 2507.04 21.00 58.00 163.00 7.67 7.05 8.51 21.87
69.56 1240.35 2618.11 22.00 56.00 168.00 7.59 7.01 9.42 21.37
70.93 1173.25 2577.61 20.00 55.00 175.00 7.51 6.76 9.54 23.15
70.30 1180.02 2542.77 19.00 58.00 169.00 7.39 6.73 9.61 23.25
72.57 1130.73 2606.33 19.00 50.00 179.00 7.67 6.68 9.65 23.92
75.57 1002.24 2643.88 16.00 46.00 188.00 7.63 6.51 10.19 27.62
74.28 1044.41 2559.31 15.00 50.00 186.00 7.55 6.41 10.06 28.38
75.83 959.23 2604.64 15.00 46.00 190.00 7.38 6.38 9.39 28.11
75.67 955.77 2609.69 17.00 41.00 188.00 7.31 6.41 9.62 27.82
72.67 1086.09 2567.80 16.00 45.00 169.00 7.39 6.57 9.76 21.71
