45.83 1500.81 1255.94 18.00 15.00 14.00 11.66 11.53 8.22 5.49
45.85 1376.59 1204.04 16.00 17.00 14.00 10.68 11.04 8.94 6.15
50.74 1228.26 1228.70 14.00 17.00 20.00 10.47 10.18 9.74 7.08
56.96 1070.27 1208.04 14.00 13.00 32.00 10.45 8.90 9.88 8.72
63.78 805.60 1229.44 14.00 16.00 45.00 9.35 8.08 7.58 12.30
62.61 793.06 1240.15 15.00 17.00 42.00 8.91 8.32 7.32 11.70
52.93 987.62 1029.13 11.00 24.00 38.00 8.79 8.16 10.83 12.99
58.19 815.65 1149.14 11.00 23.00 40.00 8.18 8.29 12.34 12.83
63.65 664.04 1138.44 11.00 23.00 57.00 7.66 7.49 12.03 13.53
66.79 533.91 1151.95 11.00 27.00 68.00 6.74 7.23 11.28 15.47
61.07 641.41 1091.94 12.00 31.00 63.00 6.90 7.51 10.89 15.22
61.00 637.40 1121.51 16.00 31.00 60.00 6.86 7.74 10.01 11.19
55.43 786.35 1094.47 15.00 33.00 50.00 7.40 8.31 11.05 11.90
51.43 899.20 979.57 13.00 36.00 49.00 7.75 8.01 8.05 12.40
62.29 660.53 1083.21 14.00 29.00 71.00 7.34 7.30 8.57 12.69
65.36 593.44 950.03 12.00 28.00 95.00 7.18 6.10 8.78 17.93
68.06 549.63 967.50 10.00 25.00 103.00 7.20 5.96 9.34 25.33
66.85 578.66 982.72 11.00 26.00 97.00 7.31 6.16 9.15 26.76
73.43 452.03 1019.70 10.00 22.00 108.00 7.13 5.81 9.61 28.51
68.58 579.26 891.95 5.00 23.00 104.00 7.70 5.44 9.58 33.56
74.14 505.23 1004.64 6.00 18.00 104.00 8.18 5.66 10.25 30.95
80.18 373.55 1165.02 6.00 13.00 104.00 7.90 6.07 9.06 30.97
80.69 355.50 1298.80 7.00 15.00 88.00 7.72 6.73 8.35 12.13
74.17 466.51 1321.49 7.00 22.00 64.00 7.56 7.46 8.36 12.81
69.22 579.82 1256.61 8.00 27.00 44.00 7.89 7.60 10.43 11.99
75.54 501.51 1325.60 7.00 18.00 50.00 8.59 7.34 10.89 15.74
71.60 550.21 1263.86 6.00 24.00 48.00 8.10 7.38 10.37 15.93
77.00 420.62 1351.58 6.00 23.00 63.00 7.66 7.33 9.78 16.40
81.25 314.12 1388.57 5.00 21.00 72.00 7.01 7.15 9.78 25.31
79.85 328.88 1281.18 8.00 24.00 76.00 6.84 6.72 8.80 27.08
74.65 414.77 1125.46 6.00 25.00 76.00 6.84 6.31 9.34 30.09
72.74 461.58 1082.22 9.00 19.00 74.00 7.09 6.23 8.55 27.14
69.28 506.27 1032.90 8.00 18.00 71.00 6.90 6.25 9.10 25.42
