49.24 1701.22 1563.32 20.00 19.00 21.00 11.27 10.67 8.65 6.36
55.47 1403.95 1597.21 19.00 17.00 33.00 10.60 9.67 8.94 7.88
56.81 1266.15 1476.28 16.00 22.00 45.00 9.85 8.72 9.19 11.68
58.91 1149.48 1462.18 18.00 21.00 50.00 9.40 8.34 8.85 11.33
57.76 1119.92 1420.91 17.00 26.00 50.00 8.90 8.26 9.75 11.55
57.63 1127.40 1475.10 17.00 25.00 45.00 8.93 8.60 10.82 11.36
57.73 1099.04 1422.67 15.00 28.00 58.00 8.72 8.27 11.22 12.28
60.31 908.74 1418.82 13.00 34.00 68.00 7.68 7.89 11.14 14.46
61.43 841.81 1397.86 14.00 35.00 70.00 7.32 7.64 10.98 14.43
67.59 664.66 1514.75 19.00 31.00 80.00 6.89 7.53 9.58 13.63
60.57 824.24 1341.98 17.00 38.00 75.00 7.01 7.45 10.35 14.40
54.49 979.24 1233.63 17.00 44.00 66.00 7.21 7.62 10.68 11.36
56.57 975.38 1274.68 17.00 39.00 76.00 7.52 7.58 11.42 11.89
59.83 926.95 1185.45 14.00 36.00 98.00 7.73 6.64 8.57 16.93
69.83 660.53 1361.43 14.00 29.00 123.00 7.34 6.54 8.57 23.06
67.23 671.75 1251.94 13.00 37.00 125.00 6.87 6.24 8.72 25.92
69.26 629.80 1278.82 13.00 34.00 121.00 6.86 6.19 8.93 25.60
69.02 710.01 1254.76 13.00 27.00 116.00 7.68 6.10 8.62 25.34
71.02 688.13 1254.59 11.00 25.00 116.00 7.96 5.91 10.36 26.77
69.83 715.53 1277.15 7.00 26.00 110.00 7.93 6.12 10.14 29.64
76.78 544.47 1479.02 9.00 21.00 114.00 7.86 6.44 9.43 26.92
78.02 494.12 1527.47 8.00 22.00 114.00 7.54 6.55 8.36 27.64
75.38 579.82 1534.90 8.00 27.00 97.00 7.89 6.81 10.43 11.99
75.38 579.82 1627.48 8.00 27.00 79.00 7.89 7.22 10.43 15.20
72.09 630.38 1575.20 9.00 33.00 65.00 7.56 7.31 9.84 15.68
77.14 552.07 1623.55 8.00 24.00 82.00 8.09 7.04 10.20 17.55
77.28 550.21 1624.09 6.00 24.00 80.00 8.10 7.03 10.37 23.11
78.84 465.05 1667.35 10.00 27.00 82.00 7.37 7.08 8.31 24.98
77.19 454.01 1599.27 9.00 28.00 86.00 6.67 6.94 8.36 25.69
72.07 582.22 1443.68 11.00 28.00 84.00 6.98 6.71 9.85 24.90
66.24 730.58 1268.84 9.00 30.00 81.00 7.24 6.42 10.40 26.65
