54.56 1739.10 1810.90 22.00 24.00 46.00 10.73 9.28 8.28 10.35
57.34 1483.17 1851.35 23.00 25.00 51.00 9.74 9.04 8.26 10.29
52.95 1580.47 1667.75 19.00 32.00 50.00 9.39 8.81 10.48 11.05
55.38 1483.83 1697.13 20.00 29.00 53.00 9.30 8.58 11.43 11.07
60.95 1231.35 1814.45 21.00 30.00 70.00 8.82 8.33 10.15 11.29
59.49 1220.49 1744.79 19.00 36.00 73.00 8.42 8.21 10.17 13.01
56.87 1276.81 1682.09 18.00 40.00 71.00 8.27 8.29 10.49 13.23
62.06 1039.50 1781.63 21.00 38.00 80.00 7.66 8.04 9.80 13.07
60.95 1024.64 1647.90 19.00 42.00 82.00 7.33 7.57 10.51 13.92
61.06 1006.50 1626.88 20.00 44.00 86.00 7.22 7.46 10.34 13.56
60.66 1013.27 1522.19 19.00 44.00 101.00 7.19 7.02 10.75 14.05
60.98 1006.99 1439.51 18.00 44.00 115.00 7.20 6.60 10.94 15.51
63.81 975.38 1552.90 17.00 39.00 128.00 7.52 6.81 11.42 21.31
62.31 1005.26 1487.36 15.00 45.00 128.00 7.44 6.67 8.55 24.37
70.54 740.70 1672.75 17.00 38.00 141.00 7.03 6.63 8.32 23.70
68.98 803.10 1523.98 15.00 38.00 144.00 7.23 6.17 8.37 24.74
67.94 865.90 1513.71 14.00 37.00 129.00 7.54 6.22 9.55 24.44
69.99 846.28 1639.95 15.00 30.00 122.00 7.88 6.54 9.24 24.25
73.74 727.37 1728.96 14.00 28.00 126.00 7.74 6.54 9.47 24.43
69.76 836.10 1639.59 9.00 35.00 120.00 7.71 6.55 9.77 26.71
73.00 768.78 1715.11 10.00 33.00 123.00 7.94 6.55 10.69 25.49
78.39 607.43 1833.46 9.00 27.00 129.00 7.84 6.52 10.43 26.73
76.74 630.38 1853.49 9.00 33.00 118.00 7.56 6.73 9.84 15.68
76.74 630.38 1925.43 9.00 33.00 111.00 7.56 6.99 9.84 16.73
76.74 630.38 1935.44 9.00 33.00 97.00 7.56 7.04 9.84 22.18
78.66 596.50 1939.33 12.00 28.00 101.00 7.81 6.88 9.04 23.71
74.56 690.11 1834.79 10.00 31.00 94.00 7.57 6.86 9.25 24.66
72.53 718.40 1829.86 13.00 31.00 90.00 7.30 7.04 9.46 23.55
69.76 769.82 1742.64 12.00 33.00 91.00 7.10 6.97 9.70 23.62
