36.11 933.50 581.47 8.00 8.00 1.00 12.29 13.54 7.95 3.24
46.81 690.11 610.91 8.00 8.00 9.00 10.92 10.94 9.76 4.07
53.00 592.86 638.03 8.00 8.00 12.00 10.61 10.11 9.76 7.39
49.75 668.17 547.99 9.00 6.00 13.00 11.19 9.26 8.84 7.13
55.56 567.30 674.48 10.00 7.00 13.00 10.74 10.22 6.98 6.72
44.89 686.49 592.84 8.00 9.00 5.00 10.45 11.14 8.21 4.95
48.47 635.41 590.08 6.00 9.00 8.00 10.34 10.24 9.41 6.94
64.17 402.10 660.05 5.00 7.00 19.00 9.42 8.62 8.82 8.48
72.00 238.29 553.43 4.00 9.00 32.00 7.14 6.43 8.49 17.52
80.33 106.47 647.31 7.00 8.00 37.00 4.57 6.75 3.87 15.10
57.39 352.21 438.98 5.00 15.00 30.00 6.92 6.41 12.01 17.15
52.22 413.56 489.02 6.00 16.00 20.00 7.25 7.87 14.15 7.33
55.31 425.75 585.01 7.00 14.00 25.00 7.98 8.89 14.20 8.88
53.25 426.60 504.64 4.00 19.00 31.00 7.64 7.94 4.83 16.00
64.75 288.67 652.95 7.00 16.00 33.00 6.88 8.49 5.54 13.60
69.78 223.84 632.02 10.00 15.00 40.00 6.24 7.63 5.20 12.84
55.56 360.60 509.07 8.00 19.00 25.00 6.80 7.73 8.15 9.46
49.61 472.59 474.93 9.00 17.00 18.00 7.86 8.08 8.56 9.03
59.83 371.86 430.16 7.00 13.00 38.00 7.75 6.02 10.48 11.22
60.94 369.59 318.00 2.00 13.00 55.00 7.90 4.35 0.83 22.73
80.56 188.96 458.43 2.00 6.00 78.00 8.12 4.75 0.00 37.73
84.08 105.93 507.79 2.00 9.00 79.00 5.57 5.04 0.00 44.72
87.03 80.17 589.54 3.00 9.00 70.00 5.18 5.67 7.06 15.25
76.22 209.66 573.85 3.00 10.00 48.00 7.38 6.31 6.98 13.55
67.72 316.27 546.14 4.00 12.00 25.00 8.21 6.75 9.90 11.78
76.28 267.62 657.16 4.00 4.00 25.00 9.47 7.21 9.46 13.57
74.36 275.34 709.17 4.00 6.00 18.00 9.01 7.98 9.05 10.94
72.11 256.74 747.64 4.00 12.00 16.00 7.73 8.67 5.87 11.91
70.72 263.55 709.74 4.00 15.00 19.00 7.53 8.40 10.92 8.26
74.81 233.88 667.46 3.00 14.00 25.00 7.76 7.46 12.34 15.33
68.83 274.88 554.53 2.00 18.00 30.00 7.36 6.73 8.83 19.33
81.89 163.81 603.94 2.00 11.00 47.00 7.56 6.15 0.00 4.33
91.78 50.56 678.83 1.00 6.00 52.00 5.14 6.19 0.00 0.00
84.89 95.00 612.55 5.00 10.00 51.00 5.29 6.05 4.12 30.57
80.47 139.89 570.37 4.00 7.00 46.00 6.01 5.95 5.89 10.86
63.58 297.78 478.28 7.00 8.00 27.00 6.86 6.33 9.05 8.71
46.78 455.71 353.24 7.00 12.00 19.00 7.17 6.35 9.64 8.90
