54.91 2525.45 2905.37 37.00 57.00 96.00 9.41 8.89 9.53 11.00
54.98 2383.19 2830.91 36.00 61.00 100.00 8.88 8.65 9.85 11.10
56.69 2241.53 2750.96 33.00 61.00 121.00 8.68 8.15 10.35 11.79
59.37 2077.26 2647.62 32.00 57.00 148.00 8.58 7.48 10.51 14.14
63.79 1780.98 2782.34 31.00 55.00 173.00 8.25 7.32 9.89 17.86
62.43 1799.15 2727.51 30.00 62.00 170.00 8.03 7.33 9.97 19.32
63.49 1728.84 2701.88 28.00 62.00 179.00 7.94 7.14 10.24 20.27
64.67 1618.75 2673.58 26.00 61.00 184.00 7.68 6.93 10.12 20.66
66.23 1529.94 2652.54 25.00 60.00 186.00 7.59 6.71 10.71 20.99
68.71 1380.19 2791.90 26.00 57.00 190.00 7.39 6.81 10.33 21.02
68.67 1368.77 2821.00 26.00 59.00 189.00 7.32 6.88 10.17 20.92
66.26 1473.50 2761.10 25.00 66.00 180.00 7.32 6.98 10.22 20.64
65.97 1555.20 2809.58 25.00 66.00 173.00 7.65 7.14 11.11 20.43
67.61 1506.77 2813.03 22.00 63.00 178.00 7.79 6.97 9.42 22.33
70.96 1290.91 2936.71 23.00 62.00 189.00 7.45 6.93 9.21 22.19
72.19 1223.82 2875.55 21.00 61.00 207.00 7.37 6.67 9.32 23.58
73.27 1180.02 2903.00 19.00 58.00 201.00 7.39 6.64 9.61 26.33
73.93 1175.16 2922.11 23.00 54.00 198.00 7.56 6.62 9.11 25.48
74.11 1142.13 2854.58 20.00 53.00 202.00 7.39 6.45 9.47 26.63
70.95 1297.75 2721.81 18.00 54.00 194.00 7.48 6.42 10.29 27.21
71.51 1275.05 2748.01 18.00 51.00 195.00 7.49 6.43 10.01 26.89
